Relationship,,2,2,2,16,16,16,32,32,32,64,64,64,113,113,113,128,128,128,177,177,177,209,209,209,225,225,225,241,241,241,1,1,1
K,,3,3,3,3,3,3,3,3,3,3,3,3,3,3,3,3,3,3,3,3,3,3,3,3,3,3,3,3,3,3,3,3,3
Cluster,,1,2,3,1,2,3,1,2,3,1,2,3,1,2,3,1,2,3,1,2,3,1,2,3,1,2,3,1,2,3,1,2,3
Position,Base,,,,,,,,,,,,,,,,,,,,,,,,,,,,,,,,,
1,G,3.57229196886623e-32,3.57229196886623e-32,3.528701636935532e-10,3.1318795335669973e-06,3.1318795335669973e-06,2.9150640892625316e-09,0.008475041744506554,0.008475041744506554,0.0033885035520304506,0.0,0.0,0.0,0.0,0.0,0.0,0.00013925368043906242,0.00013925368043906242,2.7771624014392183e-05,0.0008790075580544179,0.0008790075580544179,0.0002394514170137169,0.0,0.0,0.0,0.0,0.0,0.0,0.0,0.0,0.0,0.9905035651374665,0.9905035651374665,0.9963442701390072
2,T,4.977441320712581e-57,4.977441320712581e-57,1.238642490833127e-102,2.237810951913037e-43,2.237810951913037e-43,3.8346525915881446e-16,3.4930066508906252e-09,3.4930066508906252e-09,9.464039400147807e-25,1.4932974755413735e-05,1.4932974755413735e-05,9.607582367702026e-29,2.5408167115930027e-06,2.5408167115930027e-06,2.7075899331551706e-08,0.0,0.0,0.0,0.0,0.0,0.0,0.0,0.0,0.0,0.0,0.0,0.0,0.0,0.0,0.0,0.9999825227155265,0.9999825227155265,0.9999999729241004
3,T,7.260279799595544e-177,7.260279799595544e-177,8.70233361735856e-108,3.5754869847421184e-22,3.5754869847421184e-22,5.7578077727593544e-21,6.020015920326719e-10,6.020015920326719e-10,2.587745923900757e-11,1.1881825912366306e-11,1.1881825912366306e-11,2.667007805210698e-20,0.0018231143938004177,0.0018231143938004177,0.008117400985453013,0.0,0.0,0.0,0.0,0.0,0.0,0.0,0.0,0.0,0.0,0.0,0.0,0.0,0.0,0.0,0.9981768849923162,0.9981768849923162,0.9918825989886696
4,G,2.0150075525429526e-21,2.0150075525429526e-21,2.796463370389336e-13,0.00018095180464024332,0.00018095180464024332,1.4941223270708818e-12,2.16590142693309e-11,2.16590142693309e-11,4.152129386408295e-05,0.0,0.0,0.0,0.0,0.0,0.0,0.006265489552520136,0.006265489552520136,3.214395657287252e-05,0.0004371528504998863,0.0004371528504998863,5.673819869841135e-06,0.0,0.0,0.0,0.0,0.0,0.0,0.0,0.0,0.0,0.9931164057706807,0.9931164057706807,0.9999206609279193
5,T,3.942001272166016e-78,3.942001272166016e-78,1.4806171089340072e-31,0.000580330904016958,0.000580330904016958,1.6658949928030916e-07,1.596551728508241e-52,1.596551728508241e-52,4.736267623839728e-18,0.0003239402308796915,0.0003239402308796915,2.8936714927694096e-20,7.572238444454978e-06,7.572238444454978e-06,0.001043813414208379,0.0,0.0,0.0,0.0,0.0,0.0,0.0,0.0,0.0,0.0,0.0,0.0,0.0,0.0,0.0,0.9990881566266588,0.9990881566266588,0.9989560199962924
6,G,1.2801382752728603e-30,1.2801382752728603e-30,1.451799354189979e-42,1.1334653806881422e-05,1.1334653806881422e-05,1.2674039685137292e-08,7.51239233182939e-14,7.51239233182939e-14,7.720665118779473e-07,0.0,0.0,0.0,0.0,0.0,0.0,2.9708468671545283e-06,2.9708468671545283e-06,1.6346236628879651e-12,0.004169671098016114,0.004169671098016114,0.0007059653503339276,0.0,0.0,0.0,0.0,0.0,0.0,0.0,0.0,0.0,0.9958160234012348,0.9958160234012348,0.9992932499074799
7,C,1.2796995386756637e-08,5.75050382311263e-05,2.344683249735288e-13,0.0005247948609449556,0.021356568040205262,0.003968081347601437,0.0,0.0,0.0,0.00028111028415207567,0.021029042787550963,1.288613427604121e-05,0.0,0.0,0.0,0.005096559434210439,0.02713333066553726,0.0005654528895096087,0.0,0.0,0.0,1.9732065595971414e-05,0.0004274839904667665,0.00916588068329099,0.0,0.0,0.0,0.0,0.0,0.0,0.9940777905581012,0.9299960694780086,0.9862876989450875
8,C,9.090633226502292e-18,2.038107839248964e-08,1.3677049453727346e-22,0.007793431714361991,0.0038740409133943966,0.0013374100215971876,0.0,0.0,0.0,6.3414432997758e-06,0.004025461471134222,0.00035346162651881964,0.0,0.0,0.0,0.005153044561036246,0.0063226903186386725,0.001940126685376506,0.0,0.0,0.0,0.00021715272299846795,1.985967417076127e-06,2.3642131588538326e-12,0.0,0.0,0.0,0.0,0.0,0.0,0.9868300295583036,0.9857758009483373,0.9963690016641433
9,G,1.5881331780609817e-12,1.5881331780609817e-12,2.9011459410580888e-24,0.00016422699969981212,0.00016422699969981212,3.2758954155948535e-17,7.117932866958725e-08,7.117932866958725e-08,0.001199361490313575,0.0,0.0,0.0,0.0,0.0,0.0,0.0034083719429405714,0.0034083719429405714,8.147555024078855e-13,4.3191256189819596e-05,4.3191256189819596e-05,0.00018021955019647187,0.0,0.0,0.0,0.0,0.0,0.0,0.0,0.0,0.0,0.996384138620253,0.996384138620253,0.9986204189586751
10,C,2.2251366538184406e-22,2.2251366538184406e-22,2.127718143542575e-21,0.004040354177986532,0.004040354177986532,0.0011141932675875173,0.0,0.0,0.0,0.002488585889057783,0.002488585889057783,0.016054005388653144,0.0,0.0,0.0,0.007774883758214898,0.007774883758214898,0.030848020537335086,0.0,0.0,0.0,7.018965571491553e-05,7.018965571491553e-05,0.001347834973494869,0.0,0.0,0.0,0.0,0.0,0.0,0.9856259865190259,0.9856259865190259,0.9506359458329294
11,G,2.817281056916684e-08,2.817281056916684e-08,1.0661683241182356e-50,7.638489521321948e-12,7.638489521321948e-12,7.794021879468296e-06,0.0014154273593068405,0.0014154273593068405,9.090829797414454e-09,0.0,0.0,0.0,0.0,0.0,0.0,4.328296252285705e-07,4.328296252285705e-07,4.31224344951894e-11,2.9424430101685256e-06,2.9424430101685256e-06,4.32661182916068e-06,0.0,0.0,0.0,0.0,0.0,0.0,0.0,0.0,0.0,0.9985811691876088,0.9985811691876088,0.9999878702323391
12,A,0.00014336831191924824,0.00014336831191924824,0.04658307386856053,0.0,0.0,0.0,5.62189179709178e-06,5.62189179709178e-06,3.781720027609094e-06,0.015570748020418622,0.015570748020418622,0.007176244864847727,0.0,0.0,0.0,0.01904703122736116,0.01904703122736116,0.014773934692258071,0.0,0.0,0.0,0.0,0.0,0.0,0.00013287632929398315,0.00013287632929398315,0.0001019297953068229,0.0,0.0,0.0,0.9651003542192099,0.9651003542192099,0.9313610350589993
13,G,8.111187037367897e-23,8.111187037367897e-23,1.6386951271917055e-29,1.0767738106012868e-13,1.0767738106012868e-13,0.0010114863101089988,1.034230006534546e-13,1.034230006534546e-13,0.004935434922392161,0.0,0.0,0.0,0.0,0.0,0.0,1.5194161507078535e-06,1.5194161507078535e-06,4.948081321746931e-08,0.00482538385983246,0.00482538385983246,6.120925380415705e-08,0.0,0.0,0.0,0.0,0.0,0.0,0.0,0.0,0.0,0.9951730967238057,0.9951730967238057,0.9940529680774318
14,C,8.009128450809402e-15,8.009128450809402e-15,6.724641542239984e-06,0.03604072260709994,0.03604072260709994,0.0004703987083866547,0.0,0.0,0.0,0.010340627163734855,0.010340627163734855,0.0005085441984794408,0.0,0.0,0.0,0.050698406941252896,0.050698406941252896,0.020721181551764768,0.0,0.0,0.0,0.0017452874735554625,0.0017452874735554625,1.1014009573935567e-08,0.0,0.0,0.0,0.0,0.0,0.0,0.9011749558143489,0.9011749558143489,0.9782931398858172
15,A,2.3140275743640455e-06,2.3140275743640455e-06,3.4528547500911937e-06,0.0,0.0,0.0,0.0008196642766990392,0.0008196642766990392,0.011701416672373396,0.02000667852547439,0.02000667852547439,0.008336868225827496,0.0,0.0,0.0,0.08922203496310119,0.08922203496310119,0.02940418271729033,0.0,0.0,0.0,0.0,0.0,0.0,0.006417579976698893,0.006417579976698893,7.026799165637457e-05,0.0,0.0,0.0,0.883531728230452,0.883531728230452,0.9504838115381022
16,A,1.6182200232893472e-06,1.6182200232893472e-06,5.648545254932625e-13,0.0,0.0,0.0,0.001920756630629409,0.001920756630629409,0.00019350480678409615,0.002527678914095465,0.002527678914095465,0.01218363241784869,0.0,0.0,0.0,0.003529624181478095,0.003529624181478095,0.029887363436542864,0.0,0.0,0.0,0.0,0.0,0.0,0.0038781603353861454,0.0038781603353861454,0.001826174267639821,0.0,0.0,0.0,0.9881421617183875,0.9881421617183875,0.9559093250706198
17,A,0.00039610739927914553,0.00039610739927914553,0.0012103493739881476,0.0,0.0,0.0,7.065019447716392e-08,7.065019447716392e-08,0.0549473588043125,0.02857942164321667,0.02857942164321667,0.026599002859697404,0.0,0.0,0.0,0.0057629613250185785,0.0057629613250185785,0.04400141012792534,0.0,0.0,0.0,0.0,0.0,0.0,8.280819364892837e-05,8.280819364892837e-05,6.366284163153458e-05,0.0,0.0,0.0,0.9651786307886422,0.9651786307886422,0.8731782159924452
18,C,3.6765074014961707e-06,3.6765074014961707e-06,0.0012711226935456326,0.0013639518741893038,0.0013639518741893038,0.0005537105754129314,0.0,0.0,0.0,0.012221723942967038,0.012221723942967038,0.0023189018563098338,0.0,0.0,0.0,0.00850468629240591,0.00850468629240591,0.006240501531354935,0.0,0.0,0.0,2.0862515801402285e-11,2.0862515801402285e-11,0.0010628424639989894,0.0,0.0,0.0,0.0,0.0,0.0,0.9779059613621738,0.9779059613621738,0.9885529208793777
19,C,3.287279354239508e-08,3.287279354239508e-08,2.175876420423238e-14,0.027842565824843447,0.027842565824843447,0.004754077393787668,0.0,0.0,0.0,0.0015893821651458127,0.0015893821651458127,0.007971753074306621,0.0,0.0,0.0,0.02011582914837841,0.02011582914837841,0.007240740475217713,0.0,0.0,0.0,2.2539339584225623e-08,2.2539339584225623e-08,2.8071359801125305e-05,0.0,0.0,0.0,0.0,0.0,0.0,0.9504521674494993,0.9504521674494993,0.9800053576968653
20,A,2.4652229456898277e-06,2.4652229456898277e-06,4.993066480562252e-21,0.0,0.0,0.0,0.00034210282467994103,0.00034210282467994103,0.001879178861927207,0.020673574673539925,0.020673574673539925,0.0017548992641303908,0.0,0.0,0.0,0.048694066973246145,0.048694066973246145,0.00498194863193779,0.0,0.0,0.0,0.0,0.0,0.0,0.006051662126183447,0.006051662126183447,0.0004430439293228065,0.0,0.0,0.0,0.9242361281794048,0.9242361281794048,0.9909409293126817
21,A,1.1978050270874104e-09,1.1978050270874104e-09,4.17620870371191e-05,0.0,0.0,0.0,6.503044684295639e-05,6.503044684295639e-05,0.006770090127188702,0.013286481299415526,0.013286481299415526,0.005624685971874064,0.0,0.0,0.0,0.020498807373258855,0.020498807373258855,0.0037638479665993347,0.0,0.0,0.0,0.0,0.0,0.0,0.010971381718844448,0.010971381718844448,2.671539379245806e-07,0.0,0.0,0.0,0.9551782979638331,0.9551782979638331,0.9837993466933629
22,T,2.5919188174119526e-262,2.5919188174119526e-262,1.4154026659482876e-194,0.0007185146303133285,0.0007185146303133285,1.3894528391643628e-06,2.6674441799227e-16,2.6674441799227e-16,7.068630712492616e-09,8.75794355990052e-50,8.75794355990052e-50,1.7094160737129274e-25,2.5080484763668555e-06,2.5080484763668555e-06,5.52311126097235e-06,0.0,0.0,0.0,0.0,0.0,0.0,0.0,0.0,0.0,0.0,0.0,0.0,0.0,0.0,0.0,0.99927897732121,0.99927897732121,0.9999930803672691
23,T,1.3514496252385874e-147,1.3514496252385874e-147,1.7906387407334886e-222,5.989065046012909e-76,5.989065046012909e-76,7.402885050443435e-147,2.7247692698927534e-22,2.7247692698927534e-22,2.135088665967326e-10,1.4121182727686864e-12,1.4121182727686864e-12,8.291785208387705e-10,9.10105567869506e-05,9.10105567869506e-05,3.915032912792861e-07,0.0,0.0,0.0,0.0,0.0,0.0,0.0,0.0,0.0,0.0,0.0,0.0,0.0,0.0,0.0,0.999908989441801,0.999908989441801,0.9999996074540214
24,A,4.709594440573411e-05,4.709594440573411e-05,1.7453158736390944e-09,0.0,0.0,0.0,0.011631145411931306,0.011631145411931306,0.0020677651647151973,0.008280055807778831,0.008280055807778831,0.0001385591910475818,0.0,0.0,0.0,0.03552643618262014,0.03552643618262014,0.013437733896828386,0.0,0.0,0.0,0.0,0.0,0.0,0.0004851254361157483,0.0004851254361157483,0.005255341679924664,0.0,0.0,0.0,0.9440301412171481,0.9440301412171481,0.9791005983221684
25,T,2.153439422940015e-34,2.153439422940015e-34,6.204304369021968e-296,7.811831865450785e-09,7.811831865450785e-09,6.394883671201597e-50,3.773254463183362e-05,3.773254463183362e-05,1.2882543535658484e-83,1.8644974895728457e-09,1.8644974895728457e-09,7.040899787447249e-39,0.003162393920368521,0.003162393920368521,0.0011911810589557668,0.0,0.0,0.0,0.0,0.0,0.0,0.0,0.0,0.0,0.0,0.0,0.0,0.0,0.0,0.0,0.9967998638586704,0.9967998638586704,0.9988088189410442
26,T,1.3027378321065907e-202,1.3027378321065907e-202,2.688156908017218e-49,3.6132947702930215e-21,3.6132947702930215e-21,2.6756909604754777e-34,6.132564983595466e-07,6.132564983595466e-07,3.97373504409989e-17,6.428706798058879e-06,6.428706798058879e-06,1.1570850707552278e-10,1.2927058657475548e-05,1.2927058657475548e-05,3.370448336717957e-08,0.0,0.0,0.0,0.0,0.0,0.0,0.0,0.0,0.0,0.0,0.0,0.0,0.0,0.0,0.0,0.9999800309780461,0.9999800309780461,0.9999999661798081
27,A,6.253043731382694e-05,6.253043731382694e-05,7.850785052156171e-07,0.0,0.0,0.0,0.009559186158128088,0.009559186158128088,0.0008498687455585638,0.0004336962371923723,0.0004336962371923723,0.008372669881305283,0.0,0.0,0.0,0.002412728685976241,0.002412728685976241,0.0017693188694002115,0.0,0.0,0.0,0.0,0.0,0.0,0.006381641241560305,0.006381641241560305,2.9780936075705878e-06,0.0,0.0,0.0,0.9811502172398292,0.9811502172398292,0.9890043793316231
28,G,1.621304500246158e-10,1.621304500246158e-10,2.775874523864909e-48,0.00033208342750904287,0.00033208342750904287,2.807601444668097e-05,0.0003237705712015222,0.0003237705712015222,2.630679064277292e-05,0.0,0.0,0.0,0.0,0.0,0.0,0.0005198340075854317,0.0005198340075854317,0.0007312404237138325,0.0007098629595688362,0.0007098629595688362,0.0042400626404346334,0.0,0.0,0.0,0.0,0.0,0.0,0.0,0.0,0.0,0.9981144488720048,0.9981144488720048,0.994974314130762
29,T,2.0390634891337982e-05,2.0390634891337982e-05,5.23000886770641e-67,8.527519659980484e-06,8.527519659980484e-06,4.795550715016479e-07,7.12781440364318e-14,7.12781440364318e-14,4.4326337289410956e-33,3.183739007676664e-05,3.183739007676664e-05,1.1216775223457173e-34,0.00044736225396541963,0.00044736225396541963,0.0024972102103886637,0.0,0.0,0.0,0.0,0.0,0.0,0.0,0.0,0.0,0.0,0.0,0.0,0.0,0.0,0.0,0.9994918822013352,0.9994918822013352,0.99750231023454
30,C,7.337564154101468e-25,7.337564154101468e-25,2.442620829382423e-05,0.02407154817566693,0.02407154817566693,0.0038318897710245157,0.0,0.0,0.0,0.0019154531304227565,0.0019154531304227565,0.007618881889059352,0.0,0.0,0.0,0.003721684094862972,0.003721684094862972,0.004547250630767525,0.0,0.0,0.0,0.00193770529507941,0.00193770529507941,2.6201461831103044e-09,0.0,0.0,0.0,0.0,0.0,0.0,0.9683536093039679,0.9683536093039679,0.9839775488807085
31,G,6.201187368714584e-67,6.201187368714584e-67,6.5124470245617624e-06,3.584185966060061e-14,3.584185966060061e-14,0.021639431321395525,7.345446117051121e-05,7.345446117051121e-05,5.271877471288053e-07,0.0,0.0,0.0,0.0,0.0,0.0,0.00012411308865168422,0.00012411308865168422,0.0009032968319432321,7.373080253750853e-12,7.373080253750853e-12,7.326156128774575e-08,0.0,0.0,0.0,0.0,0.0,0.0,0.0,0.0,0.0,0.9998024324427689,0.9998024324427689,0.9774501589503283
32,G,1.1600902056750669e-116,1.1600902056750669e-116,1.0018363303855079e-169,1.765314072269783e-09,1.765314072269783e-09,4.4382511136345953e-07,4.417269759367477e-07,4.417269759367477e-07,0.00045174905371923136,0.0,0.0,0.0,0.0,0.0,0.0,0.0002183693035054146,0.0002183693035054146,3.6109069126753163e-07,6.181723548863412e-06,6.181723548863412e-06,0.007031901360128294,0.0,0.0,0.0,0.0,0.0,0.0,0.0,0.0,0.0,0.9997750054806558,0.9997750054806558,0.9925155446703499
33,G,2.007936729976302e-55,2.007936729976302e-55,2.29650484107018e-10,8.048927153912527e-27,8.048927153912527e-27,0.002294785984836763,0.0014105385234481965,0.0014105385234481965,2.9535136602496744e-05,0.0,0.0,0.0,0.0,0.0,0.0,9.634999737155554e-07,9.634999737155554e-07,1.7641303589664955e-12,0.008185659775791323,0.008185659775791323,7.250540492236134e-06,0.0,0.0,0.0,0.0,0.0,0.0,0.0,0.0,0.0,0.9904028382007868,0.9904028382007868,0.997668428106654
34,T,6.684311665033204e-141,6.684311665033204e-141,1.8545977439802136e-111,0.010287316226682271,0.010287316226682271,2.2003736510005925e-10,1.7571213400828694e-05,1.7571213400828694e-05,7.403902331861168e-29,3.071854717551085e-17,3.071854717551085e-17,8.928679307919303e-06,2.2982816895248335e-09,2.2982816895248335e-09,0.00019215601385204226,0.0,0.0,0.0,0.0,0.0,0.0,0.0,0.0,0.0,0.0,0.0,0.0,0.0,0.0,0.0,0.9896951102616351,0.9896951102616351,0.9997989150868027
35,T,1.6369696722491758e-58,1.6369696722491758e-58,1.3829501559067146e-15,9.459488255847068e-13,9.459488255847068e-13,0.0007055873910909964,4.651579557490312e-40,4.651579557490312e-40,9.26374118081361e-05,3.4056162345232685e-07,3.4056162345232685e-07,3.096685862747608e-09,0.0007834452123707719,0.0007834452123707719,0.004182977347419785,0.0,0.0,0.0,0.0,0.0,0.0,0.0,0.0,0.0,0.0,0.0,0.0,0.0,0.0,0.0,0.9992162142250597,0.9992162142250597,0.9950187947529938
36,G,3.4927862678592907e-22,3.4927862678592907e-22,4.940081213909697e-37,1.0348044883500374e-07,1.0348044883500374e-07,0.0013637693502455968,5.646725479069858e-08,5.646725479069858e-08,4.996649118727425e-10,0.0,0.0,0.0,0.0,0.0,0.0,8.981900338275788e-24,8.981900338275788e-24,1.684191890550685e-08,0.0020864319386908166,0.0020864319386908166,0.0011754072929336128,0.0,0.0,0.0,0.0,0.0,0.0,0.0,0.0,0.0,0.9979134081136056,0.9979134081136056,0.9974608060152369
37,G,4.483712185582036e-21,4.483712185582036e-21,1.3956903043156574e-05,0.001600202422436897,0.001600202422436897,2.0444631323381718e-12,9.625233832779044e-05,9.625233832779044e-05,2.9265723030625806e-10,0.0,0.0,0.0,0.0,0.0,0.0,2.8062356331478046e-07,2.8062356331478046e-07,1.616256278023205e-10,0.00010912095910106197,0.00010912095910106197,0.001776124842569762,0.0,0.0,0.0,0.0,0.0,0.0,0.0,0.0,0.0,0.998194143656571,0.998194143656571,0.9982099177980597
38,G,1.1499327186055626e-41,1.1499327186055626e-41,1.2143344292424084e-17,1.0295549815813242e-23,1.0295549815813242e-23,6.580720888483102e-05,3.3682041765636205e-06,3.3682041765636205e-06,0.0008885509837463697,0.0,0.0,0.0,0.0,0.0,0.0,1.9298130380914208e-07,1.9298130380914208e-07,0.0003430817236160973,0.00027637624704974736,0.00027637624704974736,1.6051937159707516e-05,0.0,0.0,0.0,0.0,0.0,0.0,0.0,0.0,0.0,0.9997200625674699,0.9997200625674699,0.9986865081465931
39,G,8.857885437590488e-20,8.857885437590488e-20,6.497249948127677e-16,0.02189655627068098,0.02189655627068098,9.427432739609675e-07,4.3695730747866176e-05,4.3695730747866176e-05,4.098952413059724e-06,0.0,0.0,0.0,0.0,0.0,0.0,4.500590759791712e-26,4.500590759791712e-26,4.307496897108535e-05,0.0002033084145008161,0.0002033084145008161,0.005115503939905164,0.0,0.0,0.0,0.0,0.0,0.0,0.0,0.0,0.0,0.9778564395840703,0.9778564395840703,0.994836379395436
40,G,1.0662750886607169e-11,1.0662750886607169e-11,7.08834447010045e-16,3.4841104423395787e-07,3.4841104423395787e-07,1.1048781307777431e-11,3.8206489344269937e-07,3.8206489344269937e-07,7.569399371718424e-05,0.0,0.0,0.0,0.0,0.0,0.0,3.336393492474304e-05,3.336393492474304e-05,0.00011624368182563566,0.0011586412223254265,0.0011586412223254265,0.0016457139262551453,0.0,0.0,0.0,0.0,0.0,0.0,0.0,0.0,0.0,0.9988072643561493,0.9988072643561493,0.9981623483871526
41,C,7.381621916351597e-08,6.902268874117607e-12,2.358506468091614e-12,0.00085208695628041,0.0003915236758893476,0.002607697820171782,0.0,0.0,0.0,0.007517117362646834,0.001019797391746629,0.0012483292394522589,0.0,0.0,0.0,0.005568065425769851,0.0069723474280447935,0.018717026640480826,0.0,0.0,0.0,0.00048171239995595385,0.0001912476571112923,0.00039049831203375395,0.0,0.0,0.0,0.0,0.0,0.0,0.9855809440391278,0.9914250838403057,0.9770364479855028
42,C,2.186665949168694e-16,4.250062751439903e-08,4.173185515129746e-06,0.0014678155813817348,1.3913859508797892e-05,0.02251797646560399,0.0,0.0,0.0,0.0009123660540804713,0.000206430968475838,0.012469143525097249,0.0,0.0,0.0,0.022687772116816152,0.00641135798459135,0.024768407432827315,0.0,0.0,0.0,0.00045474280040155136,7.788735745226772e-10,5.5251004222352045e-05,0.0,0.0,0.0,0.0,0.0,0.0,0.9744773034473199,0.9933682539079229,0.940185048386734
43,T,1.605229361811906e-41,5.635016593334314e-52,1.3880148126175633e-27,4.84356271586339e-26,7.275074692073888e-09,3.134461585658383e-17,3.238193921828266e-39,6.451989985519327e-21,9.207793868896062e-05,1.970574684758619e-05,2.806597321145031e-28,1.601019851509589e-44,0.00042555853134004855,1.973938033177624e-05,0.008189568668988149,0.0,0.0,0.0,0.0,0.0,0.0,0.0,0.0,0.0,0.0,0.0,0.0,0.0,0.0,0.0,0.9995547357218125,0.9999802533445935,0.9917183533923228
44,T,1.2280637279498883e-114,9.097201984631903e-116,1.284760381338662e-262,3.357092477946554e-16,5.981576108648672e-10,5.5327220007501286e-39,1.0218786405123323e-22,8.540827614342562e-45,5.955573174188997e-57,4.752919534458072e-61,3.956664129281932e-15,1.0754181946931744e-22,0.006093264300540697,0.007137113475431343,0.0011611557947795673,0.0,0.0,0.0,0.0,0.0,0.0,0.0,0.0,0.0,0.0,0.0,0.0,0.0,0.0,0.0,0.9939067356994589,0.9928628859264069,0.9988388442052204
45,T,1.342454246122981e-225,3.313567379177273e-165,8.582138076777082e-58,0.00015641369707358478,7.433893664609106e-21,0.005087550750795083,4.866749553582038e-52,1.1768617959861317e-10,9.17058089498649e-30,2.1147396520049584e-09,4.850276427864675e-14,1.0991505573147149e-14,0.0033551459894272336,0.010484210114840528,0.00439442181853673,0.0,0.0,0.0,0.0,0.0,0.0,0.0,0.0,0.0,0.0,0.0,0.0,0.0,0.0,0.0,0.9964884381987594,0.9895157897674248,0.9905180274306572
46,A,9.647945289310413e-09,9.647945289310413e-09,4.247929920042723e-09,0.0,0.0,0.0,0.002208443731664428,0.002208443731664428,0.0014338452854720965,0.00019839270386667852,0.00019839270386667852,0.032115740240393334,0.0,0.0,0.0,0.005702367805089023,0.005702367805089023,0.02901094912671993,0.0,0.0,0.0,0.0,0.0,0.0,0.00045458298709832965,0.00045458298709832965,0.004507577687041502,0.0,0.0,0.0,0.9914362031243362,0.9914362031243362,0.9329318834124433
47,C,3.729285613158483e-33,3.729285613158483e-33,0.000763633089950727,0.0030483024133958693,0.0030483024133958693,0.002171959042949969,0.0,0.0,0.0,0.0223486053814393,0.0223486053814393,0.004237642403739842,0.0,0.0,0.0,0.03848193257428274,0.03848193257428274,0.0995214861475886,0.0,0.0,0.0,8.18811090436704e-06,8.18811090436704e-06,3.354579404828707e-05,0.0,0.0,0.0,0.0,0.0,0.0,0.9361129715199776,0.9361129715199776,0.8932717335217225
48,G,1.4825285116800424e-54,1.4825285116800424e-54,7.070958789247549e-44,0.00011781469001212603,0.00011781469001212603,0.07171288757647805,0.0004909738693094321,0.0004909738693094321,1.5733889110855747e-05,0.0,0.0,0.0,0.0,0.0,0.0,0.007317233113443155,0.007317233113443155,6.594494986619208e-08,0.0031333574542117986,0.0031333574542117986,0.005090530665804712,0.0,0.0,0.0,0.0,0.0,0.0,0.0,0.0,0.0,0.9889406208730234,0.9889406208730234,0.9231807819236565
49,T,5.1573913086118816e-132,5.1573913086118816e-132,0.0,3.2440849668756354e-20,3.2440849668756354e-20,1.1576301730694176e-38,9.14636749764911e-13,9.14636749764911e-13,2.3166348822987708e-35,1.9673245340220005e-06,1.9673245340220005e-06,1.2819963316548818e-23,2.086053179444009e-05,2.086053179444009e-05,0.008278068843414066,0.0,0.0,0.0,0.0,0.0,0.0,0.0,0.0,0.0,0.0,0.0,0.0,0.0,0.0,0.0,0.9999771721427569,0.9999771721427569,0.991721931156586
50,C,2.8464536065404324e-11,2.8464536065404324e-11,0.00043230424687542847,0.00010549181526425821,0.00010549181526425821,0.0010446563626708941,0.0,0.0,0.0,0.0003342924232521414,0.0003342924232521414,0.0055113595273587465,0.0,0.0,0.0,0.011670830012294024,0.011670830012294024,0.0068333923687137815,0.0,0.0,0.0,0.0005231201461547606,0.0005231201461547606,0.0001469665356410902,0.0,0.0,0.0,0.0,0.0,0.0,0.9873662655745703,0.9873662655745703,0.98603132095874
51,T,0.001787718214060717,0.001787718214060717,0.0010946440266312136,5.671920623856352e-09,5.671920623856352e-09,1.3419113732281852e-56,2.2564313136624393e-17,2.2564313136624393e-17,1.6823264499582276e-14,2.851897671187998e-27,2.851897671187998e-27,9.826836953245029e-41,0.00028669282336387986,0.00028669282336387986,0.0001183801388990181,0.0,0.0,0.0,0.0,0.0,0.0,0.0,0.0,0.0,0.0,0.0,0.0,0.0,0.0,0.0,0.9979255832906546,0.9979255832906546,0.9987869758344531
52,C,8.479970988368712e-15,8.479970988368712e-15,5.580792779531142e-10,0.004544793190079259,0.004544793190079259,0.007733800838618946,0.0,0.0,0.0,0.01256566434006596,0.01256566434006596,0.01313174311957181,0.0,0.0,0.0,0.011612195981587671,0.011612195981587671,0.015307109082620585,0.0,0.0,0.0,0.004732207246688431,0.004732207246688431,3.4753169746973846e-05,0.0,0.0,0.0,0.0,0.0,0.0,0.9665451392415703,0.9665451392415703,0.9637925932313622
53,T,0.0,0.0,7.144132304588833e-07,0.00043167199340495135,0.00043167199340495135,1.9739563086448578e-24,3.025110980745248e-83,3.025110980745248e-83,2.096429235032463e-06,2.636796575715899e-38,2.636796575715899e-38,3.363542713678634e-30,0.000981426887889566,0.000981426887889566,1.2263249992073013e-06,0.0,0.0,0.0,0.0,0.0,0.0,0.0,0.0,0.0,0.0,0.0,0.0,0.0,0.0,0.0,0.9985869011187055,0.9985869011187055,0.9999959628325353
54,C,2.5971419017933467e-06,2.5971419017933467e-06,4.992815054064798e-08,0.009044477934120077,0.009044477934120077,0.0024846690169613717,0.0,0.0,0.0,0.000422762823601236,0.000422762823601236,3.3567303937861364e-06,0.0,0.0,0.0,0.015550129587633169,0.015550129587633169,0.014405302864804558,0.0,0.0,0.0,0.00023350291049782965,0.00023350291049782965,0.005195024039236389,0.0,0.0,0.0,0.0,0.0,0.0,0.9747465296022458,0.9747465296022458,0.9779115974204533
55,C,0.00153972979956558,0.00153972979956558,5.952735405740107e-29,0.00047771217456398293,0.00047771217456398293,0.00011494871734137503,0.0,0.0,0.0,0.00023874603228136947,0.00023874603228136947,0.003329452036966709,0.0,0.0,0.0,0.01944305653695735,0.01944305653695735,0.011072714881972328,0.0,0.0,0.0,0.005555335067243886,0.005555335067243886,6.095108629923609e-06,0.0,0.0,0.0,0.0,0.0,0.0,0.9727454203893878,0.9727454203893878,0.9854767892550897
56,T,3.1291969929545046e-55,3.1291969929545046e-55,2.8136117511440458e-61,3.589700180081478e-17,3.589700180081478e-17,1.7721309126836435e-05,1.7091815303154584e-09,1.7091815303154584e-09,1.218499000113832e-07,4.3442282055963564e-29,4.3442282055963564e-29,1.5461604432157593e-27,0.00010027571105237521,0.00010027571105237521,0.0001226779873997048,0.0,0.0,0.0,0.0,0.0,0.0,0.0,0.0,0.0,0.0,0.0,0.0,0.0,0.0,0.0,0.999899722579766,0.999899722579766,0.9998594788535735
57,C,3.637938019792538e-06,3.637938019792538e-06,1.2068435116312835e-32,0.0021322903485312002,0.0021322903485312002,0.014705998037211737,0.0,0.0,0.0,7.589934615336893e-07,7.589934615336893e-07,0.0013581559403462822,0.0,0.0,0.0,0.0033612627329137066,0.0033612627329137066,0.007483626930237788,0.0,0.0,0.0,0.001521661583045756,0.001521661583045756,3.644475378590635e-05,0.0,0.0,0.0,0.0,0.0,0.0,0.992980388404028,0.992980388404028,0.9764157743384182
58,T,0.0,0.0,7.568825106086191e-39,3.099674623153644e-20,3.099674623153644e-20,5.2523448619389645e-09,6.725709733856747e-23,6.725709733856747e-23,1.813796918856777e-33,2.254083303614738e-62,2.254083303614738e-62,0.0007695287289648889,0.000831921085609461,0.000831921085609461,0.0002706707500018725,0.0,0.0,0.0,0.0,0.0,0.0,0.0,0.0,0.0,0.0,0.0,0.0,0.0,0.0,0.0,0.9991680789143904,0.9991680789143904,0.9989597952686884
59,A,2.0481370598672887e-05,2.0481370598672887e-05,4.828681723923988e-07,0.0,0.0,0.0,5.3138405402362984e-05,5.3138405402362984e-05,0.010725834425727814,0.0189336180568164,0.0189336180568164,0.05849176418280156,0.0,0.0,0.0,0.031261715770983925,0.031261715770983925,0.01966893412078487,0.0,0.0,0.0,0.0,0.0,0.0,5.756993045977167e-05,5.756993045977167e-05,0.003096228273644299,0.0,0.0,0.0,0.9496734764657389,0.9496734764657389,0.908016756128869
60,G,2.1142918252362882e-21,2.1142918252362882e-21,3.0146469900645345e-06,0.0002603369879437856,0.0002603369879437856,4.7010579679785104e-26,9.98713544928209e-07,9.98713544928209e-07,2.7209091581994944e-09,0.0,0.0,0.0,0.0,0.0,0.0,1.8719310416641272e-10,1.8719310416641272e-10,3.841082286698156e-06,0.0008986493675400583,0.0008986493675400583,1.1294053829328186e-07,0.0,0.0,0.0,0.0,0.0,0.0,0.0,0.0,0.0,0.9988400147437783,0.9988400147437783,0.9999930286092756
61,A,0.0012608622393193607,0.0012608622393193607,2.441319640884953e-10,0.0,0.0,0.0,0.0004477072095186655,0.0004477072095186655,0.01346863690084205,0.001558570016173109,0.001558570016173109,0.0016593871504344527,0.0,0.0,0.0,0.05838807373237288,0.05838807373237288,0.008610357996550688,0.0,0.0,0.0,0.0,0.0,0.0,0.00028981307737411936,0.00028981307737411936,0.000621163318408168,0.0,0.0,0.0,0.9380549737252418,0.9380549737252418,0.9756404543896329
62,A,2.389761019977727e-07,2.389761019977727e-07,7.598469849972121e-08,0.0,0.0,0.0,0.00413794193829052,0.00413794193829052,0.017122862591350877,0.0020437920246187055,0.0020437920246187055,0.0005011633469096179,0.0,0.0,0.0,0.01336897802916356,0.01336897802916356,0.006866097728287494,0.0,0.0,0.0,0.0,0.0,0.0,0.00014320314314096255,0.00014320314314096255,5.0087016214340854e-05,0.0,0.0,0.0,0.9803058458886843,0.9803058458886843,0.9754597133325391
63,T,2.4141901542195344e-82,2.4141901542195344e-82,1.0157686641683527e-113,2.1929158067340767e-22,2.1929158067340767e-22,2.1934190335285984e-37,2.478547637928566e-07,2.478547637928566e-07,0.00027131106416286707,3.917490945917291e-18,3.917490945917291e-18,1.101529583177537e-12,0.010631564938181638,0.010631564938181638,0.014368377394143598,0.0,0.0,0.0,0.0,0.0,0.0,0.0,0.0,0.0,0.0,0.0,0.0,0.0,0.0,0.0,0.9893681872070546,0.9893681872070546,0.9853603115405921
64,C,3.3876659011134893e-06,3.3876659011134893e-06,4.062195692703706e-21,0.005890575550157344,0.005890575550157344,0.0003056395035785057,0.0,0.0,0.0,0.0023261264835794664,0.0023261264835794664,0.00015793380452840635,0.0,0.0,0.0,0.014021917630035432,0.014021917630035432,0.0018443639039867356,0.0,0.0,0.0,0.0012527818539549804,0.0012527818539549804,3.899872594988816e-05,0.0,0.0,0.0,0.0,0.0,0.0,0.9765052108163718,0.9765052108163718,0.9976530640619564
65,A,8.39338496851053e-06,8.39338496851053e-06,3.5273025150427774e-05,0.0,0.0,0.0,0.017153516902713457,0.017153516902713457,0.0003714960803910932,0.0011271343064624146,0.0011271343064624146,0.009592137556594525,0.0,0.0,0.0,0.00023731557704483993,0.00023731557704483993,0.022280596337855185,0.0,0.0,0.0,0.0,0.0,0.0,0.035896879638406064,0.035896879638406064,0.008538199081560668,0.0,0.0,0.0,0.9455767601904046,0.9455767601904046,0.9591822979184481
66,T,1.4742819743256642e-116,1.4742819743256642e-116,0.00031317148524065793,3.3184281921280527e-07,3.3184281921280527e-07,9.226143629894537e-25,7.720904324839723e-05,7.720904324839723e-05,1.006807652733676e-11,1.1001654694131198e-07,1.1001654694131198e-07,3.597664807641149e-19,0.007247312087455395,0.007247312087455395,0.006247379009255873,0.0,0.0,0.0,0.0,0.0,0.0,0.0,0.0,0.0,0.0,0.0,0.0,0.0,0.0,0.0,0.99267503700993,0.99267503700993,0.9934394494954354
67,G,1.4235924227506465e-09,1.4235924227506465e-09,1.8696399721406952e-50,1.7726946566612855e-05,1.7726946566612855e-05,0.010045205856556612,0.00015406506639759182,0.00015406506639759182,0.0013684261203605462,0.0,0.0,0.0,0.0,0.0,0.0,1.6247319975717066e-11,1.6247319975717066e-11,1.8178418789179723e-13,0.00032559715161157107,0.00032559715161157107,7.550688289565985e-05,0.0,0.0,0.0,0.0,0.0,0.0,0.0,0.0,0.0,0.9995026093955843,0.9995026093955843,0.9885108611400054
68,A,8.916565085624677e-07,8.916565085624677e-07,1.4886471735313223e-05,0.0,0.0,0.0,0.00023559963289561213,0.00023559963289561213,0.0013231794684152296,0.004072003554554732,0.004072003554554732,0.0019594663851633548,0.0,0.0,0.0,0.04078710284396556,0.04078710284396556,0.014788764623624913,0.0,0.0,0.0,0.0,0.0,0.0,0.005653779700999274,0.005653779700999274,0.005679078199246569,0.0,0.0,0.0,0.9492506226110762,0.9492506226110762,0.9762346248518147
69,C,1.841307893446305e-07,1.841307893446305e-07,2.409705911232873e-23,0.031588554398730775,0.031588554398730775,0.0003408038727525228,0.0,0.0,0.0,0.008254048769829044,0.008254048769829044,0.0026535063584567815,0.0,0.0,0.0,0.06499559916013413,0.06499559916013413,0.001474942347603556,0.0,0.0,0.0,0.0023081002811402703,0.0023081002811402703,0.013129513077313953,0.0,0.0,0.0,0.0,0.0,0.0,0.8928535132593762,0.8928535132593762,0.9824012343438732
70,T,3.7223429105574927e-187,3.7223429105574927e-187,5.408356123714286e-150,4.1041547290913776e-05,4.1041547290913776e-05,3.6382988462310067e-09,2.31385398284747e-33,2.31385398284747e-33,1.0135116723661262e-28,3.9277361951880354e-07,3.9277361951880354e-07,5.203615239069371e-09,0.000577487212461795,0.000577487212461795,0.000804111650935782,0.0,0.0,0.0,0.0,0.0,0.0,0.0,0.0,0.0,0.0,0.0,0.0,0.0,0.0,0.0,0.9993810784666278,0.9993810784666278,0.9991958795071502
71,G,1.925495831594306e-60,1.925495831594306e-60,8.468608821973134e-78,1.3133255300232603e-07,1.3133255300232603e-07,0.001041897669389161,6.428741927389357e-21,6.428741927389357e-21,6.720704210957899e-05,0.0,0.0,0.0,0.0,0.0,0.0,3.0127079531273553e-30,3.0127079531273553e-30,0.00020993038867379014,6.934199590076052e-07,6.934199590076052e-07,0.006960813390826411,0.0,0.0,0.0,0.0,0.0,0.0,0.0,0.0,0.0,0.9999991752474879,0.9999991752474879,0.9917201515090011
72,T,8.02333698018818e-209,8.02333698018818e-209,2.1784806065879662e-07,3.889609933090177e-14,3.889609933090177e-14,1.3069228303950975e-45,1.531125722710496e-11,1.531125722710496e-11,8.213318206339615e-44,2.6150666131866405e-37,2.6150666131866405e-37,0.00013113209639144596,3.0221840273560686e-07,3.0221840273560686e-07,6.7922404716352306e-06,0.0,0.0,0.0,0.0,0.0,0.0,0.0,0.0,0.0,0.0,0.0,0.0,0.0,0.0,0.0,0.9999996977662471,0.9999996977662471,0.9998618578150763
73,A,3.9368208339329085e-07,3.9368208339329085e-07,8.516277562663702e-09,0.0,0.0,0.0,0.0001007045433799384,0.0001007045433799384,0.002076753752100928,0.00136214842197279,0.00136214842197279,0.003930901825946009,0.0,0.0,0.0,0.00427169844187793,0.00427169844187793,0.03643738283356093,0.0,0.0,0.0,0.0,0.0,0.0,7.255707844687304e-05,7.255707844687304e-05,0.006958894093024402,0.0,0.0,0.0,0.9941924978322391,0.9941924978322391,0.9505960589790902
74,G,3.1506572735250476e-94,3.1506572735250476e-94,3.4919334719908086e-27,0.0012256573324879957,0.0012256573324879957,0.00010946162551098466,9.503425545408794e-06,9.503425545408794e-06,3.7740995258091605e-26,0.0,0.0,0.0,0.0,0.0,0.0,0.000281278550716595,0.000281278550716595,1.5755138065917538e-19,7.061583857693063e-10,7.061583857693063e-10,8.556717750759456e-06,0.0,0.0,0.0,0.0,0.0,0.0,0.0,0.0,0.0,0.9984835599850916,0.9984835599850916,0.9998819816567383
75,A,7.678730791291559e-07,7.678730791291559e-07,0.020317592816337972,0.0,0.0,0.0,0.0009654034020012198,0.0009654034020012198,0.006260478784749788,0.011609921545931191,0.011609921545931191,0.005086655359106345,0.0,0.0,0.0,0.002772488298377096,0.002772488298377096,0.0069629844950022625,0.0,0.0,0.0,0.0,0.0,0.0,0.010888645141331341,0.010888645141331341,1.7992126128616947e-05,0.0,0.0,0.0,0.97376277373928,0.97376277373928,0.9613542964186751
76,T,1.8743416407394178e-97,1.8743416407394178e-97,9.900249659179567e-76,9.743039162328948e-12,9.743039162328948e-12,0.027047446547042334,7.734970937354841e-06,7.734970937354841e-06,8.530027784077508e-23,1.3148250779280774e-39,1.3148250779280774e-39,6.104591668763644e-17,2.8401942101273327e-06,2.8401942101273327e-06,5.6810261218236054e-05,0.0,0.0,0.0,0.0,0.0,0.0,0.0,0.0,0.0,0.0,0.0,0.0,0.0,0.0,0.0,0.9999894248251096,0.9999894248251096,0.9728957431917393
77,G,5.2703952173531495e-21,5.2703952173531495e-21,6.817723578592859e-07,0.012516966765211647,0.012516966765211647,2.592898662149876e-05,1.831974876312984e-06,1.831974876312984e-06,3.957240919653413e-05,0.0,0.0,0.0,0.0,0.0,0.0,0.0003628890416471684,0.0003628890416471684,6.787844250854553e-09,0.005243240341581217,0.005243240341581217,0.00017410174375972204,0.0,0.0,0.0,0.0,0.0,0.0,0.0,0.0,0.0,0.9818750718766838,0.9818750718766838,0.99975970830022
78,T,8.043041911837333e-226,8.043041911837333e-226,0.0,2.1264770633722548e-05,2.1264770633722548e-05,2.2791106879439824e-05,2.666278130618133e-12,2.666278130618133e-12,5.547308273518863e-10,4.84699505060894e-38,4.84699505060894e-38,0.00022345781327966154,8.861216622083343e-05,8.861216622083343e-05,1.1683802846577264e-05,0.0,0.0,0.0,0.0,0.0,0.0,0.0,0.0,0.0,0.0,0.0,0.0,0.0,0.0,0.0,0.9998901230604792,0.9998901230604792,0.9997420667222635
79,T,1.47380118937127e-242,6.954890224379528e-125,3.465358256597671e-111,0.004166769074992459,1.8894937225870788e-24,1.9645678370360926e-13,6.390221223356593e-23,1.7583356432379315e-22,5.277840559716081e-15,3.390063467409641e-28,5.433149180039026e-32,0.0039457948202563185,0.0029330481225793206,4.473319739019859e-07,3.4594610835587542e-06,0.0,0.0,0.0,0.0,0.0,0.0,0.0,0.0,0.0,0.0,0.0,0.0,0.0,0.0,0.0,0.9929001828024281,0.9999995526680261,0.9960507457184584
80,G,6.899296540023693e-30,4.639291703825984e-22,1.709429193283255e-28,4.700489770585199e-14,0.004179461894360704,0.0024725944686295165,1.9152532905584826e-06,9.687584299517375e-07,0.009940846556028893,0.0,0.0,0.0,0.0,0.0,0.0,3.7980971226471087e-06,1.5351904830962713e-09,0.000656013263858801,0.0014168198626895911,0.00034297043632364605,0.0004221172389742217,0.0,0.0,0.0,0.0,0.0,0.0,0.0,0.0,0.0,0.9985774667868501,0.9954765973756952,0.9865084284725086
81,G,4.103536804341783e-26,9.989271582412865e-44,7.223538866305326e-61,1.0899456764414058e-16,1.0959354754368518e-05,7.484023757695206e-05,5.023364796244596e-14,1.2647167229947536e-08,7.320396306534612e-05,0.0,0.0,0.0,0.0,0.0,0.0,0.006310415284615244,3.5169060177128783e-38,2.2959345088973168e-06,8.687050698110936e-12,4.59756710983227e-13,0.0003521030542344768,0.0,0.0,0.0,0.0,0.0,0.0,0.0,0.0,0.0,0.9936895847066475,0.9999890279976187,0.9994975568106144
82,G,0.013959556448944987,7.405333715261081e-15,1.8898403398723774e-32,0.002087324442325697,5.588002749688398e-07,6.24667078451044e-18,1.2807579280993968e-08,1.0551570825671734e-08,7.210498349223455e-08,0.0,0.0,0.0,0.0,0.0,0.0,0.0023351937876082314,1.3163491405201513e-05,1.3335635651279105e-14,1.5084414745092114e-07,2.680172797234129e-11,0.00011298029090285566,0.0,0.0,0.0,0.0,0.0,0.0,0.0,0.0,0.0,0.9816177616693943,0.9999862671299399,0.9998869476041004
83,A,0.0003608989566019664,1.7450178607981856e-06,1.2580317819675922e-17,0.0,0.0,0.0,0.0049370889393122045,0.00010652757082312,0.0028872166223661484,0.07517846845064018,0.012173732945912908,0.009096885424489262,0.0,0.0,0.0,0.01382666508520109,0.0007256277705827296,0.0639180656482124,0.0,0.0,0.0,0.0,0.0,0.0,6.44965068674847e-07,3.438421143975113e-05,0.0005123062370052744,0.0,0.0,0.0,0.905696233603176,0.9869579824833807,0.9235855260679269
84,A,0.001070796261626739,0.0229523629184783,6.851672078970451e-17,0.0,0.0,0.0,0.010451285649727632,0.0016198970974610244,0.0011011485284869653,0.0003294778628292846,0.00028839744154967104,0.05454457968569436,0.0,0.0,0.0,0.006570070960775701,0.0032503705017575004,0.0245345516047956,0.0,0.0,0.0,0.0,0.0,0.0,0.028682671760378912,5.4771924787103695e-05,1.3918129963939337e-08,0.0,0.0,0.0,0.9528956975046616,0.9718342001159666,0.919819706262893
85,G,3.944621382832486e-30,1.882093401915124e-31,1.1573660320260365e-05,5.776165061085755e-08,4.7052767585047577e-07,4.588417799299632e-13,2.045819879941691e-06,1.5482981296992604e-09,3.255857341576673e-12,0.0,0.0,0.0,0.0,0.0,0.0,0.001583737472898991,2.846069605191609e-05,4.707050209103912e-14,0.0008888059736512882,3.807853819872837e-05,4.2135667369386054e-05,0.0,0.0,0.0,0.0,0.0,0.0,0.0,0.0,0.0,0.9975253529719191,0.9999329886897754,0.9999462906685487
86,G,2.7677884181718906e-20,4.1203673798119315e-05,0.000923590178083723,2.770637701622295e-06,0.0004494441875594525,0.00205896969144754,1.855327949856162e-14,0.00286559783046385,1.5637520996425006e-13,0.0,0.0,0.0,0.0,0.0,0.0,1.7920671540523508e-11,1.995322535445064e-22,2.2030137519555696e-18,0.00019114307462863659,1.966957504673397e-06,1.585565814424131e-05,0.0,0.0,0.0,0.0,0.0,0.0,0.0,0.0,0.0,0.9998060862697306,0.996641787350674,0.9970015844721681
87,G,1.3609526316678704e-102,0.00930165573006519,8.29843591186997e-25,0.0002886236412727864,1.5721406571305674e-14,6.870613971193255e-05,4.346039855894693e-10,5.5355726137491445e-18,0.00037788185664187066,0.0,0.0,0.0,0.0,0.0,0.0,4.637376646404359e-08,0.0003881734703416569,0.00022959744742494391,5.657728626949214e-06,3.374210565671849e-08,0.008141581275224595,0.0,0.0,0.0,0.0,0.0,0.0,0.0,0.0,0.0,0.9997056718217298,0.9903101370574718,0.9911822332809967
88,T,6.303609435543366e-77,2.9613487541853175e-248,1.3151612059520542e-102,2.2852581068092237e-05,0.01197345362791528,1.9492949725579277e-13,3.981030465960287e-06,1.5674071206181906e-31,4.027065922268202e-11,1.4090438011812522e-13,6.658524966942844e-08,4.7344014114129524e-14,0.0003436067703352352,0.0021710008599563043,0.005501492903425373,0.0,0.0,0.0,0.0,0.0,0.0,0.0,0.0,0.0,0.0,0.0,0.0,0.0,0.0,0.0,0.9996295596179898,0.9858554789268787,0.9944985070560617
89,A,1.3134843384174357e-08,1.847000898904513e-08,4.42142778835196e-09,0.0,0.0,0.0,0.0025077894592970343,0.02203307954894173,0.056641713692569505,0.005309109074760422,0.0006815571509924613,0.004533287211803347,0.0,0.0,0.0,0.006107707378496955,0.021233309340187932,0.024180847163030122,0.0,0.0,0.0,0.0,0.0,0.0,7.54136071014481e-07,0.00016347198937021306,0.001374269104542941,0.0,0.0,0.0,0.9860746268165312,0.9558885635004987,0.9132698784066263
90,T,1.2260537338458096e-231,0.0,1.0671633530336626e-59,1.7867037028350886e-11,7.293878939607482e-91,0.0014779681415865017,6.22091319160315e-14,1.4171375139403072e-20,1.366249246275495e-05,4.617121371394389e-22,2.3767770884598936e-59,6.732758777172131e-13,0.0007034809631280614,4.70624275760617e-06,9.903470175741763e-06,0.0,0.0,0.0,0.0,0.0,0.0,0.0,0.0,0.0,0.0,0.0,0.0,0.0,0.0,0.0,0.9992965190189428,0.9999952937572425,0.9984984658951016
91,A,5.624957866798162e-10,8.947342444311976e-07,9.252237280664208e-05,0.0,0.0,0.0,4.223023750208967e-09,0.030646917555960853,0.0017168400376011332,0.0015834275926925035,0.025913972221704582,0.0010319999226308363,0.0,0.0,0.0,0.016645489697967197,0.02506232311457998,0.03670771017684854,0.0,0.0,0.0,0.0,0.0,0.0,0.0001952475992219104,2.3576814800668504e-05,0.0007014866393531066,0.0,0.0,0.0,0.9815758303245988,0.9183523155587096,0.9597494408507597
92,C,5.656248263119797e-15,3.048740439748675e-14,0.00035801422133184053,0.004809894428437362,0.0037497366085055385,0.00010161542759736856,0.0,0.0,0.0,4.7776068129185214e-05,0.002992028817124622,0.00018888709504091548,0.0,0.0,0.0,0.00604610562699852,0.03601691650819692,0.002921088257277151,0.0,0.0,0.0,0.0002588186019209618,0.0034150265014365596,5.987434323835957e-07,0.0,0.0,0.0,0.0,0.0,0.0,0.9888374052745084,0.9538262915647058,0.9964297962553204
93,G,1.5106273003315854e-11,1.2676977237492483e-98,2.3742775323186244e-07,1.736614663824092e-08,3.0826159607585325e-12,0.002279495665220675,0.003959541330150421,6.17501512778152e-09,1.3284146327787313e-11,0.0,0.0,0.0,0.0,0.0,0.0,3.982617842529748e-15,9.031210159094582e-05,1.4182689061813037e-06,7.276889675431586e-05,5.028113992073958e-06,3.650956367198881e-05,0.0,0.0,0.0,0.0,0.0,0.0,0.0,0.0,0.0,0.9959676723918385,0.9999046536063192,0.9976823390611638
94,G,6.302047371556364e-20,1.0415630981056535e-160,6.857776653770681e-06,0.0035498305362551183,0.0005183017101950434,2.758348218691351e-09,1.3377022375604791e-08,0.004781179737724824,0.00011711273808478777,0.0,0.0,0.0,0.0,0.0,0.0,9.379184711078585e-22,3.0859206733482243e-14,4.11125544376894e-08,0.003586737683979415,0.0014718130604193527,6.826325549120211e-08,0.0,0.0,0.0,0.0,0.0,0.0,0.0,0.0,0.0,0.9928634184027432,0.9932287054916299,0.9998759173511033
95,C,2.272521342130072e-31,1.87468056978473e-12,1.4560076531111242e-16,0.01667933164392631,0.002907752669959371,0.004083347505126488,0.0,0.0,0.0,0.006490968777612606,0.007658055268994994,0.0046118774951863575,0.0,0.0,0.0,0.015443742535314997,0.002822011780762693,0.029784286004625817,0.0,0.0,0.0,0.007530781908246234,0.00028453423324504423,0.0004969777399224054,0.0,0.0,0.0,0.0,0.0,0.0,0.9538551751348998,0.9863276460451632,0.9610235112551387
96,G,2.828605764242594e-20,4.4750832771857665e-27,2.7832578924751104e-17,1.0007290688968906e-10,1.9043592262449143e-11,0.0003422499852448701,2.940895657531868e-11,5.988039529761388e-09,0.0031311375505830023,0.0,0.0,0.0,0.0,0.0,0.0,1.1137623503706188e-05,4.261324000879179e-08,8.845071859504685e-08,6.951235143108898e-05,4.4221194504067795e-06,0.00016240624235894124,0.0,0.0,0.0,0.0,0.0,0.0,0.0,0.0,0.0,0.9999193498955834,0.9999955292602265,0.9963641177710945
97,C,8.339304957436717e-08,1.0660020087537106e-46,0.0006736010235326201,0.00019369766102497532,0.001626625954549637,0.030837079506760654,0.0,0.0,0.0,0.0028352578349248353,0.0006544563061401357,0.00288627874432705,0.0,0.0,0.0,0.0019016575658898104,0.00024380846898905645,0.026295824759693262,0.0,0.0,0.0,0.0072720108535480445,0.0007282400891988273,0.009855570308241952,0.0,0.0,0.0,0.0,0.0,0.0,0.9877972926915628,0.9967468691811223,0.9294516456574443
98,C,3.5495259941232524e-13,3.952059848354694e-12,4.968439429876609e-46,0.0002922695974575397,0.0035132631626963217,0.002403882532186263,0.0,0.0,0.0,0.007694105393862196,0.008962479086074952,0.010063209061284639,0.0,0.0,0.0,0.00499414061610208,0.006322732678560477,0.04294351242619126,0.0,0.0,0.0,0.004302115032077477,5.972542184308217e-07,0.0029899876813394865,0.0,0.0,0.0,0.0,0.0,0.0,0.9827173693601458,0.9812009278144977,0.9415994082989982
99,A,2.9369313104538288e-05,0.0012752418446936012,1.4177802152157267e-07,0.0,0.0,0.0,0.0009243915152784272,0.00024975218028007283,0.004045872660388804,0.04951634503702347,0.006960746582977422,0.016826067090226503,0.0,0.0,0.0,0.03606200141909447,0.000346407832535815,0.042062608679035746,0.0,0.0,0.0,0.0,0.0,0.0,2.2166535879714536e-08,3.5380446843501365e-06,0.001251182318072826,0.0,0.0,0.0,0.9134678705489633,0.9911643135148287,0.9358141274742545
100,A,4.1131778684723726e-13,5.274767811375333e-05,3.0922544442737684e-07,0.0,0.0,0.0,0.022474094816164688,0.005962042696987153,0.0004435351233813088,0.0017980420269134816,0.02250993638584853,0.004575699118095742,0.0,0.0,0.0,0.0026201238913862246,0.019176665968451627,0.010602379988190452,0.0,0.0,0.0,0.0,0.0,0.0,0.00022843078486826641,1.7538143644364726e-07,6.089631265992706e-06,0.0,0.0,0.0,0.972879308480256,0.9522984318891624,0.9843719869136219
101,C,1.662430798458824e-12,1.4489907419159344e-08,5.692056399510149e-36,0.0004897753297571399,0.0004213414822820052,0.0020034793511851546,0.0,0.0,0.0,0.0004904715008827789,2.556747971934611e-05,0.0016614408739396803,0.0,0.0,0.0,0.0037425868004164692,0.0004032132134095221,0.01195857531572772,0.0,0.0,0.0,0.0033646580822936653,0.000918912611947296,2.439666004921756e-05,0.0,0.0,0.0,0.0,0.0,0.0,0.9919125082849873,0.9982309507227344,0.9843521077990982
102,G,1.071656186392826e-48,0.00015559201771059495,1.8862825140306625e-52,3.120912633622989e-06,0.0009858484152299553,1.1323781516694304e-07,0.000778268055934375,0.026518721305564468,1.4971607184733712e-07,0.0,0.0,0.0,0.0,0.0,0.0,1.4151324254326969e-08,3.231860311294206e-06,0.022272107679251307,0.0011161959630147417,7.403757703118539e-10,0.012285998942205384,0.0,0.0,0.0,0.0,0.0,0.0,0.0,0.0,0.0,0.998102400917093,0.9723366056608079,0.9654416304246564
103,G,2.151251917236036e-92,3.9735034093851146e-103,8.19727684504295e-65,3.775864534911479e-08,5.823938231751206e-19,0.008598154140358218,0.00010437895739792341,3.0063521400256335e-06,9.010257734791715e-07,0.0,0.0,0.0,0.0,0.0,0.0,1.740456457394908e-20,3.243457054304103e-11,4.769432940974454e-14,0.02234495914665223,0.0001195374456592962,0.0010797021782247562,0.0,0.0,0.0,0.0,0.0,0.0,0.0,0.0,0.0,0.9775506241373045,0.9998774561697662,0.9903212426555958
104,A,9.634842737035726e-11,0.0048616210396065914,1.43503764560092e-09,0.0,0.0,0.0,0.0003333546314679827,0.03619738172068389,0.0013831408185723487,0.0023127371051364833,0.007285375911749391,0.011169119288954369,0.0,0.0,0.0,0.001605548034796891,0.07170237651924884,0.027767390844205864,0.0,0.0,0.0,0.0,0.0,0.0,0.0010589591947791012,4.830013055960581e-10,0.000187324236037515,0.0,0.0,0.0,0.994689400937471,0.87995324432571,0.9594930233771922
105,A,7.374623891957172e-05,2.410877938295325e-06,5.878341587263932e-06,0.0,0.0,0.0,0.0010661400662011144,0.027412136493660817,0.00027245145918379954,0.0021106284586905823,0.01116704585927245,0.032513137594764874,0.0,0.0,0.0,0.03680515341567113,0.007809059134360871,0.0145432458471103,0.0,0.0,0.0,0.0,0.0,0.0,1.4882509971827187e-11,2.59314770896288e-06,0.004914664511880124,0.0,0.0,0.0,0.9599443318056352,0.9536067544870586,0.9477506222454737
106,A,5.633802243151955e-05,1.551644423553165e-05,0.002441435999958533,0.0,0.0,0.0,0.013761236248710328,0.0007443605268548855,5.443402680357473e-05,0.021269597677873377,0.016358471552228356,0.001313556551738568,0.0,0.0,0.0,0.01364698118397049,0.052753613601366114,0.0728661361291736,0.0,0.0,0.0,0.0,0.0,0.0,0.0011270974994262437,0.00031208242620828897,7.046691955677105e-10,0.0,0.0,0.0,0.9501387493675879,0.9298159554491068,0.9233244365876566
107,G,3.22855736617073e-48,3.22855736617073e-48,3.22855736617073e-48,0.00010148261532010363,0.00010148261532010363,0.00010148261532010363,0.0007101754629622906,0.0007101754629622906,0.0007101754629622906,0.0,0.0,0.0,0.0,0.0,0.0,5.506530614791689e-09,5.506530614791689e-09,5.506530614791689e-09,0.00019689280448468874,0.00019689280448468874,0.00019689280448468874,0.0,0.0,0.0,0.0,0.0,0.0,0.0,0.0,0.0,0.9989914436107021,0.9989914436107021,0.9989914436107021
108,G,6.436284471532586e-22,6.436284471532586e-22,6.436284471532586e-22,1.5991360613012606e-08,1.5991360613012606e-08,1.5991360613012606e-08,2.8961324054952065e-13,2.8961324054952065e-13,2.8961324054952065e-13,0.0,0.0,0.0,0.0,0.0,0.0,1.6925985314330317e-07,1.6925985314330317e-07,1.6925985314330317e-07,0.0098557960113354,0.0098557960113354,0.0098557960113354,0.0,0.0,0.0,0.0,0.0,0.0,0.0,0.0,0.0,0.9901440187371613,0.9901440187371613,0.9901440187371613
109,T,3.0845130920781706e-54,3.0845130920781706e-54,3.0845130920781706e-54,6.381171213917947e-35,6.381171213917947e-35,6.381171213917947e-35,9.52962179141185e-12,9.52962179141185e-12,9.52962179141185e-12,1.874407828618503e-11,1.874407828618503e-11,1.874407828618503e-11,1.8238959661231988e-06,1.8238959661231988e-06,1.8238959661231988e-06,0.0,0.0,0.0,0.0,0.0,0.0,0.0,0.0,0.0,0.0,0.0,0.0,0.0,0.0,0.0,0.9999981760757601,0.9999981760757601,0.9999981760757601
110,G,2.5176730645439475e-07,2.5176730645439475e-07,2.5176730645439475e-07,4.740701084486447e-07,4.740701084486447e-07,4.740701084486447e-07,5.352422695599162e-05,5.352422695599162e-05,5.352422695599162e-05,0.0,0.0,0.0,0.0,0.0,0.0,7.099556562075987e-06,7.099556562075987e-06,7.099556562075987e-06,0.003958048121155952,0.003958048121155952,0.003958048121155952,0.0,0.0,0.0,0.0,0.0,0.0,0.0,0.0,0.0,0.9959806022579111,0.9959806022579111,0.9959806022579111
111,A,0.009687030236024314,0.009687030236024314,0.009687030236024314,0.0,0.0,0.0,0.0062978984119113224,0.0062978984119113224,0.0062978984119113224,0.0016391629372718341,0.0016391629372718341,0.0016391629372718341,0.0,0.0,0.0,0.02165586189076978,0.02165586189076978,0.02165586189076978,0.0,0.0,0.0,0.0,0.0,0.0,2.631089551932717e-05,2.631089551932717e-05,2.631089551932717e-05,0.0,0.0,0.0,0.9606937356285034,0.9606937356285034,0.9606937356285034
112,T,0.0001488169830682074,0.0001488169830682074,0.0001488169830682074,8.375098949084307e-07,8.375098949084307e-07,8.375098949084307e-07,1.731683792705678e-08,1.731683792705678e-08,1.731683792705678e-08,8.146493862127275e-12,8.146493862127275e-12,8.146493862127275e-12,0.008918845091004806,0.008918845091004806,0.008918845091004806,0.0,0.0,0.0,0.0,0.0,0.0,0.0,0.0,0.0,0.0,0.0,0.0,0.0,0.0,0.0,0.9909314830910476,0.9909314830910476,0.9909314830910476
113,G,1.4168995006323586e-17,1.4168995006323586e-17,1.4168995006323586e-17,0.000657345557653774,0.000657345557653774,0.000657345557653774,0.00621955067947074,0.00621955067947074,0.00621955067947074,0.0,0.0,0.0,0.0,0.0,0.0,3.434732346808027e-08,3.434732346808027e-08,3.434732346808027e-08,0.00014275327812699333,0.00014275327812699333,0.00014275327812699333,0.0,0.0,0.0,0.0,0.0,0.0,0.0,0.0,0.0,0.9929803161374251,0.9929803161374251,0.9929803161374251
114,G,3.9532081460560365e-45,3.9532081460560365e-45,3.9532081460560365e-45,9.819560661396499e-06,9.819560661396499e-06,9.819560661396499e-06,3.218051751146782e-11,3.218051751146782e-11,3.218051751146782e-11,0.0,0.0,0.0,0.0,0.0,0.0,3.162394599369365e-14,3.162394599369365e-14,3.162394599369365e-14,0.009683040546846334,0.009683040546846334,0.009683040546846334,0.0,0.0,0.0,0.0,0.0,0.0,0.0,0.0,0.0,0.9903071398602801,0.9903071398602801,0.9903071398602801
115,G,2.225685392760571e-16,2.225685392760571e-16,2.225685392760571e-16,1.0257619186276191e-06,1.0257619186276191e-06,1.0257619186276191e-06,9.939370526474591e-07,9.939370526474591e-07,9.939370526474591e-07,0.0,0.0,0.0,0.0,0.0,0.0,6.45419106151479e-24,6.45419106151479e-24,6.45419106151479e-24,0.016238707220030617,0.016238707220030617,0.016238707220030617,0.0,0.0,0.0,0.0,0.0,0.0,0.0,0.0,0.0,0.983759273080998,0.983759273080998,0.983759273080998
116,A,3.685540127491844e-08,3.685540127491844e-08,3.685540127491844e-08,0.0,0.0,0.0,0.008572867655552608,0.008572867655552608,0.008572867655552608,0.003749157169798911,0.003749157169798911,0.003749157169798911,0.0,0.0,0.0,0.019851299788953614,0.019851299788953614,0.019851299788953614,0.0,0.0,0.0,0.0,0.0,0.0,2.2988558773297004e-07,2.2988558773297004e-07,2.2988558773297004e-07,0.0,0.0,0.0,0.9678264086447058,0.9678264086447058,0.9678264086447058
117,T,3.44641968352798e-93,3.44641968352798e-93,3.44641968352798e-93,4.0551878086936926e-33,4.0551878086936926e-33,4.0551878086936926e-33,1.3286764965118814e-28,1.3286764965118814e-28,1.3286764965118814e-28,2.3491158924273276e-48,2.3491158924273276e-48,2.3491158924273276e-48,1.3913662929679151e-12,1.3913662929679151e-12,1.3913662929679151e-12,0.0,0.0,0.0,0.0,0.0,0.0,0.0,0.0,0.0,0.0,0.0,0.0,0.0,0.0,0.0,0.9999999999986087,0.9999999999986087,0.9999999999986087
118,T,2.2444516064348463e-30,2.2444516064348463e-30,2.2444516064348463e-30,8.987776418088716e-20,8.987776418088716e-20,8.987776418088716e-20,2.187731593075169e-90,2.187731593075169e-90,2.187731593075169e-90,6.564497394087627e-26,6.564497394087627e-26,6.564497394087627e-26,8.568894523533804e-05,8.568894523533804e-05,8.568894523533804e-05,0.0,0.0,0.0,0.0,0.0,0.0,0.0,0.0,0.0,0.0,0.0,0.0,0.0,0.0,0.0,0.9999143110547647,0.9999143110547647,0.9999143110547647
119,A,3.439759356747921e-07,3.439759356747921e-07,3.439759356747921e-07,0.0,0.0,0.0,0.07004596069307785,0.07004596069307785,0.07004596069307785,0.005485282651748518,0.005485282651748518,0.005485282651748518,0.0,0.0,0.0,0.008750477708792545,0.008750477708792545,0.008750477708792545,0.0,0.0,0.0,0.0,0.0,0.0,0.0035461138212274684,0.0035461138212274684,0.0035461138212274684,0.0,0.0,0.0,0.9121718211492179,0.9121718211492179,0.9121718211492179
120,A,0.004234627456276974,0.004234627456276974,0.004234627456276974,0.0,0.0,0.0,0.001191328445999248,0.001191328445999248,0.001191328445999248,0.03310395660573036,0.03310395660573036,0.03310395660573036,0.0,0.0,0.0,0.025975670050590254,0.025975670050590254,0.025975670050590254,0.0,0.0,0.0,0.0,0.0,0.0,0.0007304721248191723,0.0007304721248191723,0.0007304721248191723,0.0,0.0,0.0,0.934763945316584,0.934763945316584,0.934763945316584
121,A,1.925281319307008e-05,1.925281319307008e-05,1.925281319307008e-05,0.0,0.0,0.0,0.00026145830204145684,0.00026145830204145684,0.00026145830204145684,0.007653138596748609,0.007653138596748609,0.007653138596748609,0.0,0.0,0.0,0.03596273715208495,0.03596273715208495,0.03596273715208495,0.0,0.0,0.0,0.0,0.0,0.0,0.005506026685831013,0.005506026685831013,0.005506026685831013,0.0,0.0,0.0,0.950597386450101,0.950597386450101,0.950597386450101
122,A,0.0009130344683570349,0.0009130344683570349,0.0009130344683570349,0.0,0.0,0.0,0.017707845541326164,0.017707845541326164,0.017707845541326164,0.00858046973228937,0.00858046973228937,0.00858046973228937,0.0,0.0,0.0,0.03424215084696659,0.03424215084696659,0.03424215084696659,0.0,0.0,0.0,0.0,0.0,0.0,2.2274794999268363e-06,2.2274794999268363e-06,2.2274794999268363e-06,0.0,0.0,0.0,0.9385542719315608,0.9385542719315608,0.9385542719315608
123,G,7.161898437985482e-86,7.161898437985482e-86,7.161898437985482e-86,2.5493767025891006e-38,2.5493767025891006e-38,2.5493767025891006e-38,1.5574377511824676e-06,1.5574377511824676e-06,1.5574377511824676e-06,0.0,0.0,0.0,0.0,0.0,0.0,5.2293814974188695e-11,5.2293814974188695e-11,5.2293814974188695e-11,2.8068753311188734e-05,2.8068753311188734e-05,2.8068753311188734e-05,0.0,0.0,0.0,0.0,0.0,0.0,0.0,0.0,0.0,0.9999703737566438,0.9999703737566438,0.9999703737566438
124,T,2.426440598747625e-19,2.426440598747625e-19,2.426440598747625e-19,0.0018506879226446978,0.0018506879226446978,0.0018506879226446978,8.028660700298616e-11,8.028660700298616e-11,8.028660700298616e-11,4.618914248234806e-11,4.618914248234806e-11,4.618914248234806e-11,0.00550317180570952,0.00550317180570952,0.00550317180570952,0.0,0.0,0.0,0.0,0.0,0.0,0.0,0.0,0.0,0.0,0.0,0.0,0.0,0.0,0.0,0.99264614014517,0.99264614014517,0.99264614014517
125,C,2.482307671012859e-18,2.482307671012859e-18,2.482307671012859e-18,0.00010110105239100045,0.00010110105239100045,0.00010110105239100045,0.0,0.0,0.0,0.0008121909153224031,0.0008121909153224031,0.0008121909153224031,0.0,0.0,0.0,0.0028886672989233263,0.0028886672989233263,0.0028886672989233263,0.0,0.0,0.0,2.5676758804371852e-06,2.5676758804371852e-06,2.5676758804371852e-06,0.0,0.0,0.0,0.0,0.0,0.0,0.9961954730574828,0.9961954730574828,0.9961954730574828
126,A,0.001245042361015039,0.001245042361015039,0.001245042361015039,0.0,0.0,0.0,0.009571297517671598,0.009571297517671598,0.009571297517671598,0.00308675399563743,0.00308675399563743,0.00308675399563743,0.0,0.0,0.0,0.0005044832910704739,0.0005044832910704739,0.0005044832910704739,0.0,0.0,0.0,0.0,0.0,0.0,0.0014134462154677405,0.0014134462154677405,0.0014134462154677405,0.0,0.0,0.0,0.9841789766191377,0.9841789766191377,0.9841789766191377
127,T,1.4916594197579308e-18,1.4916594197579308e-18,1.4916594197579308e-18,9.4499566453915e-10,9.4499566453915e-10,9.4499566453915e-10,1.7161096365053052e-36,1.7161096365053052e-36,1.7161096365053052e-36,4.75739572209995e-08,4.75739572209995e-08,4.75739572209995e-08,0.004141637565812098,0.004141637565812098,0.004141637565812098,0.0,0.0,0.0,0.0,0.0,0.0,0.0,0.0,0.0,0.0,0.0,0.0,0.0,0.0,0.0,0.995858313915235,0.995858313915235,0.995858313915235
128,C,5.637656964949868e-15,5.637656964949868e-15,5.637656964949868e-15,5.4126464308591395e-05,5.4126464308591395e-05,5.4126464308591395e-05,0.0,0.0,0.0,0.006289207237245201,0.006289207237245201,0.006289207237245201,0.0,0.0,0.0,0.006205496320343132,0.006205496320343132,0.006205496320343132,0.0,0.0,0.0,0.00167778630511309,0.00167778630511309,0.00167778630511309,0.0,0.0,0.0,0.0,0.0,0.0,0.9857733836729844,0.9857733836729844,0.9857733836729844
129,A,2.6194226042747733e-08,2.6194226042747733e-08,2.6194226042747733e-08,0.0,0.0,0.0,7.2263498352388415e-09,7.2263498352388415e-09,7.2263498352388415e-09,0.016532231987829785,0.016532231987829785,0.016532231987829785,0.0,0.0,0.0,0.0048936390061276504,0.0048936390061276504,0.0048936390061276504,0.0,0.0,0.0,0.0,0.0,0.0,3.1038845986428243e-16,3.1038845986428243e-16,3.1038845986428243e-16,0.0,0.0,0.0,0.9785740955854665,0.9785740955854665,0.9785740955854665
130,C,1.93029274389528e-21,1.93029274389528e-21,1.93029274389528e-21,0.002715856514781194,0.002715856514781194,0.002715856514781194,0.0,0.0,0.0,2.814452655572422e-05,2.814452655572422e-05,2.814452655572422e-05,0.0,0.0,0.0,0.0029557180438426287,0.0029557180438426287,0.0029557180438426287,0.0,0.0,0.0,0.0005452147814725389,0.0005452147814725389,0.0005452147814725389,0.0,0.0,0.0,0.0,0.0,0.0,0.9937550661333479,0.9937550661333479,0.9937550661333479
131,T,3.634404042623149e-109,3.634404042623149e-109,3.634404042623149e-109,1.3389961499320929e-05,1.3389961499320929e-05,1.3389961499320929e-05,7.60899988805003e-11,7.60899988805003e-11,7.60899988805003e-11,1.1386054465945706e-08,1.1386054465945706e-08,1.1386054465945706e-08,0.00046802845049787923,0.00046802845049787923,0.00046802845049787923,0.0,0.0,0.0,0.0,0.0,0.0,0.0,0.0,0.0,0.0,0.0,0.0,0.0,0.0,0.0,0.9995185701258582,0.9995185701258582,0.9995185701258582
132,A,7.621631641916899e-06,1.1403858607826448e-05,4.440107537310834e-07,0.0,0.0,0.0,0.017939811445347783,0.0008234400806730465,0.0022307581019692675,0.001402267987318613,0.00911689501644156,5.129155111833684e-05,0.0,0.0,0.0,0.05777656991271645,0.011916983160026876,0.0022489267687589515,0.0,0.0,0.0,0.0,0.0,0.0,7.275601304029983e-05,3.0029059333632635e-05,0.0005102610453134461,0.0,0.0,0.0,0.9228009730099349,0.978101248824917,0.9949583185220863
133,A,6.642619597934404e-12,6.642619597934404e-12,6.642619597934404e-12,0.0,0.0,0.0,0.0012350742640544535,0.0012350742640544535,0.0012350742640544535,0.011889535087207777,0.011889535087207777,0.011889535087207777,0.0,0.0,0.0,0.0010020833251624135,0.0010020833251624135,0.0010020833251624135,0.0,0.0,0.0,0.0,0.0,0.0,4.348233524739364e-06,4.348233524739364e-06,4.348233524739364e-06,0.0,0.0,0.0,0.985868959083408,0.985868959083408,0.985868959083408
134,G,0.0019743057133290954,0.0019743057133290954,0.0019743057133290954,0.0020536506836605775,0.0020536506836605775,0.0020536506836605775,0.002028515414058383,0.002028515414058383,0.002028515414058383,0.0,0.0,0.0,0.0,0.0,0.0,0.0017677166895212497,0.0017677166895212497,0.0017677166895212497,0.000440241065973496,0.000440241065973496,0.000440241065973496,0.0,0.0,0.0,0.0,0.0,0.0,0.0,0.0,0.0,0.9917355704334573,0.9917355704334573,0.9917355704334573
135,T,2.5065672506005773e-119,2.5065672506005773e-119,2.5065672506005773e-119,8.724576998499675e-19,8.724576998499675e-19,8.724576998499675e-19,0.0005555636124433181,0.0005555636124433181,0.0005555636124433181,0.00014885047334577237,0.00014885047334577237,0.00014885047334577237,1.2123120429776154e-05,1.2123120429776154e-05,1.2123120429776154e-05,0.0,0.0,0.0,0.0,0.0,0.0,0.0,0.0,0.0,0.0,0.0,0.0,0.0,0.0,0.0,0.9992834627937811,0.9992834627937811,0.9992834627937811
136,G,1.7945247173936682e-12,1.7945247173936682e-12,1.7945247173936682e-12,1.7429818128431066e-12,1.7429818128431066e-12,1.7429818128431066e-12,1.260055403147482e-16,1.260055403147482e-16,1.260055403147482e-16,0.0,0.0,0.0,0.0,0.0,0.0,0.0009961861766720312,0.0009961861766720312,0.0009961861766720312,0.005061444163446456,0.005061444163446456,0.005061444163446456,0.0,0.0,0.0,0.0,0.0,0.0,0.0,0.0,0.0,0.993942369656344,0.993942369656344,0.993942369656344
137,G,5.595440595923351e-07,5.595440595923351e-07,5.595440595923351e-07,9.839783766768095e-44,9.839783766768095e-44,9.839783766768095e-44,5.300261259549424e-14,5.300261259549424e-14,5.300261259549424e-14,0.0,0.0,0.0,0.0,0.0,0.0,2.421513606592379e-10,2.421513606592379e-10,2.421513606592379e-10,0.004800766302040446,0.004800766302040446,0.004800766302040446,0.0,0.0,0.0,0.0,0.0,0.0,0.0,0.0,0.0,0.9951986739116956,0.9951986739116956,0.9951986739116956
138,A,0.0006432028735985694,0.0006432028735985694,0.0006432028735985694,0.0,0.0,0.0,0.004316689965039145,0.004316689965039145,0.004316689965039145,0.002388654747226047,0.002388654747226047,0.002388654747226047,0.0,0.0,0.0,0.018265134495855716,0.018265134495855716,0.018265134495855716,0.0,0.0,0.0,0.0,0.0,0.0,0.0006659458793765457,0.0006659458793765457,0.0006659458793765457,0.0,0.0,0.0,0.973720372038904,0.973720372038904,0.973720372038904
139,A,0.00032201140957436664,0.00032201140957436664,0.00032201140957436664,0.0,0.0,0.0,0.002196004513347411,0.002196004513347411,0.002196004513347411,0.01338593066523364,0.01338593066523364,0.01338593066523364,0.0,0.0,0.0,0.03384217178048381,0.03384217178048381,0.03384217178048381,0.0,0.0,0.0,0.0,0.0,0.0,0.00038712353351508873,0.00038712353351508873,0.00038712353351508873,0.0,0.0,0.0,0.9498667580978457,0.9498667580978457,0.9498667580978457
140,A,5.912582150914998e-05,5.912582150914998e-05,5.912582150914998e-05,0.0,0.0,0.0,1.9606672359324105e-05,1.9606672359324105e-05,1.9606672359324105e-05,0.00457932578585169,0.00457932578585169,0.00457932578585169,0.0,0.0,0.0,0.0058191278652386285,0.0058191278652386285,0.0058191278652386285,0.0,0.0,0.0,0.0,0.0,0.0,0.001695194460649354,0.001695194460649354,0.001695194460649354,0.0,0.0,0.0,0.9878276193943919,0.9878276193943919,0.9878276193943919
141,C,7.461286782499831e-16,7.461286782499831e-16,7.461286782499831e-16,0.005588228971256928,0.005588228971256928,0.005588228971256928,0.0,0.0,0.0,0.007396197370159571,0.007396197370159571,0.007396197370159571,0.0,0.0,0.0,0.024458407125643,0.024458407125643,0.024458407125643,0.0,0.0,0.0,3.80386245668785e-05,3.80386245668785e-05,3.80386245668785e-05,0.0,0.0,0.0,0.0,0.0,0.0,0.9625191279083728,0.9625191279083728,0.9625191279083728
142,T,1.5838176553221523e-61,1.5838176553221523e-61,1.5838176553221523e-61,0.0004895106696298198,0.0004895106696298198,0.0004895106696298198,3.015061586931323e-10,3.015061586931323e-10,3.015061586931323e-10,0.006805239659247999,0.006805239659247999,0.006805239659247999,2.4644759657078437e-06,2.4644759657078437e-06,2.4644759657078437e-06,0.0,0.0,0.0,0.0,0.0,0.0,0.0,0.0,0.0,0.0,0.0,0.0,0.0,0.0,0.0,0.9927027848936502,0.9927027848936502,0.9927027848936502
143,T,1.0724143327890244e-05,5.283985283551362e-69,8.305765059920944e-277,8.788517563805519e-13,3.421647734656425e-16,5.886656733850961e-07,1.1820207329716717e-15,1.1677438722466037e-14,4.955296076180899e-08,5.373785896612928e-12,0.00020205204875973576,2.898938588088031e-06,0.0058038030336125335,0.00014459146580219552,0.0017742986800219325,0.0,0.0,0.0,0.0,0.0,0.0,0.0,0.0,0.0,0.0,0.0,0.0,0.0,0.0,0.0,0.9941854728168058,0.9996533564854261,0.9982221641627558
144,T,6.850220958334403e-20,3.152577600316728e-38,0.0,0.0012431169210166786,5.670663171582331e-10,4.1896364117786364e-06,4.2401153411392504e-06,2.156603451148372e-27,6.731007157549771e-09,1.4091170739486422e-07,5.64645276330445e-31,3.245225259225713e-41,0.00013932065171442382,0.0032134303884927703,0.0001727814712947004,0.0,0.0,0.0,0.0,0.0,0.0,0.0,0.0,0.0,0.0,0.0,0.0,0.0,0.0,0.0,0.9986131814002204,0.996786569044441,0.9998230221612864
145,A,1.5163353882178775e-11,6.739144120355768e-10,0.004441382590152882,0.0,0.0,0.0,0.00018257112276172952,0.0200651395189732,0.00035726767714160253,0.00019524551264294007,0.0006690048516657655,5.423259805971688e-05,0.0,0.0,0.0,0.021841673009242946,0.002930461478313176,0.0009649004027351811,0.0,0.0,0.0,0.0,0.0,0.0,0.00013629320561575685,0.001819332505462775,0.00012684148810881193,0.0,0.0,0.0,0.9776442171345733,0.9745160609716707,0.9940553752438018
146,G,3.973460922005276e-17,2.925173730699979e-12,2.332598376663051e-18,0.00479023496802103,1.1823714792808455e-13,3.2448255995458056e-17,6.4161514173567795e-06,4.47624565809363e-06,8.620117548250074e-11,0.0,0.0,0.0,0.0,0.0,0.0,2.194320771906385e-06,3.7826298498382164e-06,4.585081580744351e-06,0.0006165272874790209,0.008844715943495535,4.228943347570192e-10,0.0,0.0,0.0,0.0,0.0,0.0,0.0,0.0,0.0,0.9945846272723106,0.9911470251779531,0.9999954144093237
147,C,4.145888700877002e-38,1.0888699839207889e-08,2.903401165679415e-12,0.03855323830389924,0.0019490245672970268,0.004161387894720427,0.0,0.0,0.0,1.8926087611465376e-05,0.004379859464011819,0.001557162778281565,0.0,0.0,0.0,0.011593712343332877,0.006811963095198648,5.117494590545584e-05,0.0,0.0,0.0,8.215033187522189e-08,0.0009110361723142374,0.006515757290295237,0.0,0.0,0.0,0.0,0.0,0.0,0.9498340411148245,0.9859481058124784,0.9877145170878939
148,A,1.0723203940011716e-07,1.358973081319729e-22,1.0714703593218102e-05,0.0,0.0,0.0,0.007935755375753355,0.003730206325643152,0.0003953585287645117,0.0007437715183030386,0.0009005613537981082,0.03737998135180336,0.0,0.0,0.0,0.012485781811266824,0.0015377327339114112,0.020682978024215853,0.0,0.0,0.0,0.0,0.0,0.0,0.00993199331777198,0.0024878662721813847,0.00044298479907687097,0.0,0.0,0.0,0.9689025907448655,0.991343633314466,0.9410879825925461
149,C,8.455915226671466e-27,6.582188729627905e-13,2.6379422539243404e-14,0.00022943015588155143,0.006266976199178744,0.03732086722285771,0.0,0.0,0.0,0.00406274454243466,0.007705511517579621,0.0022679383900976453,0.0,0.0,0.0,0.0059047777968575495,0.04281194839421836,0.009565208484170501,0.0,0.0,0.0,0.007614132616667509,0.015580580781905554,0.002821950852574897,0.0,0.0,0.0,0.0,0.0,0.0,0.9821889148881587,0.9276349831064594,0.9480240350502728
150,G,8.576506818227117e-20,1.5689671096706654e-106,6.486874077802853e-10,0.00011455135040861865,4.3714255918002876e-05,4.569305099822424e-08,3.592267505324619e-05,1.0701105595531324e-09,1.2253938797713102e-06,0.0,0.0,0.0,0.0,0.0,0.0,1.4433485581782673e-07,1.0687990919834196e-13,4.4019539830571667e-16,0.005188251349564378,3.05254677684361e-06,4.6319442739381063e-07,0.0,0.0,0.0,0.0,0.0,0.0,0.0,0.0,0.0,0.9946611302901178,0.9999532321270878,0.9999982650699539
151,A,5.02286446877475e-14,0.0006006339896407075,2.3005631921115687e-15,0.0,0.0,0.0,5.2664695926958804e-05,0.0007199018847480741,0.0030214860269156063,0.0013308578438242264,0.012514516871448141,0.0026427422145101254,0.0,0.0,0.0,0.0037644949709509834,0.06772367319625269,0.0012428632602286317,0.0,0.0,0.0,0.0,0.0,0.0,3.707011652158591e-05,8.943045788077369e-06,1.0688713213835494e-05,0.0,0.0,0.0,0.994814912372726,0.9184323310121223,0.9930822197851296
152,G,9.792654097230395e-29,4.918690559100841e-15,1.9298660077720697e-97,1.4977932010220398e-18,1.309728201343229e-05,1.8066506058157726e-05,0.00039159106708831765,3.2636425014299607e-10,1.2117124797022672e-06,0.0,0.0,0.0,0.0,0.0,0.0,6.504105580016853e-08,1.5622256842260473e-05,0.008408421418461941,0.000290991532837676,0.006488910142292001,5.278206495910309e-05,0.0,0.0,0.0,0.0,0.0,0.0,0.0,0.0,0.0,0.9993173523590181,0.9934823699924831,0.9915195182980411
153,G,3.434954909530629e-21,1.1993448018131194e-20,4.245626043596033e-07,3.45459838464372e-07,3.697242112156712e-12,0.0058516588981863404,4.553364570035877e-13,1.0447564993368705e-05,2.1174875585509124e-05,0.0,0.0,0.0,0.0,0.0,0.0,0.003597947546149492,5.445759703988229e-07,1.792526155139682e-06,0.0004441854131526822,2.73418320851985e-05,0.004822348652040595,0.0,0.0,0.0,0.0,0.0,0.0,0.0,0.0,0.0,0.995957521580404,0.9999616660232538,0.9893026004854281
154,C,1.0198355738005344e-05,1.2091685544155257e-36,3.734635656270801e-12,0.03819552083187741,3.0718561919242155e-05,0.00764784419440264,0.0,0.0,0.0,0.017176148146664,9.709431880342583e-05,0.015121579654443666,0.0,0.0,0.0,0.016114015483922106,0.003822506848898844,0.041825957017210334,0.0,0.0,0.0,1.3504297360280884e-05,1.4140690227931585e-05,9.99024259834364e-06,0.0,0.0,0.0,0.0,0.0,0.0,0.9284906128844382,0.9960355395801506,0.9353946288876105
155,A,1.7508799726045964e-05,0.00012982739879696724,0.01824210878027463,0.0,0.0,0.0,0.00035872460822894983,0.0013320812037053902,0.0050694887606945235,0.003975779287524348,0.020158334636565807,0.01884320446484584,0.0,0.0,0.0,0.0020944419599263,0.03472129672821988,0.010903521410200557,0.0,0.0,0.0,0.0,0.0,0.0,0.0014704498006359776,0.013761590975592729,0.0010795411034403397,0.0,0.0,0.0,0.9920830955439583,0.9298968690571192,0.9458621354805441
156,T,7.900966949544143e-167,2.4382679414063023e-32,2.3573553883097244e-144,6.13291171749969e-08,1.8912951262560763e-14,1.6833679976763851e-35,5.172528719071088e-15,2.0634982660721673e-13,1.3000296815773672e-07,5.92508830926752e-07,2.5445397290678056e-14,7.46192442925404e-14,0.00029171105457527686,0.00023294202984466586,0.004540942700659068,0.0,0.0,0.0,0.0,0.0,0.0,0.0,0.0,0.0,0.0,0.0,0.0,0.0,0.0,0.0,0.9997076351074714,0.9997670579699047,0.9954589272962981
157,G,4.170185249572834e-91,3.1426380969061487e-28,0.01376489216700593,3.062038089090939e-07,2.481384082219602e-07,2.6545191113598502e-20,0.0024861462918899253,0.0017962734163715344,1.9851852534405786e-10,0.0,0.0,0.0,0.0,0.0,0.0,0.0007182321639740077,0.00020773209162035838,0.00274320755697261,0.0003554489407381221,0.000251338342862573,0.001191103304952439,0.0,0.0,0.0,0.0,0.0,0.0,0.0,0.0,0.0,0.996439866399589,0.9977444080107373,0.9823007967725504
158,G,5.49530211333114e-32,1.5740881526331454e-06,3.8091902730964035e-70,0.00010590585058799352,3.7915295529190457e-06,1.4986076026561538e-06,5.728499488976871e-23,4.498653741606295e-06,0.00014504687466165302,0.0,0.0,0.0,0.0,0.0,0.0,1.9349889813547034e-08,3.514753861053861e-05,2.0601152903322478e-07,1.6160862249485365e-05,6.259456764215988e-07,0.0004094116519163508,0.0,0.0,0.0,0.0,0.0,0.0,0.0,0.0,0.0,0.9998779139372727,0.9999543622442658,0.9994438368542904
159,G,6.164583829910952e-18,4.371233619851989e-10,5.318440293133348e-22,0.014344359873226922,6.023695194073841e-32,4.044988094872655e-05,2.012565946739463e-06,4.131474326333049e-07,7.389530751810355e-14,0.0,0.0,0.0,0.0,0.0,0.0,0.003762560547787269,0.00011515284361466041,0.0026383658837976004,0.0042993622101806005,3.426232356864833e-05,3.7215304416288355e-05,0.0,0.0,0.0,0.0,0.0,0.0,0.0,0.0,0.0,0.9775917048028585,0.9998501712482607,0.9972839689307635
160,T,0.0,8.639173701742764e-37,3.4987499504198896e-119,1.4212336712181443e-42,9.380147989451225e-16,1.4054140214513177e-09,3.9585238344664396e-14,2.7253234397945364e-08,2.55670249410707e-13,4.606306703067828e-07,1.9668826192073773e-06,5.8953070379891486e-05,4.069511722096159e-06,2.320587235616638e-07,0.01852836391765418,0.0,0.0,0.0,0.0,0.0,0.0,0.0,0.0,0.0,0.0,0.0,0.0,0.0,0.0,0.0,0.999995469857568,0.999997773805422,0.9814126816062962
161,T,4.373886599116785e-116,1.0374302104437935e-80,0.0,2.20116597893137e-28,0.001086450325385592,4.0025008398069817e-13,2.366399140558326e-15,1.7616715518970405e-18,1.8469783403957096e-43,1.591036999217001e-54,4.207723751208469e-25,2.2109831638712287e-11,0.0003888787875165132,9.763204263741013e-05,0.0006243141108400325,0.0,0.0,0.0,0.0,0.0,0.0,0.0,0.0,0.0,0.0,0.0,0.0,0.0,0.0,0.0,0.9996111212124812,0.9988159176319769,0.9993756858666498
162,G,6.4949572183607864e-201,7.231591580948715e-132,2.5521416617538095e-48,2.0405804726125656e-06,0.00033518074784288796,6.0603998371140346e-05,0.004882194525386726,6.417315028229057e-05,0.00175639440926128,0.0,0.0,0.0,0.0,0.0,0.0,8.507638529659526e-23,8.886653866261894e-05,2.0120046638300645e-08,0.00033608359543663775,0.00031364816663383995,0.0053345709140121865,0.0,0.0,0.0,0.0,0.0,0.0,0.0,0.0,0.0,0.994779681298704,0.9991981313965784,0.9928484105583086
163,G,2.778969105571092e-78,2.2451112551446572e-11,2.7636684723580704e-57,1.657800641826078e-06,0.000355569247114808,0.00028757678484176243,1.1543231672118744e-07,6.870435957498022e-11,0.0004460995387502117,0.0,0.0,0.0,0.0,0.0,0.0,0.00043856220250563637,2.1080467681791018e-05,0.0018291043040333946,6.58137733664576e-05,0.00023463347598533555,4.028678535164723e-06,0.0,0.0,0.0,0.0,0.0,0.0,0.0,0.0,0.0,0.9994938507911694,0.9993887167180626,0.9974331906938394
164,T,3.2796568169116317e-35,2.7924082174962204e-96,2.1001024662944386e-47,7.497807302426187e-75,9.529741743550978e-49,2.391062709572527e-09,1.3909739062085714e-24,1.2231768569663897e-09,2.7467372730465826e-11,3.193850964364087e-35,1.389022758950177e-56,4.3690177851531915e-38,0.005892855811248933,6.742566757965815e-07,0.009544869696096017,0.0,0.0,0.0,0.0,0.0,0.0,0.0,0.0,0.0,0.0,0.0,0.0,0.0,0.0,0.0,0.994107144188751,0.9999993245201473,0.9904551278853738
165,A,4.697471492553565e-06,6.899976644375452e-14,0.0036286446066036873,0.0,0.0,0.0,0.0005308507819884958,7.385253813480042e-05,0.022665421336353204,0.006521009186354715,0.002825162785836813,7.713539995355975e-05,0.0,0.0,0.0,0.015021128393425627,0.018707101014033643,0.03708600240445941,0.0,0.0,0.0,0.0,0.0,0.0,0.008728361197024394,0.0035337955392123377,0.0034305525062470594,0.0,0.0,0.0,0.9691939529697141,0.9748600881227134,0.9331122437463831
166,T,3.010720520106113e-48,3.753136316655011e-167,3.753136316655011e-167,1.4326172229365019e-15,5.734716557640205e-06,5.734716557640205e-06,4.807025459124837e-115,5.222796857183981e-07,5.222796857183981e-07,3.8307870122571136e-50,6.777618053442023e-20,6.777618053442023e-20,0.005396113261372984,1.704692706160585e-05,1.704692706160585e-05,0.0,0.0,0.0,0.0,0.0,0.0,0.0,0.0,0.0,0.0,0.0,0.0,0.0,0.0,0.0,0.9946038867386257,0.999976696076695,0.999976696076695
167,G,6.664352392264113e-26,8.743752321759365e-08,8.743752321759365e-08,2.0111267009104735e-05,3.0914379269331623e-07,3.0914379269331623e-07,0.0002288179248104916,6.636842784556372e-06,6.636842784556372e-06,0.0,0.0,0.0,0.0,0.0,0.0,0.0007276297225041897,2.3418542354640687e-21,2.3418542354640687e-21,0.0009810868122607412,0.0007789557526262078,0.0007789557526262078,0.0,0.0,0.0,0.0,0.0,0.0,0.0,0.0,0.0,0.9980423542734155,0.9992140108232734,0.9992140108232734
168,T,7.210352454212291e-241,1.6057129503812125e-17,1.6057129503812125e-17,8.859988608135197e-07,3.344800484962842e-18,3.344800484962842e-18,1.2827135116210422e-14,9.75738236818949e-17,9.75738236818949e-17,2.265884095428574e-34,7.18261710221668e-09,7.18261710221668e-09,2.3225337625973934e-05,0.00028127201081137805,0.00028127201081137805,0.0,0.0,0.0,0.0,0.0,0.0,0.0,0.0,0.0,0.0,0.0,0.0,0.0,0.0,0.0,0.9999758886635003,0.9997187208065714,0.9997187208065714
169,T,1.9580215998352246e-18,1.3086672814361574e-161,1.3086672814361574e-161,1.1372312284173705e-06,7.833707208864609e-24,7.833707208864609e-24,1.6879477465819612e-13,2.0399630913449305e-31,2.0399630913449305e-31,7.914163629092242e-13,2.1303812518266126e-23,2.1303812518266126e-23,0.00358753293748023,1.5737040730682233e-06,1.5737040730682233e-06,0.0,0.0,0.0,0.0,0.0,0.0,0.0,0.0,0.0,0.0,0.0,0.0,0.0,0.0,0.0,0.9964113298303311,0.9999984262959271,0.9999984262959271
170,C,0.002725295291003361,4.955889122633366e-49,4.955889122633366e-49,0.0003893774209464018,0.003470824599525394,0.003470824599525394,0.0,0.0,0.0,0.002430476700061545,5.896682922594997e-05,5.896682922594997e-05,0.0,0.0,0.0,0.0003896828337994113,0.01727582113539638,0.01727582113539638,0.0,0.0,0.0,4.1795224835238e-05,1.9000904913327623e-06,1.9000904913327623e-06,0.0,0.0,0.0,0.0,0.0,0.0,0.994023372529354,0.979192487345361,0.979192487345361
171,C,1.7483898487448973e-09,3.667291047872128e-32,3.667291047872128e-32,0.005497911967699262,0.01487516259077803,0.01487516259077803,0.0,0.0,0.0,5.581085542939138e-05,0.010618369359810602,0.010618369359810602,0.0,0.0,0.0,0.00010133634303443813,0.005569238946641087,0.005569238946641087,0.0,0.0,0.0,0.0012252748037976336,0.00018452528790628386,0.00018452528790628386,0.0,0.0,0.0,0.0,0.0,0.0,0.9931196642816494,0.9687527038148639,0.9687527038148639
172,T,2.037546388674463e-16,3.265192759309917e-169,3.265192759309917e-169,1.4829612676239024e-20,6.432325712464855e-08,6.432325712464855e-08,7.082691035988308e-21,4.7073466541546995e-20,4.7073466541546995e-20,9.017853200007055e-11,0.0008123393912174733,0.0008123393912174733,0.00032222093856116636,0.0008383041959019006,0.0008383041959019006,0.0,0.0,0.0,0.0,0.0,0.0,0.0,0.0,0.0,0.0,0.0,0.0,0.0,0.0,0.0,0.99967777897126,0.9983492920896235,0.9983492920896235
173,G,3.618645814847262e-27,5.3345412046776384e-123,5.3345412046776384e-123,0.00392918273507853,2.230541468630628e-07,2.230541468630628e-07,0.0005686754736084028,1.6373522488966677e-09,1.6373522488966677e-09,0.0,0.0,0.0,0.0,0.0,0.0,5.350754261818277e-08,7.195436688057735e-18,7.195436688057735e-18,8.884862632204902e-11,3.9439223776376965e-05,3.9439223776376965e-05,0.0,0.0,0.0,0.0,0.0,0.0,0.0,0.0,0.0,0.9955020881949217,0.9999603360847246,0.9999603360847246
174,C,3.080692162621967e-05,1.4987850779979677e-05,1.4987850779979677e-05,0.0017466657265226419,0.0014733411215834434,0.0014733411215834434,0.0,0.0,0.0,0.0016084010535417465,0.008912776129939497,0.008912776129939497,0.0,0.0,0.0,0.008692343133986714,0.005899598614501542,0.005899598614501542,0.0,0.0,0.0,9.113122304266223e-07,5.153488715571729e-06,5.153488715571729e-06,0.0,0.0,0.0,0.0,0.0,0.0,0.9879208718520923,0.98369414279448,0.98369414279448
175,A,1.7956319020989012e-06,0.003052260653554672,0.003052260653554672,0.0,0.0,0.0,0.0034639790920623632,0.0075639495924579095,0.0075639495924579095,0.003991286086563879,0.0035985355250191258,0.0035985355250191258,0.0,0.0,0.0,0.021825075728700467,0.053632477880463304,0.053632477880463304,0.0,0.0,0.0,0.0,0.0,0.0,7.436079879751609e-07,0.0010481513084825938,0.0010481513084825938,0.0,0.0,0.0,0.9707171198527832,0.9311046250400223,0.9311046250400223
176,A,5.379464276810709e-05,0.00012385262225806501,0.00012385262225806501,0.0,0.0,0.0,0.0005120052886790347,7.992481506018277e-05,7.992481506018277e-05,0.00914379766096766,0.0418135548056314,0.0418135548056314,0.0,0.0,0.0,0.023732508875515215,0.009486520913638415,0.009486520913638415,0.0,0.0,0.0,0.0,0.0,0.0,6.25379280282438e-05,0.03933943064030081,0.03933943064030081,0.0,0.0,0.0,0.9664953556040417,0.9091567162031111,0.9091567162031111
177,T,3.8177254165712878e-62,3.4621264931139544e-46,3.4621264931139544e-46,8.022600978038796e-07,3.547963529992893e-26,3.547963529992893e-26,3.7153754488174975e-19,2.7131833694639045e-09,2.7131833694639045e-09,6.012691744992646e-14,5.3124794667010514e-05,5.3124794667010514e-05,6.810229722655265e-06,0.0010258582521100617,0.0010258582521100617,0.0,0.0,0.0,0.0,0.0,0.0,0.0,0.0,0.0,0.0,0.0,0.0,0.0,0.0,0.0,0.9999923875101193,0.9989210142400397,0.9989210142400397
178,T,9.493597926336864e-57,4.628287895582371e-168,4.628287895582371e-168,2.741330423502385e-09,1.2016871277679485e-32,1.2016871277679485e-32,5.266276328035293e-29,4.15331776174104e-06,4.15331776174104e-06,2.4129021146466154e-14,5.06315541106408e-10,5.06315541106408e-10,6.73333297308183e-05,0.026867401307828102,0.026867401307828102,0.0,0.0,0.0,0.0,0.0,0.0,0.0,0.0,0.0,0.0,0.0,0.0,0.0,0.0,0.0,0.9999326639289147,0.9731284448680947,0.9731284448680947
179,C,2.723999826676212e-09,3.90121500845598e-05,3.90121500845598e-05,0.003048429300163243,0.0025281108019019364,0.0025281108019019364,0.0,0.0,0.0,0.0002958399660775096,0.0010585563583380814,0.0010585563583380814,0.0,0.0,0.0,0.006405563389684313,0.012864710915528745,0.012864710915528745,0.0,0.0,0.0,1.5170618685428365e-06,0.002866553848633607,0.002866553848633607,0.0,0.0,0.0,0.0,0.0,0.0,0.9902486475582066,0.980643055925513,0.980643055925513
180,G,3.056771678093507e-53,1.3564675677197243e-20,1.3564675677197243e-20,6.561987773060404e-06,0.002430581760306201,0.002430581760306201,3.1355616901255567e-09,1.4458241392553785e-07,1.4458241392553785e-07,0.0,0.0,0.0,0.0,0.0,0.0,1.5874708680364183e-05,9.241194236242175e-07,9.241194236242175e-07,4.077254354263651e-07,0.006668529609006636,0.006668529609006636,0.0,0.0,0.0,0.0,0.0,0.0,0.0,0.0,0.0,0.9999771524425496,0.9908998199288496,0.9908998199288496
181,T,2.1270642905228604e-05,2.184073107188046e-273,2.184073107188046e-273,1.3184410536596697e-47,0.00014633461284163556,0.00014633461284163556,0.0008390990482817095,2.3505808933748267e-05,2.3505808933748267e-05,2.3580594708243013e-19,3.1019537347328765e-14,3.1019537347328765e-14,3.216129110459821e-06,3.2326353723576307e-10,3.2326353723576307e-10,0.0,0.0,0.0,0.0,0.0,0.0,0.0,0.0,0.0,0.0,0.0,0.0,0.0,0.0,0.0,0.9991364141797026,0.9998301592549301,0.9998301592549301
182,T,1.7496790697747606e-05,1.407773467666443e-98,1.407773467666443e-98,2.184469544940897e-21,2.5175784278449204e-17,2.5175784278449204e-17,0.00012683793705452675,3.6951255885383557e-14,3.6951255885383557e-14,1.4147098266775854e-22,1.2712915914989434e-19,1.2712915914989434e-19,0.0002668156860619502,0.0016714160095697192,0.0016714160095697192,0.0,0.0,0.0,0.0,0.0,0.0,0.0,0.0,0.0,0.0,0.0,0.0,0.0,0.0,0.0,0.9995888495861859,0.9983285839903934,0.9983285839903934
183,G,5.658144063689853e-06,1.8701889383824466e-18,1.8701889383824466e-18,6.193699419967592e-09,1.8584500566329312e-08,1.8584500566329312e-08,7.119255071446737e-09,3.4957301622522576e-08,3.4957301622522576e-08,0.0,0.0,0.0,0.0,0.0,0.0,6.002779195032215e-06,0.0028827598134728467,0.0028827598134728467,0.011422577880011785,0.00871783824821692,0.00871783824821692,0.0,0.0,0.0,0.0,0.0,0.0,0.0,0.0,0.0,0.9885657478837752,0.9883993483965079,0.9883993483965079
184,C,1.0070473667077312e-07,3.615288904236926e-11,3.615288904236926e-11,9.742835110128208e-05,0.0005407038057385376,0.0005407038057385376,0.0,0.0,0.0,0.00802017266732998,0.0013708267670880828,0.0013708267670880828,0.0,0.0,0.0,0.00038352636352868163,0.01138862218544739,0.01138862218544739,0.0,0.0,0.0,0.00033087980153051347,5.288105515583891e-06,5.288105515583891e-06,0.0,0.0,0.0,0.0,0.0,0.0,0.9911678921117728,0.9866945591000574,0.9866945591000574
185,T,1.6905298212741834e-257,0.0,0.0,4.811596492413718e-12,2.7979058895657724e-08,2.7979058895657724e-08,7.709740218669122e-24,1.359707982003114e-54,1.359707982003114e-54,2.8805145823253826e-08,1.3556906316800886e-24,1.3556906316800886e-24,1.4560564610253964e-06,0.0464663008505993,0.0464663008505993,0.0,0.0,0.0,0.0,0.0,0.0,0.0,0.0,0.0,0.0,0.0,0.0,0.0,0.0,0.0,0.9999985151335815,0.9535336711703417,0.9535336711703417
186,A,2.5179649668393292e-06,3.08661438297129e-06,3.08661438297129e-06,0.0,0.0,0.0,2.2354318716218258e-07,1.5693864597391115e-06,1.5693864597391115e-06,0.0004828378434984507,0.003302095536451682,0.003302095536451682,0.0,0.0,0.0,0.00011094481193816053,0.0008323547438513555,0.0008323547438513555,0.0,0.0,0.0,0.0,0.0,0.0,0.00038883726973993417,0.008287074423791905,0.008287074423791905,0.0,0.0,0.0,0.9990146385666693,0.9875738192950624,0.9875738192950624
187,T,5.374087108598087e-93,1.0113919421868738e-118,1.0113919421868738e-118,5.672842824397732e-20,6.535950791227417e-15,6.535950791227417e-15,0.0014727701073974507,2.0513502368768457e-63,2.0513502368768457e-63,1.3131277257153963e-12,0.0006740486734439806,0.0006740486734439806,0.0007533827298017801,0.0001858434919882553,0.0001858434919882553,0.0,0.0,0.0,0.0,0.0,0.0,0.0,0.0,0.0,0.0,0.0,0.0,0.0,0.0,0.0,0.9977738471614876,0.9991401078345611,0.9991401078345611
188,T,1.5999407755556745e-281,1.1133486280456049e-131,1.1133486280456049e-131,1.69540009986094e-15,3.6855200826788056e-28,3.6855200826788056e-28,2.2708090668483553e-17,8.272900692581221e-19,8.272900692581221e-19,1.4932091065487016e-50,1.1113902301725198e-25,1.1113902301725198e-25,4.3693851145260295e-06,0.0012543269316291192,0.0012543269316291192,0.0,0.0,0.0,0.0,0.0,0.0,0.0,0.0,0.0,0.0,0.0,0.0,0.0,0.0,0.0,0.9999956306148837,0.9987456730683709,0.9987456730683709
189,T,3.879123996782382e-222,4.541487792468508e-37,4.541487792468508e-37,4.7987889570785036e-33,6.695910164638037e-09,6.695910164638037e-09,3.646529129618202e-33,1.8903107713757997e-09,1.8903107713757997e-09,0.00013063459826597116,5.2157716609342835e-06,5.2157716609342835e-06,0.001449484659525399,0.005605671175045939,0.005605671175045939,0.0,0.0,0.0,0.0,0.0,0.0,0.0,0.0,0.0,0.0,0.0,0.0,0.0,0.0,0.0,0.9984198807422086,0.9943891044670722,0.9943891044670722
190,G,1.1660531118562842e-06,7.7706234608668806e-28,7.7706234608668806e-28,6.355865353597315e-07,0.0012825210879625632,0.0012825210879625632,8.52913726429237e-06,0.014413264166887527,0.014413264166887527,0.0,0.0,0.0,0.0,0.0,0.0,3.2447253404338183e-09,3.537647501499444e-17,3.537647501499444e-17,0.00035285937642733626,0.00012778519968072432,0.00012778519968072432,0.0,0.0,0.0,0.0,0.0,0.0,0.0,0.0,0.0,0.9996368066019358,0.9841764295454692,0.9841764295454692
191,G,6.101065662582015e-19,3.791097834156757e-123,3.791097834156757e-123,7.93854449767319e-12,1.226560213705199e-38,1.226560213705199e-38,2.1361431314947614e-29,6.527699016244613e-06,6.527699016244613e-06,0.0,0.0,0.0,0.0,0.0,0.0,1.2460772558818595e-05,8.633845589707325e-11,8.633845589707325e-11,7.629062540584807e-07,0.00023257170491677967,0.00023257170491677967,0.0,0.0,0.0,0.0,0.0,0.0,0.0,0.0,0.0,0.9999867763132486,0.9997609005097285,0.9997609005097285
192,A,0.004450441150257625,5.8992158296874286e-05,5.8992158296874286e-05,0.0,0.0,0.0,4.509509281226307e-06,0.00036699575255477827,0.00036699575255477827,0.08635160234680478,0.00978480733947222,0.00978480733947222,0.0,0.0,0.0,0.03839708772210733,0.01827768299298067,0.01827768299298067,0.0,0.0,0.0,0.0,0.0,0.0,0.005504458579062868,2.6627204605943543e-07,2.6627204605943543e-07,0.0,0.0,0.0,0.8652919006924861,0.9715112554846494,0.9715112554846494
193,T,2.58509617806609e-255,0.0,0.0,7.460842348691023e-09,5.557853062371925e-06,5.557853062371925e-06,8.820939896300459e-12,8.636642768856636e-74,8.636642768856636e-74,8.224898188545668e-11,8.399025509572481e-34,8.399025509572481e-34,0.000321377314305207,0.004671037655833047,0.004671037655833047,0.0,0.0,0.0,0.0,0.0,0.0,0.0,0.0,0.0,0.0,0.0,0.0,0.0,0.0,0.0,0.9996786151337824,0.9953234044911046,0.9953234044911046
194,A,8.562173090862361e-05,3.196214996473146e-14,3.196214996473146e-14,0.0,0.0,0.0,0.002508696212502038,0.011098304650137539,0.011098304650137539,0.004270325215802969,0.002596385739027649,0.002596385739027649,0.0,0.0,0.0,0.027637634215502565,0.03840683123425469,0.03840683123425469,0.0,0.0,0.0,0.0,0.0,0.0,0.009608053898739182,7.395134724559346e-08,7.395134724559346e-08,0.0,0.0,0.0,0.9558896687265445,0.9478984044252009,0.9478984044252009
195,A,0.0004469712349247215,4.752475492348439e-06,4.752475492348439e-06,0.0,0.0,0.0,0.0004046515473545094,3.9078999668901456e-07,3.9078999668901456e-07,0.016716002452663845,0.013434264241000159,0.013434264241000159,0.0,0.0,0.0,0.024394177784500464,0.007192927856925917,0.007192927856925917,0.0,0.0,0.0,0.0,0.0,0.0,1.0268721272152094e-07,8.338964037586302e-09,8.338964037586302e-09,0.0,0.0,0.0,0.9580380942933437,0.9793676562976209,0.9793676562976209
196,G,6.255580658727126e-37,4.175041702808391e-28,4.175041702808391e-28,4.726170853988385e-06,4.102366431841372e-08,4.102366431841372e-08,4.837762047876933e-06,0.0004030897869294221,0.0004030897869294221,0.0,0.0,0.0,0.0,0.0,0.0,1.1360660395138224e-27,2.5161047150828125e-05,2.5161047150828125e-05,0.0012472395288489252,2.0377488956424647e-05,2.0377488956424647e-05,0.0,0.0,0.0,0.0,0.0,0.0,0.0,0.0,0.0,0.9987431965382493,0.9995513306532992,0.9995513306532992
197,A,0.00023299622810828816,2.5849665762289043e-14,2.5849665762289043e-14,0.0,0.0,0.0,0.0002032849286685319,5.605877720018484e-05,5.605877720018484e-05,0.008254337864967974,0.0014811069255222004,0.0014811069255222004,0.0,0.0,0.0,0.026319049926649525,0.02163968821390344,0.02163968821390344,0.0,0.0,0.0,0.0,0.0,0.0,1.4929410960372227e-05,1.2311562080401797e-05,1.2311562080401797e-05,0.0,0.0,0.0,0.9649754016406454,0.9768108345212679,0.9768108345212679
198,T,5.0898264377503315e-220,0.0,0.0,3.4169724559181774e-41,5.682618353336123e-19,5.682618353336123e-19,1.7375833488251777e-16,2.729538312899992e-10,2.729538312899992e-10,7.821975258523052e-13,4.0795173113537387e-22,4.0795173113537387e-22,0.008802411364148234,0.021430130394561063,0.021430130394561063,0.0,0.0,0.0,0.0,0.0,0.0,0.0,0.0,0.0,0.0,0.0,0.0,0.0,0.0,0.0,0.9911975886350693,0.9785698693324851,0.9785698693324851
199,T,0.0,0.0,0.0,2.6611380520723136e-05,7.004266573599769e-22,7.004266573599769e-22,2.63733847637209e-13,4.4058629841693403e-20,4.4058629841693403e-20,2.3220729845294534e-89,1.0359016289075305e-121,1.0359016289075305e-121,1.8876670351841135e-05,0.00021666511540027346,0.00021666511540027346,0.0,0.0,0.0,0.0,0.0,0.0,0.0,0.0,0.0,0.0,0.0,0.0,0.0,0.0,0.0,0.9999545119488636,0.9997833348845999,0.9997833348845999
200,G,1.1947682679500704e-31,3.2293748747756972e-24,3.2293748747756972e-24,1.2225386734582193e-05,4.377742923654235e-10,4.377742923654235e-10,8.275332210700927e-06,1.0984138314984833e-07,1.0984138314984833e-07,0.0,0.0,0.0,0.0,0.0,0.0,5.213205381646272e-28,2.125880767867492e-05,2.125880767867492e-05,0.02612557703990113,2.918714286365398e-06,2.918714286365398e-06,0.0,0.0,0.0,0.0,0.0,0.0,0.0,0.0,0.0,0.9738539222411535,0.9999757121988774,0.9999757121988774
201,C,3.4480636578729715e-11,0.0013894484149785272,0.0013894484149785272,0.003249513692195664,4.386224253569804e-06,4.386224253569804e-06,0.0,0.0,0.0,0.006292732524427897,0.0012169479022032272,0.0012169479022032272,0.0,0.0,0.0,0.027738720196131727,0.01264795109439751,0.01264795109439751,0.0,0.0,0.0,0.0007172494170135681,0.0006468667704301261,0.0006468667704301261,0.0,0.0,0.0,0.0,0.0,0.0,0.9620017841357504,0.9840943995937371,0.9840943995937371
202,A,2.24800723150638e-05,0.0001593697582161184,0.0001593697582161184,0.0,0.0,0.0,0.008169814684889854,8.589262160295345e-05,8.589262160295345e-05,0.004634447437249631,0.0018631021636359324,0.0018631021636359324,0.0,0.0,0.0,0.0031816984404145305,0.0005306406631400285,0.0005306406631400285,0.0,0.0,0.0,0.0,0.0,0.0,0.0003838403296043845,0.002675759334348492,0.002675759334348492,0.0,0.0,0.0,0.9836077190355266,0.9946852354590563,0.9946852354590563
203,G,3.1634076481198416e-07,1.0943468792360418e-17,1.0943468792360418e-17,9.82040839014108e-05,0.00669347325335561,0.00669347325335561,1.625285993798189e-06,0.003155598494466208,0.003155598494466208,0.0,0.0,0.0,0.0,0.0,0.0,4.3075643547146905e-08,1.8156517026028829e-06,1.8156517026028829e-06,0.000490798158225541,0.0005394097935506385,0.0005394097935506385,0.0,0.0,0.0,0.0,0.0,0.0,0.0,0.0,0.0,0.9994090130554709,0.989609702806925,0.989609702806925
204,C,1.8236883965311323e-06,2.223785199060546e-28,2.223785199060546e-28,0.02102491749015945,0.012680542657624676,0.012680542657624676,0.0,0.0,0.0,0.0001965662582186841,0.00022659748525471454,0.00022659748525471454,0.0,0.0,0.0,0.012284838835798848,0.015053844067449479,0.015053844067449479,0.0,0.0,0.0,0.04121926455977426,0.0024688705317593563,0.0024688705317593563,0.0,0.0,0.0,0.0,0.0,0.0,0.9252725891676522,0.9695701452579119,0.9695701452579119
205,T,3.2249689371420056e-12,0.0,0.0,1.3781076940737728e-14,6.357764283726442e-13,6.357764283726442e-13,1.3876294667987764e-06,2.845625380479334e-06,2.845625380479334e-06,7.634324810036631e-18,3.153693287216328e-14,3.153693287216328e-14,0.00038111910474713205,0.0005082593200494066,0.0005082593200494066,0.0,0.0,0.0,0.0,0.0,0.0,0.0,0.0,0.0,0.0,0.0,0.0,0.0,0.0,0.0,0.9996174932625475,0.9994888950539029,0.9994888950539029
206,C,0.00016926618045488772,0.0002023025669876433,0.0002023025669876433,0.0038469058092067193,0.005550674497029119,0.005550674497029119,0.0,0.0,0.0,0.0006645301330628991,0.002799085053756204,0.002799085053756204,0.0,0.0,0.0,0.007688470967952507,0.036098389822732856,0.036098389822732856,0.0,0.0,0.0,0.0013051865121642364,1.9430470353809458e-06,1.9430470353809458e-06,0.0,0.0,0.0,0.0,0.0,0.0,0.9863256403971589,0.9553476050124589,0.9553476050124589
207,C,2.426913715664358e-12,7.812109443128491e-07,7.812109443128491e-07,0.0009429634604188233,0.0025301864052313873,0.0025301864052313873,0.0,0.0,0.0,0.00044308635386735066,0.003890455898535352,0.003890455898535352,0.0,0.0,0.0,0.007136640513441335,0.0273400985305424,0.0273400985305424,0.0,0.0,0.0,0.007200440665897411,0.007206858287633234,0.007206858287633234,0.0,0.0,0.0,0.0,0.0,0.0,0.9842768690039482,0.9590316196671133,0.9590316196671133
208,G,6.074345394321695e-20,2.42447875616694e-25,2.42447875616694e-25,1.131241410718467e-10,9.635056539091262e-05,9.635056539091262e-05,6.455474037957654e-05,7.637234202788597e-06,7.637234202788597e-06,0.0,0.0,0.0,0.0,0.0,0.0,6.8429140081421176e-12,6.705458277836262e-09,6.705458277836262e-09,0.006501653859063358,2.9080667490849978e-06,2.9080667490849978e-06,0.0,0.0,0.0,0.0,0.0,0.0,0.0,0.0,0.0,0.9934337912805901,0.999893097428199,0.999893097428199
209,C,0.0002811566060044723,2.883112357387091e-15,2.883112357387091e-15,0.009524869905504232,0.0031435762531861005,0.0031435762531861005,0.0,0.0,0.0,0.005844486828205639,0.04198078818458301,0.04198078818458301,0.0,0.0,0.0,0.027522872403398384,0.042217075488620213,0.042217075488620213,0.0,0.0,0.0,0.0008557580767182956,6.099874693413618e-06,6.099874693413618e-06,0.0,0.0,0.0,0.0,0.0,0.0,0.955970856180169,0.9126524601989143,0.9126524601989143
210,C,4.7788715136930225e-14,1.5774502651244464e-18,1.5774502651244464e-18,0.0224854607761971,0.0064203316033132184,0.0064203316033132184,0.0,0.0,0.0,0.0057095442357641656,0.002333228918550757,0.002333228918550757,0.0,0.0,0.0,0.005469985156658161,0.0023957414596483084,0.0023957414596483084,0.0,0.0,0.0,0.0020315396075870624,4.78636819692286e-05,4.78636819692286e-05,0.0,0.0,0.0,0.0,0.0,0.0,0.9643034702237457,0.9888028343365184,0.9888028343365184
211,A,2.323976705195983e-06,0.00013137886087914236,0.00013137886087914236,0.0,0.0,0.0,0.0055589849742665315,0.0014857617935700022,0.0014857617935700022,0.017272280484189075,0.0010455807568310622,0.0010455807568310622,0.0,0.0,0.0,0.02754269448270912,0.011312666660207544,0.011312666660207544,0.0,0.0,0.0,0.0,0.0,0.0,0.0002390971732501793,0.0004435435995529742,0.0004435435995529742,0.0,0.0,0.0,0.9493846189088799,0.9855810683289594,0.9855810683289594
212,G,6.81813620150149e-21,6.152226246743691e-69,6.152226246743691e-69,3.827801735794634e-12,0.0018102888218394643,0.0018102888218394643,1.8478336902413889e-07,6.473386062830207e-05,6.473386062830207e-05,0.0,0.0,0.0,0.0,0.0,0.0,3.021516213831566e-10,0.00011452985011613303,0.00011452985011613303,0.009830013683510446,0.0006621042067837385,0.0006621042067837385,0.0,0.0,0.0,0.0,0.0,0.0,0.0,0.0,0.0,0.9901698012271413,0.9973483432606324,0.9973483432606324
213,G,0.002064684493120478,1.2175573520351727e-63,1.2175573520351727e-63,0.005244102585822383,0.008333240547885333,0.008333240547885333,7.158647435946949e-05,6.996388174077148e-12,6.996388174077148e-12,0.0,0.0,0.0,0.0,0.0,0.0,1.7438970162581141e-12,2.961747855343744e-05,2.961747855343744e-05,5.918941481556125e-11,3.1443792703572797e-09,3.1443792703572797e-09,0.0,0.0,0.0,0.0,0.0,0.0,0.0,0.0,0.0,0.9926196263857644,0.9916371388221855,0.9916371388221855
214,T,7.003495219615082e-31,5.957472406083019e-25,5.957472406083019e-25,5.721997384890472e-09,7.892694361640566e-12,7.892694361640566e-12,5.3446682996513594e-15,3.442679378284565e-14,3.442679378284565e-14,3.9878394548102083e-25,6.761880459983018e-22,6.761880459983018e-22,1.6150210813626078e-13,3.280807235096199e-05,3.280807235096199e-05,0.0,0.0,0.0,0.0,0.0,0.0,0.0,0.0,0.0,0.0,0.0,0.0,0.0,0.0,0.0,0.9999999942778356,0.9999671919197218,0.9999671919197218
215,T,0.0,2.327061544113485e-18,2.327061544113485e-18,1.9720446273311976e-56,2.7120401102832336e-09,2.7120401102832336e-09,2.369254127306515e-26,1.2178108497663668e-24,1.2178108497663668e-24,1.6554253816379102e-40,1.0618009473161533e-36,1.0618009473161533e-36,1.1339434646544834e-07,0.008874480106791248,0.008874480106791248,0.0,0.0,0.0,0.0,0.0,0.0,0.0,0.0,0.0,0.0,0.0,0.0,0.0,0.0,0.0,0.9999998866056536,0.9911255171811685,0.9911255171811685
216,A,0.0031220931327439454,2.1389631420567224e-05,2.1389631420567224e-05,0.0,0.0,0.0,0.0005398118996793965,0.0010729935407886907,0.0010729935407886907,0.018797280830032525,0.013261497191175305,0.013261497191175305,0.0,0.0,0.0,0.0682302253126093,0.001901622983493835,0.001901622983493835,0.0,0.0,0.0,0.0,0.0,0.0,3.095109652699074e-07,0.0004185222678792185,0.0004185222678792185,0.0,0.0,0.0,0.9093102793139695,0.9833239743852423,0.9833239743852423
217,C,2.572223474078576e-06,3.123988798981381e-10,3.123988798981381e-10,0.009806617159946756,0.0004931244407656945,0.0004931244407656945,0.0,0.0,0.0,0.0004006407092857852,0.0029747064783247853,0.0029747064783247853,0.0,0.0,0.0,0.01967862376978141,0.004410417491543581,0.004410417491543581,0.0,0.0,0.0,0.003991845837376145,0.002596450863440639,0.002596450863440639,0.0,0.0,0.0,0.0,0.0,0.0,0.9661197003001359,0.9895253004135265,0.9895253004135265
218,A,0.002321177354881975,0.01078084704414097,0.01078084704414097,0.0,0.0,0.0,0.003796344119020415,0.004483335370260759,0.004483335370260759,8.118620657697143e-06,0.0004223750242572456,0.0004223750242572456,0.0,0.0,0.0,0.004069915363037514,0.0004268060263839402,0.0004268060263839402,0.0,0.0,0.0,0.0,0.0,0.0,0.016141351276673217,0.00012933807039456396,0.00012933807039456396,0.0,0.0,0.0,0.9736630932657291,0.9837572984645624,0.9837572984645624
219,C,5.918777101677242e-19,1.3716169442972504e-07,0.0012831284427251403,0.0018349441200945866,0.014801343814870192,0.010050238619608541,0.0,0.0,0.0,0.005531330597478593,5.7751372972586473e-05,0.020592735873545744,0.0,0.0,0.0,0.006404139974109049,0.026645404782966,0.02052822903887455,0.0,0.0,0.0,0.0001422350226330277,0.00010811698616600517,9.35498311434999e-08,0.0,0.0,0.0,0.0,0.0,0.0,0.9860873502856847,0.9583872458813307,0.9475455744754148
220,T,8.084455449176735e-183,7.44010072844747e-181,1.735975974013178e-37,3.612482001521309e-40,2.7675836272063654e-30,1.8611020204378773e-11,4.1529195741454475e-12,7.496311507129421e-82,0.0027875200898344653,6.878406594756509e-22,1.0792519718608653e-14,1.0316093596759189e-14,3.1944214838321786e-05,0.008518597061096252,0.004938815159736869,0.0,0.0,0.0,0.0,0.0,0.0,0.0,0.0,0.0,0.0,0.0,0.0,0.0,0.0,0.0,0.9999680557810089,0.991481402938893,0.9922736647318073
221,G,0.00011861687226246506,2.5756978364886273e-49,1.3928192489620582e-30,0.0008791597858712675,0.00018796084261351155,0.00013139178505988078,5.748196674827633e-13,4.057743790574412e-05,9.69530978219038e-09,0.0,0.0,0.0,0.0,0.0,0.0,2.6229954621837564e-07,8.545731011642027e-17,2.728177267754231e-06,0.0003980238760862498,0.00025152823290537017,0.0025182757253608547,0.0,0.0,0.0,0.0,0.0,0.0,0.0,0.0,0.0,0.9986039371656591,0.9995199334865753,0.9973475946170017
222,T,1.9334868773078537e-209,2.770825405017675e-235,3.6370283552330464e-115,7.512966955455215e-25,1.2132451629687619e-27,3.994509529662845e-23,0.0003707671631430514,1.7672758533283658e-06,4.859049432692398e-10,1.6110291651303526e-06,6.415013134787207e-60,0.0008507397305439595,9.84823389008293e-10,0.0008840391726882808,0.0003049268178363193,0.0,0.0,0.0,0.0,0.0,0.0,0.0,0.0,0.0,0.0,0.0,0.0,0.0,0.0,0.0,0.9996276208228685,0.9991141935514584,0.9988443329657148
223,G,6.667699169091796e-22,0.0,7.284085958124648e-49,2.9228586582623976e-14,3.8991276964837595e-09,0.0007050972435973757,0.00012913786665669417,6.9888118607675874e-15,3.2758430249684186e-15,0.0,0.0,0.0,0.0,0.0,0.0,6.089624631181585e-11,1.1218495330971779e-07,0.001170831544894566,3.943841247994826e-13,6.625969637168934e-13,0.0013888586602770292,0.0,0.0,0.0,0.0,0.0,0.0,0.0,0.0,0.0,0.9998708620720235,0.9999998839152494,0.9967352125512279
224,T,8.301126341860578e-29,0.0,4.92594519048554e-08,2.3126161653690033e-06,1.9669785922186152e-20,2.4810670789230624e-11,7.98894117761147e-100,2.7232602596914644e-16,2.245555377530712e-08,2.1632517974314086e-30,6.7943011775142965e-09,0.0021937566044191717,1.5638204898422308e-07,0.004721452184818247,0.0001697371964396727,0.0,0.0,0.0,0.0,0.0,0.0,0.0,0.0,0.0,0.0,0.0,0.0,0.0,0.0,0.0,0.9999975310017857,0.9952785410208802,0.9976364344593249
225,T,8.281467219939485e-245,2.299802758378533e-36,9.283575960806295e-204,9.845844733625394e-10,1.5234585050309433e-05,9.087040154961828e-28,1.6331652618047468e-44,2.524012706614852e-27,3.4273232234970508e-09,3.642150904127574e-18,4.7150941385597356e-32,4.3676163496543095e-88,0.0011387227841092645,0.00845501279248609,0.0002526500806660564,0.0,0.0,0.0,0.0,0.0,0.0,0.0,0.0,0.0,0.0,0.0,0.0,0.0,0.0,0.0,0.9988612762313062,0.9915297526224636,0.9997473464920108
226,C,2.9672918878614965e-11,2.1108086494931316e-13,1.1085627822507618e-19,0.0011446650813854862,0.0005510284640504904,0.007393052522968978,0.0,0.0,0.0,0.0018796889858655613,0.00048360207920589897,0.007043500937828262,0.0,0.0,0.0,0.0022976622297986495,0.014202133238155067,0.01276988079141282,0.0,0.0,0.0,3.0405006691384824e-06,0.018721117752713744,0.0007731976929436112,0.0,0.0,0.0,0.0,0.0,0.0,0.9946749431726082,0.9660421184656637,0.9720203680548463
227,G,1.7368823586996548e-05,1.9796366656791543e-08,6.280062140397846e-122,0.00015817842008462136,0.00041977442160533055,1.0152226037565005e-09,0.0006812513380806757,0.0005301840101085312,1.5513996121132628e-09,0.0,0.0,0.0,0.0,0.0,0.0,6.02133694891326e-16,0.00014733746855116224,0.0007058834358334288,0.00020827433243325848,2.7153561623246576e-08,0.007140259768379811,0.0,0.0,0.0,0.0,0.0,0.0,0.0,0.0,0.0,0.9989349270858139,0.9989026571498066,0.9921538542291646
228,A,1.125430749848017e-19,8.632674927368826e-05,1.1135302737635917e-10,0.0,0.0,0.0,0.003153179876574578,0.004723771602093727,0.013330561137371093,0.00028721427824025407,0.00551943637326026,0.00884731187321449,0.0,0.0,0.0,0.022499451880238698,0.0009032581303605558,0.0137492542209893,0.0,0.0,0.0,0.0,0.0,0.0,3.819636563477605e-06,0.003182332324983081,2.4600125710194103e-06,0.0,0.0,0.0,0.9740563343283829,0.9855848748200287,0.9640704126445011
229,C,3.1064306597411914e-05,0.0002725207656000495,0.00037466548010588657,0.003349216631943017,0.0018477777404872987,0.003429679796898049,0.0,0.0,0.0,0.04110550592085364,0.022234503080765557,0.0007398612051688804,0.0,0.0,0.0,0.005850641116747344,0.006560260094269308,0.005412957488531072,0.0,0.0,0.0,0.00010469964906650098,8.769630921037877e-05,6.662828277116708e-05,0.0,0.0,0.0,0.0,0.0,0.0,0.9495588723747922,0.9689972420096675,0.9899762077465248
230,C,0.0006684691557539056,2.6013538538085665e-07,9.853613691686358e-10,3.1521325173700403e-06,0.0011418308587636187,0.02527596130201321,0.0,0.0,0.0,0.01207376532508788,2.725614499735458e-05,0.00946173041902792,0.0,0.0,0.0,0.0011639741756447333,0.0244921460433075,0.0052545761355921455,0.0,0.0,0.0,9.793354362046261e-08,0.0005962256139791289,5.174267935765866e-06,0.0,0.0,0.0,0.0,0.0,0.0,0.9860905412774525,0.973742281203567,0.9600025568900696
231,C,6.419227884339162e-18,0.01746309270554643,4.328742515839764e-06,0.0015444503607871273,0.0018435247937151524,0.006878656884695052,0.0,0.0,0.0,0.009860563269608972,0.0037297494219519513,0.0005262092473644854,0.0,0.0,0.0,0.009058989699610802,0.006000673561690833,0.016607908942518738,0.0,0.0,0.0,1.794808060209238e-06,0.0018453382038808477,0.0008926728904257575,0.0,0.0,0.0,0.0,0.0,0.0,0.9795342018619329,0.9691176213132148,0.9750902232924801
232,G,6.216736596608312e-10,7.201392592219793e-42,6.216736596608312e-10,2.629112422996839e-14,1.3575428025205455e-07,2.629112422996839e-14,5.113926993472863e-06,5.62808989743009e-08,5.113926993472863e-06,0.0,0.0,0.0,0.0,0.0,0.0,0.00019511884123528663,2.0082569337554484e-07,0.00019511884123528663,0.019275425791461968,0.00014532522495353878,0.019275425791461968,0.0,0.0,0.0,0.0,0.0,0.0,0.0,0.0,0.0,0.9805243408186092,0.9998542819141737,0.9805243408186092
233,A,3.814811498202201e-15,0.0012739602613085167,3.814811498202201e-15,0.0,0.0,0.0,0.00474996200250911,0.0034261939518544417,0.00474996200250911,0.0018927335506128398,0.023954261723978687,0.0018927335506128398,0.0,0.0,0.0,0.00667950880612713,0.07867403046526342,0.00667950880612713,0.0,0.0,0.0,0.0,0.0,0.0,6.077347742105642e-07,2.7824951130177825e-09,6.077347742105642e-07,0.0,0.0,0.0,0.9866771879059729,0.8926715508150999,0.9866771879059729
234,G,6.915029355971162e-69,1.2451012266153813e-20,6.915029355971162e-69,3.6493667801557066e-06,9.947888961710728e-19,3.6493667801557066e-06,3.555723008785965e-08,2.929555388865268e-17,3.555723008785965e-08,0.0,0.0,0.0,0.0,0.0,0.0,1.858580560903764e-08,2.999756787398116e-12,1.858580560903764e-08,0.0024108671100699784,0.0005759798091375039,0.0024108671100699784,0.0,0.0,0.0,0.0,0.0,0.0,0.0,0.0,0.0,0.9975854293801143,0.9994240201878628,0.9975854293801143
235,G,2.0560980345420302e-27,0.0007132587032411992,2.0560980345420302e-27,2.6125882783808593e-06,1.4693039821663235e-05,2.6125882783808593e-06,0.00010927742427178265,0.0005732963479709704,0.00010927742427178265,0.0,0.0,0.0,0.0,0.0,0.0,0.0030661370951918605,0.0007888378297471203,0.0030661370951918605,0.0002247225526467477,6.470494576778138e-08,0.0002247225526467477,0.0,0.0,0.0,0.0,0.0,0.0,0.0,0.0,0.0,0.9965972503396111,0.9979098493742733,0.9965972503396111
236,C,6.1364310030031574e-21,1.1162087151940534e-40,6.1364310030031574e-21,0.021325498430321693,0.0003457041501007369,0.021325498430321693,0.0,0.0,0.0,0.00023534147414103478,0.0001793175414375489,0.00023534147414103478,0.0,0.0,0.0,0.0030658340569278885,0.011530948227268563,0.0030658340569278885,0.0,0.0,0.0,2.6472531569179734e-07,3.586961514588332e-06,2.6472531569179734e-07,0.0,0.0,0.0,0.0,0.0,0.0,0.9753730613132937,0.9879404431196787,0.9753730613132937
237,C,6.77990910136741e-10,3.3908224309565115e-10,6.77990910136741e-10,0.01169938523526508,0.0032979613901596714,0.01169938523526508,0.0,0.0,0.0,0.013810675950291564,0.00013409750415182558,0.013810675950291564,0.0,0.0,0.0,0.003401922171089365,0.001655533456375549,0.003401922171089365,0.0,0.0,0.0,0.0023354186733030055,0.00470797536155127,0.0023354186733030055,0.0,0.0,0.0,0.0,0.0,0.0,0.9687525972920601,0.9902044319486795,0.9687525972920601
238,C,9.67264959795308e-07,1.9340958615540436e-07,9.67264959795308e-07,0.028102725884393692,0.0473129120844076,0.028102725884393692,0.0,0.0,0.0,0.0485220455965951,1.8175340428820744e-05,0.0485220455965951,0.0,0.0,0.0,0.012410806465018397,0.026685795359133346,0.012410806465018397,0.0,0.0,0.0,3.8831865545088335e-06,0.0016604794706664536,3.8831865545088335e-06,0.0,0.0,0.0,0.0,0.0,0.0,0.9109595716024785,0.9243224443357777,0.9109595716024785
239,A,0.016773275531997183,0.003249774967498658,0.016773275531997183,0.0,0.0,0.0,0.000468838084101572,0.00014952615883204287,0.000468838084101572,0.007398702316775221,0.014626290864224482,0.007398702316775221,0.0,0.0,0.0,0.006995137808701981,0.025160582799694423,0.006995137808701981,0.0,0.0,0.0,0.0,0.0,0.0,0.00034492015546481005,0.0064880237229016455,0.00034492015546481005,0.0,0.0,0.0,0.9680191261029593,0.9503258014868486,0.9680191261029593
240,T,7.785362255939233e-300,1.5612032742282984e-158,7.785362255939233e-300,8.350628287477188e-11,6.713146324456013e-10,8.350628287477188e-11,1.09826329552746e-13,3.4274958599670915e-06,1.09826329552746e-13,0.0008933513227071958,5.73421750683195e-09,0.0008933513227071958,0.010308926780814949,0.0004069742218686385,0.010308926780814949,0.0,0.0,0.0,0.0,0.0,0.0,0.0,0.0,0.0,0.0,0.0,0.0,0.0,0.0,0.0,0.9887977218128617,0.9995895918767391,0.9887977218128617
241,G,1.3473504308568331e-30,1.3409535956779768e-34,1.3473504308568331e-30,1.1904027659494497e-16,7.158627959173119e-14,1.1904027659494497e-16,5.686377748361088e-07,8.765688048749248e-08,5.686377748361088e-07,0.0,0.0,0.0,0.0,0.0,0.0,1.0372345850220705e-12,5.281881690562559e-06,1.0372345850220705e-12,0.02615251970151972,0.0013630322458884144,0.02615251970151972,0.0,0.0,0.0,0.0,0.0,0.0,0.0,0.0,0.0,0.9738469116596682,0.998631598215469,0.9738469116596682
242,T,8.569311155948472e-23,2.1175380013496273e-96,8.569311155948472e-23,1.7625020711993173e-12,1.6936984190958931e-07,1.7625020711993173e-12,1.2887294638862986e-08,6.497783428288224e-20,1.2887294638862986e-08,5.659210181035753e-19,4.940830490650268e-27,5.659210181035753e-19,0.0010092621430153256,7.657889695427051e-08,0.0010092621430153256,0.0,0.0,0.0,0.0,0.0,0.0,0.0,0.0,0.0,0.0,0.0,0.0,0.0,0.0,0.0,0.9989907249679276,0.9999997540512611,0.9989907249679276
243,T,7.121571687199717e-278,2.0811887959742382e-08,7.121571687199717e-278,1.2855600212457776e-40,1.1129540170912377e-07,1.2855600212457776e-40,1.3874242621476166e-31,1.3639295725024379e-09,1.3874242621476166e-31,3.1228777910313553e-13,6.022779958976683e-23,3.1228777910313553e-13,0.0010010405708275783,0.0003880910644302656,0.0010010405708275783,0.0,0.0,0.0,0.0,0.0,0.0,0.0,0.0,0.0,0.0,0.0,0.0,0.0,0.0,0.0,0.9989989594288601,0.9996117754643503,0.9989989594288601
244,A,3.0031003644930653e-10,1.6261881182356729e-12,3.0031003644930653e-10,0.0,0.0,0.0,0.0014321824892307234,0.0017194053866442511,0.0014321824892307234,0.03036289480684954,0.003802702411072583,0.03036289480684954,0.0,0.0,0.0,0.006148155687079048,0.015745392364249,0.006148155687079048,0.0,0.0,0.0,0.0,0.0,0.0,0.0006890071309013313,5.655579944643438e-06,0.0006890071309013313,0.0,0.0,0.0,0.9613677595856293,0.9787268442564635,0.9613677595856293
245,T,1.5589758596835597e-94,0.0,1.5589758596835597e-94,2.295996198440955e-23,3.3212973920466735e-13,2.295996198440955e-23,4.911091315728787e-21,3.981775520949748e-35,4.911091315728787e-21,2.0935946599145998e-19,1.6646248069258424e-30,2.0935946599145998e-19,4.806100452860325e-07,4.768962884599335e-05,4.806100452860325e-07,0.0,0.0,0.0,0.0,0.0,0.0,0.0,0.0,0.0,0.0,0.0,0.0,0.0,0.0,0.0,0.9999995193899547,0.999952310370822,0.9999995193899547
246,C,2.2032249771666086e-16,7.041799582345865e-14,2.2032249771666086e-16,0.014451082490311145,1.0396317262733938e-07,0.014451082490311145,0.0,0.0,0.0,0.0003240471657244593,7.57350483071536e-05,0.0003240471657244593,0.0,0.0,0.0,0.008077156843036946,0.001420492314210158,0.008077156843036946,0.0,0.0,0.0,2.967835247924463e-06,2.2683482433420475e-05,2.967835247924463e-06,0.0,0.0,0.0,0.0,0.0,0.0,0.9771447456656793,0.9984809851918061,0.9771447456656793
247,G,4.4485455336370186e-54,4.842209230062449e-99,4.4485455336370186e-54,4.336554619039755e-08,0.0016392619803778294,4.336554619039755e-08,3.23466382535087e-15,1.6782184091031507e-14,3.23466382535087e-15,0.0,0.0,0.0,0.0,0.0,0.0,0.01590851487434783,0.00022555055708045027,0.01590851487434783,0.0002971250786377431,2.9677746141978896e-06,0.0002971250786377431,0.0,0.0,0.0,0.0,0.0,0.0,0.0,0.0,0.0,0.9837943166814651,0.9981322196879109,0.9837943166814651
248,G,2.70179361381921e-35,9.809398177817547e-25,2.70179361381921e-35,0.0010563564913227174,0.009140147447094432,0.0010563564913227174,0.00044830524121509794,3.647472199190294e-08,0.00044830524121509794,0.0,0.0,0.0,0.0,0.0,0.0,3.4969135006940114e-17,1.3685464958445226e-08,3.4969135006940114e-17,0.0006552369100027071,0.0009860858656744994,0.0006552369100027071,0.0,0.0,0.0,0.0,0.0,0.0,0.0,0.0,0.0,0.9978401013574594,0.9898737165270441,0.9978401013574594
249,T,5.62233419297197e-108,8.23902208317505e-15,5.62233419297197e-108,3.1446816942466558e-37,4.504867146629604e-12,3.1446816942466558e-37,1.5655684387801184e-10,2.6861889044319564e-19,1.5655684387801184e-10,1.0502488701864295e-19,1.6455110672777171e-15,1.0502488701864295e-19,0.0001747923922141346,1.9554688508646893e-10,0.0001747923922141346,0.0,0.0,0.0,0.0,0.0,0.0,0.0,0.0,0.0,0.0,0.0,0.0,0.0,0.0,0.0,0.9998252074512289,0.9999999997999384,0.9998252074512289
250,G,2.1318415623260734e-19,3.665563001762126e-63,2.1318415623260734e-19,1.6233495923107852e-05,5.082646267877702e-22,1.6233495923107852e-05,6.2817618560626844e-09,2.7229923086686154e-08,6.2817618560626844e-09,0.0,0.0,0.0,0.0,0.0,0.0,9.670017394996475e-05,1.1875683932547617e-13,9.670017394996475e-05,0.00970979284525334,1.5926911946115335e-06,0.00970979284525334,0.0,0.0,0.0,0.0,0.0,0.0,0.0,0.0,0.0,0.9901772672031117,0.9999983800787636,0.9901772672031117
251,G,6.8892021345573e-30,4.6552657571943386e-166,6.8892021345573e-30,0.0002804079584168461,1.2242890208052322e-20,0.0002804079584168461,3.0453067887805347e-05,0.0033195081185437994,3.0453067887805347e-05,0.0,0.0,0.0,0.0,0.0,0.0,0.00011458613465793234,2.0204873332040752e-07,0.00011458613465793234,0.017693443719687594,0.0001429161968337679,0.017693443719687594,0.0,0.0,0.0,0.0,0.0,0.0,0.0,0.0,0.0,0.9818811091193499,0.9965373736358891,0.9818811091193499
252,C,4.26447210561946e-16,3.356703262393057e-06,4.26447210561946e-16,9.53724907796019e-05,0.0009430879492625714,9.53724907796019e-05,0.0,0.0,0.0,0.005229620376609164,0.0003460982109065253,0.005229620376609164,0.0,0.0,0.0,0.03427443403183494,0.001815747818458895,0.03427443403183494,0.0,0.0,0.0,0.0030203224451694492,3.057069794494542e-05,0.0030203224451694492,0.0,0.0,0.0,0.0,0.0,0.0,0.9573802506556064,0.9968611386201647,0.9573802506556064
253,C,2.1495390037077355e-06,6.360710511482873e-06,2.1495390037077355e-06,0.0025701366352330842,0.04594061832030454,0.0025701366352330842,0.0,0.0,0.0,0.02813246081082562,0.004186516048670431,0.02813246081082562,0.0,0.0,0.0,0.003862237286109137,0.0269623374644007,0.003862237286109137,0.0,0.0,0.0,0.0093718566289323,6.022826757830583e-06,0.0093718566289323,0.0,0.0,0.0,0.0,0.0,0.0,0.9560611590998962,0.922898144629355,0.9560611590998962
254,T,1.4922154932981245e-142,0.0,1.4922154932981245e-142,1.6896893246634442e-06,1.657400775673479e-29,1.6896893246634442e-06,2.3075652719992395e-07,1.1433681221865994e-61,2.3075652719992395e-07,1.167851656309111e-08,2.6888219298797465e-21,1.167851656309111e-08,1.9637077985189306e-05,0.0071915627539380035,1.9637077985189306e-05,0.0,0.0,0.0,0.0,0.0,0.0,0.0,0.0,0.0,0.0,0.0,0.0,0.0,0.0,0.0,0.9999784307976465,0.992808437246062,0.9999784307976465
255,C,4.160225560687566e-08,6.969272428533488e-07,4.160225560687566e-08,0.012396164805795628,0.03127737117225578,0.012396164805795628,0.0,0.0,0.0,0.00013931933603725054,0.0012429270533559954,0.00013931933603725054,0.0,0.0,0.0,0.0022459913645904695,0.0027877830630569475,0.0022459913645904695,0.0,0.0,0.0,5.623551244561349e-06,1.5966653042872836e-05,5.623551244561349e-06,0.0,0.0,0.0,0.0,0.0,0.0,0.9852128593400766,0.9646752551310456,0.9852128593400766
256,G,5.943641223961446e-82,2.8474482294740537e-18,1.9768278706462432e-53,0.0075053455365642376,1.814933858792098e-07,0.0006658282760929314,1.7520589061469267e-07,0.0028931836327380387,1.8939715278259556e-11,0.0,0.0,0.0,0.0,0.0,0.0,3.462758647082917e-14,5.553050248608606e-05,0.011122344132474638,2.0251578042284882e-05,2.0220431800243866e-05,0.0010957255308060828,0.0,0.0,0.0,0.0,0.0,0.0,0.0,0.0,0.0,0.9924742276794682,0.9970308839395897,0.9871161020416866
257,C,2.6238425233068746e-11,0.0003327371370485961,3.904536877117859e-06,0.0024316135310009953,0.0027908138840861654,0.031754210876618644,0.0,0.0,0.0,0.007867357742231873,0.001167271504591105,0.01018651630187055,0.0,0.0,0.0,0.0029087269848523285,0.0012230820364154654,0.021759774359783563,0.0,0.0,0.0,5.468699643558617e-05,4.531109364671316e-06,0.004321156034518604,0.0,0.0,0.0,0.0,0.0,0.0,0.9867376147192407,0.9944815643284941,0.9319744378903315
258,C,0.00012607839024831295,2.5007037505261538e-24,0.024736524700097313,0.00366556724437291,0.0005341045077494267,0.02372002741236872,0.0,0.0,0.0,0.000324502523829088,0.01664334753001114,0.00789373170338779,0.0,0.0,0.0,0.004029882627711852,0.0136116294387649,0.029314870341518678,0.0,0.0,0.0,0.004862450160746453,0.0006020822017640543,1.330810593313851e-07,0.0,0.0,0.0,0.0,0.0,0.0,0.9869915190530915,0.9686088363217106,0.9143347127615682
259,C,0.0001975370469559863,0.0001322807015827812,0.0001322807015827812,0.03232943841269889,0.005853713126178459,0.005853713126178459,0.0,0.0,0.0,0.0005430667297065177,0.000220614785940172,0.000220614785940172,0.0,0.0,0.0,0.021284255936356734,0.0029160172450026704,0.0029160172450026704,0.0,0.0,0.0,0.003639832774348713,0.001535831654784114,0.001535831654784114,0.0,0.0,0.0,0.0,0.0,0.0,0.9420058690999332,0.9893415424865118,0.9893415424865118
260,C,0.0007257034579893775,8.676816493743924e-22,8.676816493743924e-22,0.02950918403096182,0.018296917801386866,0.018296917801386866,0.0,0.0,0.0,0.0010733530932398449,0.0018556153270647992,0.0018556153270647992,0.0,0.0,0.0,0.03395792935412689,0.015992989311196804,0.015992989311196804,0.0,0.0,0.0,0.0002613711764170118,7.734831747026123e-05,7.734831747026123e-05,0.0,0.0,0.0,0.0,0.0,0.0,0.9344724588872652,0.9637771292428813,0.9637771292428813
261,T,1.4908279955799598e-110,4.51757600626699e-78,4.51757600626699e-78,2.5455494060711765e-34,8.273292693686222e-17,8.273292693686222e-17,3.955155876019513e-121,6.116285891754198e-26,6.116285891754198e-26,7.799259596736132e-24,2.3480182931873777e-08,2.3480182931873777e-08,0.0009078800326512893,8.040642775100837e-07,8.040642775100837e-07,0.0,0.0,0.0,0.0,0.0,0.0,0.0,0.0,0.0,0.0,0.0,0.0,0.0,0.0,0.0,0.9990921199673487,0.9999991724555395,0.9999991724555395
262,T,5.20701284217028e-219,2.811276562611227e-58,2.811276562611227e-58,9.565156598867646e-43,3.713755616077837e-09,3.713755616077837e-09,1.1766341872016025e-12,3.067306821246689e-10,3.067306821246689e-10,6.869696024868883e-42,9.031700302217258e-11,9.031700302217258e-11,0.00019888584116585213,1.4487671493563645e-05,1.4487671493563645e-05,0.0,0.0,0.0,0.0,0.0,0.0,0.0,0.0,0.0,0.0,0.0,0.0,0.0,0.0,0.0,0.9998011141576575,0.9999855082177032,0.9999855082177032
263,A,8.910851797656217e-08,3.3283763502688057e-09,3.3283763502688057e-09,0.0,0.0,0.0,0.001850212669323289,2.0544094540072462e-07,2.0544094540072462e-07,0.014806424133409905,0.002961617258857323,0.002961617258857323,0.0,0.0,0.0,0.0010688787244066092,0.004435095747483956,0.004435095747483956,0.0,0.0,0.0,0.0,0.0,0.0,1.3106678765050555e-08,0.009905222497804038,0.009905222497804038,0.0,0.0,0.0,0.9822743822576635,0.982697855726533,0.982697855726533
264,G,0.0009868559819061198,0.0009868559819061198,0.0009868559819061198,0.0004322386997477248,0.0004322386997477248,0.0004322386997477248,0.0004301120235149806,0.0004301120235149806,0.0004301120235149806,0.0,0.0,0.0,0.0,0.0,0.0,1.1137473331507331e-07,1.1137473331507331e-07,1.1137473331507331e-07,2.1951095680533506e-07,2.1951095680533506e-07,2.1951095680533506e-07,0.0,0.0,0.0,0.0,0.0,0.0,0.0,0.0,0.0,0.998150462409141,0.998150462409141,0.998150462409141
265,T,5.965527626183533e-12,5.965527626183533e-12,5.965527626183533e-12,3.2332040853687056e-16,3.2332040853687056e-16,3.2332040853687056e-16,1.915928403739979e-08,1.915928403739979e-08,1.915928403739979e-08,3.320116363578808e-26,3.320116363578808e-26,3.320116363578808e-26,0.008451255128772388,0.008451255128772388,0.008451255128772388,0.0,0.0,0.0,0.0,0.0,0.0,0.0,0.0,0.0,0.0,0.0,0.0,0.0,0.0,0.0,0.9915487257059777,0.9915487257059777,0.9915487257059777
266,G,2.1167285909592276e-103,2.1167285909592276e-103,2.1167285909592276e-103,2.1312624118576883e-05,2.1312624118576883e-05,2.1312624118576883e-05,6.378275427699298e-05,6.378275427699298e-05,6.378275427699298e-05,0.0,0.0,0.0,0.0,0.0,0.0,1.584043672194289e-06,1.584043672194289e-06,1.584043672194289e-06,0.0002747527452622786,0.0002747527452622786,0.0002747527452622786,0.0,0.0,0.0,0.0,0.0,0.0,0.0,0.0,0.0,0.99963856783267,0.99963856783267,0.99963856783267
267,G,1.5045961591418714e-24,1.5045961591418714e-24,1.5045961591418714e-24,0.00022311641592862106,0.00022311641592862106,0.00022311641592862106,0.0015051168889955544,0.0015051168889955544,0.0015051168889955544,0.0,0.0,0.0,0.0,0.0,0.0,8.836174133158828e-06,8.836174133158828e-06,8.836174133158828e-06,1.2826785835135644e-05,1.2826785835135644e-05,1.2826785835135644e-05,0.0,0.0,0.0,0.0,0.0,0.0,0.0,0.0,0.0,0.9982501037351075,0.9982501037351075,0.9982501037351075
268,C,1.4257571925204898e-22,1.4257571925204898e-22,1.4257571925204898e-22,0.029993871317788207,0.029993871317788207,0.029993871317788207,0.0,0.0,0.0,0.0006593265537523008,0.0006593265537523008,0.0006593265537523008,0.0,0.0,0.0,0.0017877580692604322,0.0017877580692604322,0.0017877580692604322,0.0,0.0,0.0,0.0004983029463004166,0.0004983029463004166,0.0004983029463004166,0.0,0.0,0.0,0.0,0.0,0.0,0.9670607411128985,0.9670607411128985,0.9670607411128985
269,C,0.006287919262529355,0.006287919262529355,0.006287919262529355,0.0026082169088985615,0.0026082169088985615,0.0026082169088985615,0.0,0.0,0.0,0.0113044937970581,0.0113044937970581,0.0113044937970581,0.0,0.0,0.0,0.0054486704314955685,0.0054486704314955685,0.0054486704314955685,0.0,0.0,0.0,0.00020306518802298094,0.00020306518802298094,0.00020306518802298094,0.0,0.0,0.0,0.0,0.0,0.0,0.9741476344119954,0.9741476344119954,0.9741476344119954
270,T,3.316214724692921e-70,3.316214724692921e-70,3.316214724692921e-70,1.7388428210408014e-14,1.7388428210408014e-14,1.7388428210408014e-14,2.3163559247542252e-08,2.3163559247542252e-08,2.3163559247542252e-08,4.596402019530043e-13,4.596402019530043e-13,4.596402019530043e-13,6.7939868357997265e-06,6.7939868357997265e-06,6.7939868357997265e-06,0.0,0.0,0.0,0.0,0.0,0.0,0.0,0.0,0.0,0.0,0.0,0.0,0.0,0.0,0.0,0.999993182849128,0.999993182849128,0.999993182849128
271,T,3.390818955926015e-160,3.390818955926015e-160,3.390818955926015e-160,2.4389327219206196e-13,2.4389327219206196e-13,2.4389327219206196e-13,2.0933045561526487e-14,2.0933045561526487e-14,2.0933045561526487e-14,1.0800944588098752e-11,1.0800944588098752e-11,1.0800944588098752e-11,6.116152231497706e-05,6.116152231497706e-05,6.116152231497706e-05,0.0,0.0,0.0,0.0,0.0,0.0,0.0,0.0,0.0,0.0,0.0,0.0,0.0,0.0,0.0,0.9999388384666194,0.9999388384666194,0.9999388384666194
272,C,5.501076818630436e-24,5.501076818630436e-24,5.501076818630436e-24,0.010329366718408249,0.010329366718408249,0.010329366718408249,0.0,0.0,0.0,0.0017947168098544372,0.0017947168098544372,0.0017947168098544372,0.0,0.0,0.0,0.005318860744957187,0.005318860744957187,0.005318860744957187,0.0,0.0,0.0,0.0021076518878060855,0.0021076518878060855,0.0021076518878060855,0.0,0.0,0.0,0.0,0.0,0.0,0.980449403838974,0.980449403838974,0.980449403838974
273,G,9.414774007413559e-35,9.414774007413559e-35,9.414774007413559e-35,0.001432161789864566,0.001432161789864566,0.001432161789864566,2.5855125642621837e-06,2.5855125642621837e-06,2.5855125642621837e-06,0.0,0.0,0.0,0.0,0.0,0.0,3.552588109245024e-11,3.552588109245024e-11,3.552588109245024e-11,1.4596943975889878e-06,1.4596943975889878e-06,1.4596943975889878e-06,0.0,0.0,0.0,0.0,0.0,0.0,0.0,0.0,0.0,0.9985637929676475,0.9985637929676475,0.9985637929676475
274,T,1.2748192334215606e-232,1.2748192334215606e-232,1.2748192334215606e-232,1.725754707564185e-54,1.725754707564185e-54,1.725754707564185e-54,1.1125938610405522e-15,1.1125938610405522e-15,1.1125938610405522e-15,1.895169427738425e-10,1.895169427738425e-10,1.895169427738425e-10,0.01441633174340274,0.01441633174340274,0.01441633174340274,0.0,0.0,0.0,0.0,0.0,0.0,0.0,0.0,0.0,0.0,0.0,0.0,0.0,0.0,0.0,0.9855836680670792,0.9855836680670792,0.9855836680670792
275,C,4.740288145557003e-22,4.740288145557003e-22,4.740288145557003e-22,0.0023144703074779466,0.0023144703074779466,0.0023144703074779466,0.0,0.0,0.0,0.0047539334332966495,0.0047539334332966495,0.0047539334332966495,0.0,0.0,0.0,0.005031727579330731,0.005031727579330731,0.005031727579330731,0.0,0.0,0.0,0.004301659516706555,0.004301659516706555,0.004301659516706555,0.0,0.0,0.0,0.0,0.0,0.0,0.9835982091631881,0.9835982091631881,0.9835982091631881
276,G,1.284228646524325e-25,1.284228646524325e-25,1.284228646524325e-25,0.014042389772168953,0.014042389772168953,0.014042389772168953,1.0982522901340119e-08,1.0982522901340119e-08,1.0982522901340119e-08,0.0,0.0,0.0,0.0,0.0,0.0,5.212587231899502e-36,5.212587231899502e-36,5.212587231899502e-36,0.014443001581002292,0.014443001581002292,0.014443001581002292,0.0,0.0,0.0,0.0,0.0,0.0,0.0,0.0,0.0,0.9715145976643058,0.9715145976643058,0.9715145976643058
277,C,2.5303246751903545e-15,2.5303246751903545e-15,2.5303246751903545e-15,8.658545152034035e-05,8.658545152034035e-05,8.658545152034035e-05,0.0,0.0,0.0,0.001968711194707051,0.001968711194707051,0.001968711194707051,0.0,0.0,0.0,0.011908487624891911,0.011908487624891911,0.011908487624891911,0.0,0.0,0.0,2.1996721320215405e-08,2.1996721320215405e-08,2.1996721320215405e-08,0.0,0.0,0.0,0.0,0.0,0.0,0.9860361937321568,0.9860361937321568,0.9860361937321568
278,G,2.724878246530619e-11,2.724878246530619e-11,2.724878246530619e-11,4.5375225664586286e-05,4.5375225664586286e-05,4.5375225664586286e-05,3.3105780617786567e-06,3.3105780617786567e-06,3.3105780617786567e-06,0.0,0.0,0.0,0.0,0.0,0.0,0.0034676829823251376,0.0034676829823251376,0.0034676829823251376,6.239147929503973e-07,6.239147929503973e-07,6.239147929503973e-07,0.0,0.0,0.0,0.0,0.0,0.0,0.0,0.0,0.0,0.9964830072719069,0.9964830072719069,0.9964830072719069
279,A,3.4933648196134314e-07,3.4933648196134314e-07,3.4933648196134314e-07,0.0,0.0,0.0,0.015403718674533804,0.015403718674533804,0.015403718674533804,0.00019698654977032777,0.00019698654977032777,0.00019698654977032777,0.0,0.0,0.0,0.00014700555656883244,0.00014700555656883244,0.00014700555656883244,0.0,0.0,0.0,0.0,0.0,0.0,0.001421503886610282,0.001421503886610282,0.001421503886610282,0.0,0.0,0.0,0.9828304359960348,0.9828304359960348,0.9828304359960348
280,A,0.001095595463842917,0.001095595463842917,0.001095595463842917,0.0,0.0,0.0,0.004055883348846635,0.004055883348846635,0.004055883348846635,0.012876009673561192,0.012876009673561192,0.012876009673561192,0.0,0.0,0.0,0.007023223439116154,0.007023223439116154,0.007023223439116154,0.0,0.0,0.0,0.0,0.0,0.0,0.00840846822069553,0.00840846822069553,0.00840846822069553,0.0,0.0,0.0,0.9665408198539375,0.9665408198539375,0.9665408198539375
281,G,2.764651164232445e-39,2.764651164232445e-39,2.764651164232445e-39,0.0012939113187118508,0.0012939113187118508,0.0012939113187118508,5.548879452523095e-06,5.548879452523095e-06,5.548879452523095e-06,0.0,0.0,0.0,0.0,0.0,0.0,2.037055366742664e-06,2.037055366742664e-06,2.037055366742664e-06,4.326471018805707e-05,4.326471018805707e-05,4.326471018805707e-05,0.0,0.0,0.0,0.0,0.0,0.0,0.0,0.0,0.0,0.9986552380362809,0.9986552380362809,0.9986552380362809
282,G,6.287169189170631e-11,6.287169189170631e-11,6.287169189170631e-11,0.0035561915981092537,0.0035561915981092537,0.0035561915981092537,2.8771370479353056e-09,2.8771370479353056e-09,2.8771370479353056e-09,0.0,0.0,0.0,0.0,0.0,0.0,4.862288237244328e-05,4.862288237244328e-05,4.862288237244328e-05,0.022750901271498578,0.022750901271498578,0.022750901271498578,0.0,0.0,0.0,0.0,0.0,0.0,0.0,0.0,0.0,0.9736442813080111,0.9736442813080111,0.9736442813080111
283,T,1.9518370899206846e-187,1.9518370899206846e-187,1.9518370899206846e-187,6.115008575781812e-32,6.115008575781812e-32,6.115008575781812e-32,0.00013552987098512114,0.00013552987098512114,0.00013552987098512114,2.0200340257530402e-20,2.0200340257530402e-20,2.0200340257530402e-20,0.0003315882951512283,0.0003315882951512283,0.0003315882951512283,0.0,0.0,0.0,0.0,0.0,0.0,0.0,0.0,0.0,0.0,0.0,0.0,0.0,0.0,0.0,0.9995328818338637,0.9995328818338637,0.9995328818338637
284,C,1.4381265340584962e-25,1.4381265340584962e-25,1.4381265340584962e-25,0.004497639296719317,0.004497639296719317,0.004497639296719317,0.0,0.0,0.0,0.00011059140756908802,0.00011059140756908802,0.00011059140756908802,0.0,0.0,0.0,0.001148645575348282,0.001148645575348282,0.001148645575348282,0.0,0.0,0.0,0.0033380592825546975,0.0033380592825546975,0.0033380592825546975,0.0,0.0,0.0,0.0,0.0,0.0,0.9909050644378086,0.9909050644378086,0.9909050644378086
285,C,8.881435845383433e-08,8.881435845383433e-08,8.881435845383433e-08,0.008874696505564363,0.008874696505564363,0.008874696505564363,0.0,0.0,0.0,6.689106778346026e-05,6.689106778346026e-05,6.689106778346026e-05,0.0,0.0,0.0,0.003369465440265027,0.003369465440265027,0.003369465440265027,0.0,0.0,0.0,1.4545452880863615e-05,1.4545452880863615e-05,1.4545452880863615e-05,0.0,0.0,0.0,0.0,0.0,0.0,0.9876743127191479,0.9876743127191479,0.9876743127191479
286,A,5.850673848988834e-07,5.850673848988834e-07,5.850673848988834e-07,0.0,0.0,0.0,0.006598288244912428,0.006598288244912428,0.006598288244912428,0.0005964973047000632,0.0005964973047000632,0.0005964973047000632,0.0,0.0,0.0,0.001706428549668198,0.001706428549668198,0.001706428549668198,0.0,0.0,0.0,0.0,0.0,0.0,0.0035568532055601128,0.0035568532055601128,0.0035568532055601128,0.0,0.0,0.0,0.9875413476277745,0.9875413476277745,0.9875413476277745
287,G,7.692734905407159e-83,7.692734905407159e-83,7.692734905407159e-83,0.009876778277765728,0.009876778277765728,0.009876778277765728,0.0022839457981665336,0.0022839457981665336,0.0022839457981665336,0.0,0.0,0.0,0.0,0.0,0.0,3.6445977888334807e-08,3.6445977888334807e-08,3.6445977888334807e-08,0.001554562908030404,0.001554562908030404,0.001554562908030404,0.0,0.0,0.0,0.0,0.0,0.0,0.0,0.0,0.0,0.9862846765700595,0.9862846765700595,0.9862846765700595
288,C,2.884666625440941e-26,2.884666625440941e-26,2.884666625440941e-26,0.001429919424113772,0.001429919424113772,0.001429919424113772,0.0,0.0,0.0,7.923140658522378e-05,7.923140658522378e-05,7.923140658522378e-05,0.0,0.0,0.0,0.01795368709445901,0.01795368709445901,0.01795368709445901,0.0,0.0,0.0,2.1212421048695818e-06,2.1212421048695818e-06,2.1212421048695818e-06,0.0,0.0,0.0,0.0,0.0,0.0,0.9805350408327371,0.9805350408327371,0.9805350408327371
289,T,1.0449984882913959e-41,3.01575268504e-312,3.01575268504e-312,1.2193715331954994e-07,3.3003778647892824e-28,3.3003778647892824e-28,2.772584927353946e-12,4.593172803125304e-12,4.593172803125304e-12,3.790629982339897e-06,1.4883233364405156e-22,1.4883233364405156e-22,0.03073654483552501,0.004877079059063157,0.004877079059063157,0.0,0.0,0.0,0.0,0.0,0.0,0.0,0.0,0.0,0.0,0.0,0.0,0.0,0.0,0.0,0.9692595425945666,0.9951229209363437,0.9951229209363437
290,T,0.0,3.031691657793316e-54,3.031691657793316e-54,1.5278475449827293e-59,4.6449943832753535e-06,4.6449943832753535e-06,3.580123011156916e-11,1.538443835262611e-35,1.538443835262611e-35,3.744862309483807e-17,6.4276601354362625e-09,6.4276601354362625e-09,0.005792575515856424,0.0001178421610061381,0.0001178421610061381,0.0,0.0,0.0,0.0,0.0,0.0,0.0,0.0,0.0,0.0,0.0,0.0,0.0,0.0,0.0,0.9942074244483423,0.9998775064169504,0.9998775064169504
291,A,1.360553754487151e-05,0.0031130809961523137,0.0031130809961523137,0.0,0.0,0.0,0.013562041498533892,0.0010290428561277227,0.0010290428561277227,0.016525448362065827,0.0012055326139443245,0.0012055326139443245,0.0,0.0,0.0,0.011331188722322359,0.019391119024923856,0.019391119024923856,0.0,0.0,0.0,0.0,0.0,0.0,0.00023641701860522277,0.002749673814947876,0.002749673814947876,0.0,0.0,0.0,0.9583312988609278,0.9725115506939038,0.9725115506939038
292,A,1.0657052674589038e-19,0.0001134356148546089,0.0001134356148546089,0.0,0.0,0.0,0.006193376965180795,0.0006659218235631348,0.0006659218235631348,0.005778659989300169,0.0010262641541742368,0.0010262641541742368,0.0,0.0,0.0,0.12161444838603587,0.006155852744914966,0.006155852744914966,0.0,0.0,0.0,0.0,0.0,0.0,0.003532302472337496,0.010742079081649474,0.010742079081649474,0.0,0.0,0.0,0.8628812121871456,0.9812964465808437,0.9812964465808437
293,G,3.938207708586208e-154,2.0444943013849295e-06,2.0444943013849295e-06,1.1859446817474092e-05,7.376561670751228e-09,7.376561670751228e-09,0.0025821035427263275,0.0004820500547268309,0.0004820500547268309,0.0,0.0,0.0,0.0,0.0,0.0,0.0014824683844802025,0.001788949860706611,0.001788949860706611,6.637014308091969e-08,3.6234977794627376e-05,3.6234977794627376e-05,0.0,0.0,0.0,0.0,0.0,0.0,0.0,0.0,0.0,0.9959235022558329,0.9976907132359087,0.9976907132359087
294,G,4.3639964349583766e-08,1.381993449680001e-93,1.381993449680001e-93,0.00040118352914401544,0.0010909982832920837,0.0010909982832920837,9.488503388573867e-09,1.641313332124853e-06,1.641313332124853e-06,0.0,0.0,0.0,0.0,0.0,0.0,0.0007410986837086762,2.8009751315593294e-13,2.8009751315593294e-13,0.0008899539703682057,6.208027550939018e-08,6.208027550939018e-08,0.0,0.0,0.0,0.0,0.0,0.0,0.0,0.0,0.0,0.9979677106883115,0.9989072983228202,0.9989072983228202
295,C,1.2788821482332325e-16,5.9160462919055074e-21,1.3040731596558631e-30,2.6911678249680772e-08,0.006100190620181102,0.006663399597635129,0.0,0.0,0.0,0.017254745311308866,0.00012242927504155845,0.0012180433880809324,0.0,0.0,0.0,0.014288084549231748,0.05556407532003293,0.00575898539111196,0.0,0.0,0.0,1.6084323444686224e-06,0.00035800444158975325,0.0002686525059372119,0.0,0.0,0.0,0.0,0.0,0.0,0.9684555347954364,0.9378553003431546,0.9860909191172348
296,A,0.006389181995331009,0.006389181995331009,1.2641491539251938e-06,0.0,0.0,0.0,0.00030568503294126943,0.00030568503294126943,0.004979981253523309,0.006558317936966182,0.006558317936966182,0.014340216948168873,0.0,0.0,0.0,0.04198792452543203,0.04198792452543203,0.049504024030660246,0.0,0.0,0.0,0.0,0.0,0.0,4.177306471831671e-06,4.177306471831671e-06,1.0646759312449135e-12,0.0,0.0,0.0,0.9447547132028578,0.9447547132028578,0.9311745136174289
297,C,3.1453490807737743e-18,3.1453490807737743e-18,4.759373720041034e-10,0.0009747903079567086,0.0009747903079567086,0.00034070445934282576,0.0,0.0,0.0,0.0001741608159632607,0.0001741608159632607,1.7765135947417214e-06,0.0,0.0,0.0,0.004021879516833448,0.004021879516833448,0.0352167028099431,0.0,0.0,0.0,1.8550116299118869e-09,1.8550116299118869e-09,5.299321184380718e-07,0.0,0.0,0.0,0.0,0.0,0.0,0.994829167504235,0.994829167504235,0.9644402858090635
298,C,3.81440425880236e-08,3.81440425880236e-08,0.0015148082624255428,0.005881974408194927,0.005881974408194927,2.1902718722276516e-05,0.0,0.0,0.0,0.0004732611011074537,0.0004732611011074537,0.00155283966980764,0.0,0.0,0.0,0.033506698342731844,0.033506698342731844,0.0005603845212697634,0.0,0.0,0.0,0.003830489141201804,0.003830489141201804,3.0014036932170986e-05,0.0,0.0,0.0,0.0,0.0,0.0,0.9563075388627214,0.9563075388627214,0.9963200507908426
299,C,4.873401027993291e-06,4.873401027993291e-06,4.168421502216281e-12,0.025053257726124007,0.025053257726124007,0.0004049023906511326,0.0,0.0,0.0,0.0018670737871868928,0.0018670737871868928,0.00023932715851319742,0.0,0.0,0.0,0.0007207260012012931,0.0007207260012012931,0.0021566416543199545,0.0,0.0,0.0,0.00010909077686453929,0.00010909077686453929,0.0003165821969357464,0.0,0.0,0.0,0.0,0.0,0.0,0.9722449783075953,0.9722449783075953,0.9968825465954115
300,T,5.73325214417979e-53,5.73325214417979e-53,4.12128436495735e-77,1.3823792426796977e-20,1.3823792426796977e-20,5.559738947253377e-16,5.017601548428804e-05,5.017601548428804e-05,1.6616922103781802e-11,1.836146608051655e-17,1.836146608051655e-17,1.5901169461745877e-12,5.578168744357186e-06,5.578168744357186e-06,0.0008063984925845579,0.0,0.0,0.0,0.0,0.0,0.0,0.0,0.0,0.0,0.0,0.0,0.0,0.0,0.0,0.0,0.9999442458157713,0.9999442458157713,0.999193601489208
301,C,3.714748842260572e-46,3.714748842260572e-46,4.0463935411434826e-08,9.58090630006557e-09,9.58090630006557e-09,0.004409891235103183,0.0,0.0,0.0,0.0006499013109241376,0.0006499013109241376,0.001823496895990574,0.0,0.0,0.0,0.03675757117309728,0.03675757117309728,0.007675788588821214,0.0,0.0,0.0,0.0017067850250481592,0.0017067850250481592,0.0049132304978764165,0.0,0.0,0.0,0.0,0.0,0.0,0.9608857329100242,0.9608857329100242,0.9811775523182732
302,A,0.0003690526225882762,0.0003690526225882762,2.3098939340446597e-08,0.0,0.0,0.0,0.021399031555936535,0.021399031555936535,0.0007732338954430236,0.00651837433521478,0.00651837433521478,0.0007482992959640466,0.0,0.0,0.0,0.0064100099809883924,0.0064100099809883924,0.016064833930614825,0.0,0.0,0.0,0.0,0.0,0.0,0.0005276485914152258,0.0005276485914152258,0.004352013579825558,0.0,0.0,0.0,0.9647758829138567,0.9647758829138567,0.9780615961992131
303,G,1.7650813030954502e-29,1.7650813030954502e-29,4.778375039615762e-16,1.7406588938724268e-06,1.7406588938724268e-06,2.9486935485926313e-13,5.4123657084557565e-05,5.4123657084557565e-05,1.1705238151285137e-12,0.0,0.0,0.0,0.0,0.0,0.0,1.231480810207262e-13,1.231480810207262e-13,1.7187363162986773e-11,0.007704803494130766,0.007704803494130766,0.0014752458441349712,0.0,0.0,0.0,0.0,0.0,0.0,0.0,0.0,0.0,0.9922393321897677,0.9922393321897677,0.9985247541372119
304,G,4.634219861254912e-94,4.634219861254912e-94,1.4152788508161992e-46,1.0434883389306947e-15,1.0434883389306947e-15,0.00010686305940818545,1.4300973068799627e-06,1.4300973068799627e-06,1.4989943679293844e-08,0.0,0.0,0.0,0.0,0.0,0.0,3.7205246030688146e-05,3.7205246030688146e-05,2.1874644935886685e-07,0.0011368061349218553,0.0011368061349218553,0.0008685913578555093,0.0,0.0,0.0,0.0,0.0,0.0,0.0,0.0,0.0,0.9988245585217395,0.9988245585217395,0.9990243118463432
305,A,0.010407445558616392,0.010407445558616392,0.00016861973256703671,0.0,0.0,0.0,0.011263880367222612,0.011263880367222612,0.00043254993907696583,0.0019267620831717024,0.0019267620831717024,0.008865003767030625,0.0,0.0,0.0,0.04114850170909038,0.04114850170909038,0.000336235657207515,0.0,0.0,0.0,0.0,0.0,0.0,0.007010016466028382,0.007010016466028382,0.0006257082716913089,0.0,0.0,0.0,0.9282433938158705,0.9282433938158705,0.9895718826324266
306,A,1.3870195773598738e-08,1.3870195773598738e-08,3.5371338842924766e-08,0.0,0.0,0.0,0.03005961388662992,0.03005961388662992,0.0012352865435894553,0.018969043180617984,0.018969043180617984,0.005920306983482392,0.0,0.0,0.0,0.0013420161210619802,0.0013420161210619802,0.0015342793723117816,0.0,0.0,0.0,0.0,0.0,0.0,0.007024520689759584,0.007024520689759584,0.0010398198514036663,0.0,0.0,0.0,0.9426047922517347,0.9426047922517347,0.9902702718778739
307,C,0.0008199025830224795,0.0008199025830224795,3.0659884894116756e-32,0.00028238017849866246,0.00028238017849866246,0.004646183191432208,0.0,0.0,0.0,7.257595750766024e-05,7.257595750766024e-05,0.03365144636870205,0.0,0.0,0.0,0.0049722795143473195,0.0049722795143473195,0.014538016376038946,0.0,0.0,0.0,0.0010844186448212092,0.0010844186448212092,0.00031805146765480596,0.0,0.0,0.0,0.0,0.0,0.0,0.9927684431218027,0.9927684431218027,0.946846302596172
308,C,5.274434143084177e-29,5.274434143084177e-29,1.1497239274433733e-24,7.849734614812972e-05,7.849734614812972e-05,0.0017878591304712262,0.0,0.0,0.0,5.2084360866698775e-06,5.2084360866698775e-06,0.006600505834417291,0.0,0.0,0.0,0.002814497925432529,0.002814497925432529,0.003533130269025569,0.0,0.0,0.0,1.8369943077336723e-05,1.8369943077336723e-05,0.0006618960445389047,0.0,0.0,0.0,0.0,0.0,0.0,0.9970834263492553,0.9970834263492553,0.9874166087215469
309,G,0.003052297847548192,0.003052297847548192,1.0676086558125375e-26,0.0035568759912196005,0.0035568759912196005,1.8536340730262967e-06,0.0010384278269187743,0.0010384278269187743,3.670987398001983e-20,0.0,0.0,0.0,0.0,0.0,0.0,0.00019611257554263983,0.00019611257554263983,8.17532017136534e-09,3.100720139730896e-05,3.100720139730896e-05,1.9778507942491935e-06,0.0,0.0,0.0,0.0,0.0,0.0,0.0,0.0,0.0,0.9921252785573735,0.9921252785573735,0.9999961603398125
310,G,2.483766623968999e-12,2.483766623968999e-12,3.7613176049772944e-79,8.916825539420803e-15,8.916825539420803e-15,0.00012170542035784338,0.006786004296415321,0.006786004296415321,8.076423440932875e-08,0.0,0.0,0.0,0.0,0.0,0.0,0.002314318676259879,0.002314318676259879,0.0004976446022432587,1.6610532617384526e-07,1.6610532617384526e-07,0.0008592189693982406,0.0,0.0,0.0,0.0,0.0,0.0,0.0,0.0,0.0,0.990899510919506,0.990899510919506,0.9985213502437662
311,C,0.0006676732722254378,0.0006676732722254378,0.0004941576270663471,0.001349772185762139,0.001349772185762139,0.0012288083106266772,0.0,0.0,0.0,0.008771978458735752,0.008771978458735752,0.018903138192695245,0.0,0.0,0.0,0.0018280017054794397,0.0018280017054794397,0.013978464311094627,0.0,0.0,0.0,5.5480785389913465e-14,5.5480785389913465e-14,0.002572108480297984,0.0,0.0,0.0,0.0,0.0,0.0,0.9873825743777417,0.9873825743777417,0.9628233230782192
312,T,3.720224300625492e-54,3.720224300625492e-54,2.330384841590249e-07,4.664004147705619e-07,4.664004147705619e-07,1.0811329633897278e-27,0.0003560747389233227,0.0003560747389233227,1.0512146655552596e-20,1.8836635096482708e-11,1.8836635096482708e-11,3.452320405842691e-57,0.00048542958418808913,0.00048542958418808913,0.007299370937954599,0.0,0.0,0.0,0.0,0.0,0.0,0.0,0.0,0.0,0.0,0.0,0.0,0.0,0.0,0.0,0.9991580292576372,0.9991580292576372,0.9927003960235612
313,T,0.0,0.0,2.5931693238348058e-241,0.0009831914696299068,0.0009831914696299068,4.0869486072565e-59,2.6523902835526633e-122,2.6523902835526633e-122,3.133683245874179e-18,7.091206944837046e-11,7.091206944837046e-11,2.6685631261949868e-09,0.0037952554671580154,0.0037952554671580154,0.0036513183671739407,0.0,0.0,0.0,0.0,0.0,0.0,0.0,0.0,0.0,0.0,0.0,0.0,0.0,0.0,0.0,0.9952215529923,0.9952215529923,0.9963486789642628
314,C,2.5603145293031818e-15,2.5603145293031818e-15,0.0027583320113055434,0.0011172060253475432,0.0011172060253475432,0.0029709398015822057,0.0,0.0,0.0,0.00021426146591368373,0.00021426146591368373,0.005832738745342923,0.0,0.0,0.0,0.009405488980748507,0.009405488980748507,0.0015800677592881377,0.0,0.0,0.0,5.67929532146325e-05,5.67929532146325e-05,2.0284917729675336e-05,0.0,0.0,0.0,0.0,0.0,0.0,0.989206250574773,0.989206250574773,0.9868376367647516
315,G,4.413408987665185e-58,4.413408987665185e-58,3.015657871442528e-57,5.349336157749865e-09,5.349336157749865e-09,0.0048285331343047065,2.7544178095018745e-08,2.7544178095018745e-08,0.00017292576984731888,0.0,0.0,0.0,0.0,0.0,0.0,1.0511003695629664e-06,1.0511003695629664e-06,5.362149576643335e-05,0.0020719539265990324,0.0020719539265990324,0.0006812865524409376,0.0,0.0,0.0,0.0,0.0,0.0,0.0,0.0,0.0,0.9979269620795173,0.9979269620795173,0.9942636330476408
316,T,1.6665961336364785e-37,1.6665961336364785e-37,1.5697000893733376e-33,8.70448362123469e-07,8.70448362123469e-07,1.887711624253338e-35,3.6390495215948846e-08,3.6390495215948846e-08,2.1050628760280093e-13,2.2704520298963414e-23,2.2704520298963414e-23,6.5444497444072654e-18,2.075838772593928e-05,2.075838772593928e-05,6.645155663305378e-05,0.0,0.0,0.0,0.0,0.0,0.0,0.0,0.0,0.0,0.0,0.0,0.0,0.0,0.0,0.0,0.9999783347734168,0.9999783347734168,0.9999335484431564
317,G,1.4755130564734615e-34,1.4755130564734615e-34,4.9668235960550876e-83,6.961727091999691e-12,6.961727091999691e-12,3.6051361549026914e-05,5.1555910072840725e-09,5.1555910072840725e-09,0.0020040611556730614,0.0,0.0,0.0,0.0,0.0,0.0,6.646440691910179e-12,6.646440691910179e-12,1.9275047626588585e-06,0.0004606553125866968,0.0004606553125866968,2.2414770104757022e-07,0.0,0.0,0.0,0.0,0.0,0.0,0.0,0.0,0.0,0.999539339518214,0.999539339518214,0.9979577358303142
318,A,2.026072436804112e-05,2.026072436804112e-05,0.003962018726863381,0.0,0.0,0.0,0.008110545705305608,0.008110545705305608,0.0023341229737195456,0.015565569014785612,0.015565569014785612,0.00740172176452726,0.0,0.0,0.0,0.0461555817140357,0.0461555817140357,0.013906250372359832,0.0,0.0,0.0,0.0,0.0,0.0,0.00018521942375542921,0.00018521942375542921,0.00092077026387092,0.0,0.0,0.0,0.9299628234177497,0.9299628234177497,0.9714751158986591
319,G,1.3750280879956973e-20,1.3750280879956973e-20,5.190414055761933e-15,5.048192078751824e-08,5.048192078751824e-08,0.0005760280751797843,8.912097925283418e-05,8.912097925283418e-05,2.3225290661373015e-06,0.0,0.0,0.0,0.0,0.0,0.0,0.007449581234198254,0.007449581234198254,0.002316634073379874,1.4064169053359434e-05,1.4064169053359434e-05,0.00041462111784285424,0.0,0.0,0.0,0.0,0.0,0.0,0.0,0.0,0.0,0.9924471831355748,0.9924471831355748,0.9966903942045262
320,C,7.969450219974408e-09,7.969450219974408e-09,0.012697194279483699,0.0023609150386584383,0.0023609150386584383,0.016235640701447736,0.0,0.0,0.0,0.00015041931029229194,0.00015041931029229194,0.032309214258213655,0.0,0.0,0.0,0.00041174094874976924,0.00041174094874976924,0.008603468721466908,0.0,0.0,0.0,8.027306467995458e-05,8.027306467995458e-05,0.00010055981367087192,0.0,0.0,0.0,0.0,0.0,0.0,0.9969966436681694,0.9969966436681694,0.930053922225717
321,T,3.515827432238648e-144,3.515827432238648e-144,5.373473831897349e-198,5.36940781913402e-20,5.36940781913402e-20,2.091464225417075e-13,2.746484806497252e-09,2.746484806497252e-09,5.2679096088398405e-08,1.5710748218334567e-08,1.5710748218334567e-08,1.2701049884114777e-15,7.002967231797406e-05,7.002967231797406e-05,3.568559939733764e-05,0.0,0.0,0.0,0.0,0.0,0.0,0.0,0.0,0.0,0.0,0.0,0.0,0.0,0.0,0.0,0.9999299518704489,0.9999299518704489,0.9999642617212962
322,C,9.689616285261356e-24,9.689616285261356e-24,0.028224113846042804,0.02891873061495967,0.02891873061495967,0.009258243343270004,0.0,0.0,0.0,0.0012800507335496375,0.0012800507335496375,0.0005671730103989395,0.0,0.0,0.0,0.10321643809740108,0.10321643809740108,0.04455324864077602,0.0,0.0,0.0,0.0326967388872063,0.0326967388872063,0.013426456153767523,0.0,0.0,0.0,0.0,0.0,0.0,0.8338880416668832,0.8338880416668832,0.9039707650057448
323,T,3.694112170625407e-165,3.694112170625407e-165,2.848326394932698e-132,1.1405639747235723e-89,1.1405639747235723e-89,7.308513362766902e-70,1.7135935374537757e-50,1.7135935374537757e-50,5.742245016734601e-21,1.0931742528193453e-59,1.0931742528193453e-59,4.208463843468932e-07,0.004348829977448342,0.004348829977448342,0.00012194885359880624,0.0,0.0,0.0,0.0,0.0,0.0,0.0,0.0,0.0,0.0,0.0,0.0,0.0,0.0,0.0,0.9956511700225517,0.9956511700225517,0.9998776303000169
324,A,0.005705555961862648,0.005705555961862648,9.345386279024078e-06,0.0,0.0,0.0,3.1193514491738496e-05,3.1193514491738496e-05,3.1684653995624424e-08,0.05097249684744219,0.05097249684744219,0.0005223237561520202,0.0,0.0,0.0,0.0027458289837279746,0.0027458289837279746,0.015387841569145048,0.0,0.0,0.0,0.0,0.0,0.0,0.0024192879932861647,0.0024192879932861647,0.0025132965306621253,0.0,0.0,0.0,0.9381256366991892,0.9381256366991892,0.9815671610731077
325,T,8.30661181229767e-230,8.30661181229767e-230,1.879715235923593e-65,3.90812809068847e-67,3.90812809068847e-67,2.5646621025050916e-08,8.95604235536107e-18,8.95604235536107e-18,1.3356621762135104e-07,2.0172513774367827e-23,2.0172513774367827e-23,3.169685527127138e-11,0.0015337922554448443,0.0015337922554448443,0.0004577149932617262,0.0,0.0,0.0,0.0,0.0,0.0,0.0,0.0,0.0,0.0,0.0,0.0,0.0,0.0,0.0,0.9984662077445552,0.9984662077445552,0.9995421257622027
326,T,0.0,0.0,3.775999708454704e-98,5.6039688628324535e-39,5.6039688628324535e-39,6.46142871588165e-08,3.9680156686318106e-13,3.9680156686318106e-13,1.5154838545059105e-45,2.7997012003627957e-91,2.7997012003627957e-91,8.532982140698451e-06,1.34529792867025e-07,1.34529792867025e-07,0.0006752648063800181,0.0,0.0,0.0,0.0,0.0,0.0,0.0,0.0,0.0,0.0,0.0,0.0,0.0,0.0,0.0,0.9999998654698102,0.9999998654698102,0.9993161375971922
327,A,4.09843540912138e-07,4.09843540912138e-07,1.2369173731300314e-06,0.0,0.0,0.0,0.004461903014887354,0.004461903014887354,0.000319285820134711,0.05583714445675849,0.05583714445675849,0.005444558563952915,0.0,0.0,0.0,0.031818446867284515,0.031818446867284515,0.009758020257428801,0.0,0.0,0.0,0.0,0.0,0.0,5.446109507948923e-06,5.446109507948923e-06,7.497941174384888e-10,0.0,0.0,0.0,0.9078766497080208,0.9078766497080208,0.9844768976913163
328,A,0.0018842425762606407,0.0018842425762606407,1.2333422548797393e-05,0.0,0.0,0.0,0.003308748660768374,0.003308748660768374,0.008523518522225285,0.019362685865233868,0.019362685865233868,0.0013746142824675512,0.0,0.0,0.0,0.046100715946645464,0.046100715946645464,0.0036533735485165674,0.0,0.0,0.0,0.0,0.0,0.0,0.005101847111790709,0.005101847111790709,0.00024049313400853668,0.0,0.0,0.0,0.924241759839301,0.924241759839301,0.9861956670902333
329,A,1.481287656649442e-11,1.481287656649442e-11,2.827712542662867e-06,0.0,0.0,0.0,0.008159072771851555,0.008159072771851555,0.002664713495936848,0.0004977904036698906,0.0004977904036698906,0.0019827534083635915,0.0,0.0,0.0,0.08639530638680015,0.08639530638680015,0.027064856586996703,0.0,0.0,0.0,0.0,0.0,0.0,2.6936250948319758e-08,2.6936250948319758e-08,0.001858868138482742,0.0,0.0,0.0,0.9049478034866145,0.9049478034866145,0.9664259806576774
330,A,1.988370405399036e-06,1.988370405399036e-06,4.395699678652478e-05,0.0,0.0,0.0,0.0014751720141174,0.0014751720141174,0.0011708811404977407,0.008197716688874769,0.008197716688874769,0.002021799165950275,0.0,0.0,0.0,0.015661782597127385,0.015661782597127385,0.026040945014758954,0.0,0.0,0.0,0.0,0.0,0.0,1.5661626594937037e-11,1.5661626594937037e-11,5.01414351754523e-07,0.0,0.0,0.0,0.9746633403138134,0.9746633403138134,0.9707219162676548
331,G,5.469718174409046e-12,5.469718174409046e-12,2.280476450326477e-42,0.00023205736095708996,0.00023205736095708996,2.337655208779615e-10,6.5051002922127305e-09,6.5051002922127305e-09,1.0356355849171186e-11,0.0,0.0,0.0,0.0,0.0,0.0,0.0012974010458398687,0.0012974010458398687,1.305171930964459e-06,0.0004160330437942772,0.0004160330437942772,0.0004440741756388637,0.0,0.0,0.0,0.0,0.0,0.0,0.0,0.0,0.0,0.9980545020388387,0.9980545020388387,0.9995546204083082
332,C,0.004392028130935163,0.004392028130935163,7.974907035220672e-12,3.3100578874366646e-05,3.3100578874366646e-05,0.005153038702035613,0.0,0.0,0.0,0.0005799627135029646,0.0005799627135029646,0.013398219573125368,0.0,0.0,0.0,0.005697029283695796,0.005697029283695796,0.025482738020212992,0.0,0.0,0.0,3.5334533901303765e-09,3.5334533901303765e-09,0.0004279534578371286,0.0,0.0,0.0,0.0,0.0,0.0,0.9892978757595383,0.9892978757595383,0.9555380502388139
333,A,0.0044068350828673705,0.0044068350828673705,0.0005776025509666827,0.0,0.0,0.0,0.002760920878573858,0.002760920878573858,0.022689857886430752,0.023237180531203095,0.023237180531203095,0.0016038672511076402,0.0,0.0,0.0,0.019918200457651563,0.019918200457651563,0.01590070381727039,0.0,0.0,0.0,0.0,0.0,0.0,0.0018767766301262911,0.0018767766301262911,3.896352809413795e-08,0.0,0.0,0.0,0.9478000864195778,0.9478000864195778,0.9592279295306965
334,T,2.7759009151296315e-291,2.7759009151296315e-291,0.0,0.010071970208268872,0.010071970208268872,2.4552690634171084e-11,8.750155640100183e-06,8.750155640100183e-06,1.2565032711507844e-43,6.147780817724106e-10,6.147780817724106e-10,3.84378609859532e-06,2.638748569451054e-05,2.638748569451054e-05,9.212774306405487e-07,0.0,0.0,0.0,0.0,0.0,0.0,0.0,0.0,0.0,0.0,0.0,0.0,0.0,0.0,0.0,0.9898928915356184,0.9898928915356184,0.9999952349119181
335,A,1.5974662572543916e-06,1.5974662572543916e-06,1.4659099573044498e-05,0.0,0.0,0.0,0.0003363897553015605,0.0003363897553015605,0.010423466516455893,0.009599930824714355,0.009599930824714355,0.007904208434843601,0.0,0.0,0.0,0.0003196883686529092,0.0003196883686529092,0.016395951231344054,0.0,0.0,0.0,0.0,0.0,0.0,4.463870076602548e-05,4.463870076602548e-05,0.0035166919964651697,0.0,0.0,0.0,0.9896977548843079,0.9896977548843079,0.9617450227213182
336,T,2.0589218494391937e-305,2.0589218494391937e-305,0.0008696599288010318,7.99372408101904e-23,7.99372408101904e-23,0.0003410516441234043,2.9585041421609567e-31,2.9585041421609567e-31,7.895233824534864e-25,3.4000406866772093e-41,3.4000406866772093e-41,4.1804415904536973e-08,1.057103011480524e-06,1.057103011480524e-06,0.003460357710102613,0.0,0.0,0.0,0.0,0.0,0.0,0.0,0.0,0.0,0.0,0.0,0.0,0.0,0.0,0.0,0.9999989428969885,0.9999989428969885,0.9953288889125571
337,T,1.8560522601405921e-53,1.8560522601405921e-53,4.026828458653317e-57,8.437518296969303e-05,8.437518296969303e-05,1.3862756954282412e-09,2.6427930931488024e-69,2.6427930931488024e-69,1.1545916202605327e-05,1.3083605856478383e-31,1.3083605856478383e-31,1.1749209417271559e-20,0.00019437427945147423,0.00019437427945147423,1.5722415769394346e-05,0.0,0.0,0.0,0.0,0.0,0.0,0.0,0.0,0.0,0.0,0.0,0.0,0.0,0.0,0.0,0.9997212505375788,0.9997212505375788,0.9999727302817523
338,G,1.5426439026943523e-18,1.5426439026943523e-18,2.766978348828502e-23,0.0004846544868904921,0.0004846544868904921,6.112233917650477e-06,4.380115343100461e-05,4.380115343100461e-05,2.4802330038696324e-05,0.0,0.0,0.0,0.0,0.0,0.0,0.008812886128076453,0.008812886128076453,4.0291095372615165e-05,3.975251846189205e-09,3.975251846189205e-09,0.0004542813499117047,0.0,0.0,0.0,0.0,0.0,0.0,0.0,0.0,0.0,0.9906586542563502,0.9906586542563502,0.9994745129907593
339,A,1.331014297812031e-06,1.331014297812031e-06,9.654233115772938e-12,0.0,0.0,0.0,0.007337760212128039,0.007337760212128039,0.002999560359778366,0.011054695545165966,0.011054695545165966,0.019129238438552233,0.0,0.0,0.0,0.02879068134236451,0.02879068134236451,0.002528579843481001,0.0,0.0,0.0,0.0,0.0,0.0,2.6801882023877996e-07,2.6801882023877996e-07,0.0014349819915290927,0.0,0.0,0.0,0.9528152638672235,0.9528152638672235,0.9739076393570052
340,T,1.1627636599193406e-106,1.1627636599193406e-106,0.0,3.4480296354098762e-19,3.4480296354098762e-19,1.4311546645452817e-27,0.00274958334711683,0.00274958334711683,9.810208114603172e-13,2.421048751774191e-13,2.421048751774191e-13,7.373071954594971e-25,9.286811636443101e-05,9.286811636443101e-05,0.00012731013066101226,0.0,0.0,0.0,0.0,0.0,0.0,0.0,0.0,0.0,0.0,0.0,0.0,0.0,0.0,0.0,0.9971575485362767,0.9971575485362767,0.9998726898683581
341,A,0.00022538248860617718,0.00022538248860617718,1.8055592372005452e-09,0.0,0.0,0.0,0.008229241742679217,0.008229241742679217,2.359639510886643e-05,0.02306395937992989,0.02306395937992989,0.0007214353489967355,0.0,0.0,0.0,0.014170602867661662,0.014170602867661662,0.0023386085448565035,0.0,0.0,0.0,0.0,0.0,0.0,0.03831087234468671,0.03831087234468671,0.011743465619529554,0.0,0.0,0.0,0.9159999411764363,0.9159999411764363,0.985172892285949
342,C,7.87428782149257e-24,7.87428782149257e-24,0.000666183690947974,0.008129049815826019,0.008129049815826019,0.019124035643868668,0.0,0.0,0.0,0.004031743494652482,0.004031743494652482,0.00855757356807213,0.0,0.0,0.0,0.004419907103348671,0.004419907103348671,0.021741075158331125,0.0,0.0,0.0,0.00011533515195512583,0.00011533515195512583,2.5514015049699017e-08,0.0,0.0,0.0,0.0,0.0,0.0,0.9833039644342177,0.9833039644342177,0.9499111064247651
343,A,5.01702983885445e-05,5.01702983885445e-05,0.0019503896681811266,0.0,0.0,0.0,0.00900805392598905,0.00900805392598905,0.004565562367509738,0.0347694507529359,0.0347694507529359,0.030536361432640872,0.0,0.0,0.0,0.05841370917858827,0.05841370917858827,0.05106473736616841,0.0,0.0,0.0,0.0,0.0,0.0,2.3619171547174304e-07,2.3619171547174304e-07,0.00016493073895650822,0.0,0.0,0.0,0.8977583796523827,0.8977583796523827,0.9117180184265433
344,C,8.37709491217635e-08,8.37709491217635e-08,9.905779366216066e-09,0.0025491730995970655,0.0025491730995970655,0.013878971779780556,0.0,0.0,0.0,0.027993667976172084,0.027993667976172084,0.003377322414211438,0.0,0.0,0.0,0.031711395234289015,0.031711395234289015,0.01274606601795004,0.0,0.0,0.0,0.0029298208885710874,0.0029298208885710874,0.0006408706026704668,0.0,0.0,0.0,0.0,0.0,0.0,0.9348158590304216,0.9348158590304216,0.9693567592796082
345,G,1.3628306854965831e-48,1.3628306854965831e-48,1.1659866842645476e-05,7.3300780531610915e-06,7.3300780531610915e-06,0.00020966305939050533,0.002919755116602084,0.002919755116602084,6.675358999317312e-06,0.0,0.0,0.0,0.0,0.0,0.0,1.5956959689778108e-15,1.5956959689778108e-15,0.0002699435710656292,0.00029550512207301424,0.00029550512207301424,0.0014363316670100632,0.0,0.0,0.0,0.0,0.0,0.0,0.0,0.0,0.0,0.9967774096832701,0.9967774096832701,0.998065726476692
346,G,5.698363085808605e-107,5.698363085808605e-107,0.0034703461262106158,0.0007595878039856977,0.0007595878039856977,0.00034546937063600365,2.461997371459251e-10,2.461997371459251e-10,0.004108058885923542,0.0,0.0,0.0,0.0,0.0,0.0,0.0037640933467149454,0.0037640933467149454,3.189589656471536e-10,0.0006545043700926881,0.0006545043700926881,0.007092033745492444,0.0,0.0,0.0,0.0,0.0,0.0,0.0,0.0,0.0,0.9948218142330069,0.9948218142330069,0.9849840915527784
347,A,7.07944108325293e-05,7.07944108325293e-05,0.0027599180420694513,0.0,0.0,0.0,0.000173233788060637,0.000173233788060637,0.0018807440692279252,0.027930910917348277,0.027930910917348277,0.006698226887337006,0.0,0.0,0.0,0.02575600790888259,0.02575600790888259,0.004882083553509142,0.0,0.0,0.0,0.0,0.0,0.0,2.0608151666459016e-06,2.0608151666459016e-06,0.0005878792920241147,0.0,0.0,0.0,0.9460669921597092,0.9460669921597092,0.9831911481558323
348,A,0.005874205092359378,0.005874205092359378,1.2260955452210189e-06,0.0,0.0,0.0,0.01419777788146233,0.01419777788146233,0.003371592120573687,0.013115011257499412,0.013115011257499412,0.007603019293844108,0.0,0.0,0.0,0.048289495691749944,0.048289495691749944,0.01508311292702807,0.0,0.0,0.0,0.0,0.0,0.0,0.0002347936214827513,0.0002347936214827513,0.003188318269885482,0.0,0.0,0.0,0.9182887164554462,0.9182887164554462,0.9707527312931234
349,C,0.00017568683488121756,0.00017568683488121756,8.727954378180329e-11,0.007324976098681363,0.007324976098681363,0.05097274580039851,0.0,0.0,0.0,7.539738816027833e-05,7.539738816027833e-05,0.014101110353056466,0.0,0.0,0.0,0.025809407281798882,0.025809407281798882,0.048682758250995974,0.0,0.0,0.0,6.558950863025664e-15,6.558950863025664e-15,0.0007689600434139871,0.0,0.0,0.0,0.0,0.0,0.0,0.9666145323964718,0.9666145323964718,0.8854744254648553
350,A,5.562904594497691e-08,5.562904594497691e-08,3.8669855816042804e-10,0.0,0.0,0.0,0.01332394251170108,0.01332394251170108,0.010551713332383845,0.0013997229740801032,0.0013997229740801032,0.04298794850237699,0.0,0.0,0.0,0.0030714342067002403,0.0030714342067002403,0.015261948886730652,0.0,0.0,0.0,0.0,0.0,0.0,0.0005665409991668029,0.0005665409991668029,1.057608566647238e-05,0.0,0.0,0.0,0.9816383036793058,0.9816383036793058,0.9311878128061435
351,A,9.410322690604802e-06,9.410322690604802e-06,0.01831003366761046,0.0,0.0,0.0,0.015012039471004015,0.015012039471004015,0.005829546309311689,0.013982999763417745,0.013982999763417745,0.00283954545828907,0.0,0.0,0.0,0.055304488037492654,0.055304488037492654,0.002885131397230985,0.0,0.0,0.0,0.0,0.0,0.0,6.868887673595675e-11,6.868887673595675e-11,2.868881641902614e-07,0.0,0.0,0.0,0.9156910623367059,0.9156910623367059,0.9701354562793937
352,T,0.0,0.0,2.160777632133481e-65,2.4066039973597853e-51,2.4066039973597853e-51,1.3391483097644467e-22,3.2747233369090563e-10,3.2747233369090563e-10,6.518770481262545e-16,2.3944658257158905e-13,2.3944658257158905e-13,2.65800013381975e-25,1.9053508166327047e-09,1.9053508166327047e-09,2.127442179848253e-08,0.0,0.0,0.0,0.0,0.0,0.0,0.0,0.0,0.0,0.0,0.0,0.0,0.0,0.0,0.0,0.9999999977669374,0.9999999977669374,0.9999999787255774
353,C,2.5472482016780646e-18,2.5472482016780646e-18,7.781911794760167e-38,0.01697181784374378,0.01697181784374378,0.0014919011664907042,0.0,0.0,0.0,0.0021730762802613258,0.0021730762802613258,0.0013632986567198716,0.0,0.0,0.0,0.04464008010316139,0.04464008010316139,0.0019624545278137647,0.0,0.0,0.0,1.0452022838311347e-05,1.0452022838311347e-05,8.887476485743818e-05,0.0,0.0,0.0,0.0,0.0,0.0,0.9362045737499952,0.9362045737499952,0.9950934708841184
354,C,1.916955200204114e-05,1.916955200204114e-05,1.2412621713003257e-16,0.009182900729154115,0.009182900729154115,7.900841320655178e-05,0.0,0.0,0.0,0.0015262130339202152,0.0015262130339202152,0.0033505893907793895,0.0,0.0,0.0,0.03586206314508639,0.03586206314508639,0.002298280328217673,0.0,0.0,0.0,0.00017167650604123772,0.00017167650604123772,9.57833903405894e-07,0.0,0.0,0.0,0.0,0.0,0.0,0.9532379770337961,0.9532379770337961,0.9942711640338927
355,C,2.6830864857364677e-14,2.6830864857364677e-14,1.8431718346415346e-16,0.0025903946651286433,0.0025903946651286433,0.03797429325231033,0.0,0.0,0.0,0.0011403728008485459,0.0011403728008485459,0.001018112837498098,0.0,0.0,0.0,0.005052773761770175,0.005052773761770175,0.025674575432196967,0.0,0.0,0.0,1.3666061604678169e-05,1.3666061604678169e-05,3.2399545564210655e-05,0.0,0.0,0.0,0.0,0.0,0.0,0.9912027927106212,0.9912027927106212,0.9353006189324303
356,C,4.319785002681586e-33,4.319785002681586e-33,7.185155564837867e-17,0.0008861181545161603,0.0008861181545161603,0.005137355354292328,0.0,0.0,0.0,0.0014194727622770104,0.0014194727622770104,0.021719145332873044,0.0,0.0,0.0,0.0011824743906643626,0.0011824743906643626,0.006580359386614713,0.0,0.0,0.0,0.0038367565982106843,0.0038367565982106843,8.23713479237157e-09,0.0,0.0,0.0,0.0,0.0,0.0,0.9926751780943318,0.9926751780943318,0.966563131689085
357,A,0.0008513272361702665,0.0008513272361702665,2.868031392126752e-07,0.0,0.0,0.0,0.004774455331889732,0.004774455331889732,6.094349534473565e-09,0.007030980720644731,0.007030980720644731,0.0003273611840738297,0.0,0.0,0.0,0.010006110297678636,0.010006110297678636,0.002467509063710168,0.0,0.0,0.0,0.0,0.0,0.0,2.023031207594416e-12,2.023031207594416e-12,1.7904986334946847e-08,0.0,0.0,0.0,0.9773371264115935,0.9773371264115935,0.9972048189497409
358,C,1.3000677551341617e-12,1.3000677551341617e-12,0.0347750765706245,0.0015686040229489883,0.0015686040229489883,0.00039672368255011753,0.0,0.0,0.0,0.00861585194311319,0.00861585194311319,0.0022048172555880225,0.0,0.0,0.0,0.00572519123909579,0.00572519123909579,0.022832987194882536,0.0,0.0,0.0,0.005786224150421495,0.005786224150421495,0.002254589034753368,0.0,0.0,0.0,0.0,0.0,0.0,0.9783041286431206,0.9783041286431206,0.9375358062616014
359,T,8.473592694310027e-187,8.473592694310027e-187,1.8874346474104566e-236,0.002199774829762534,0.002199774829762534,0.006219578871599828,5.0714841286025205e-06,5.0714841286025205e-06,9.723316329400294e-16,5.748069771763426e-13,5.748069771763426e-13,4.299154371393582e-06,0.00042744023020516435,0.00042744023020516435,0.0005795284078208119,0.0,0.0,0.0,0.0,0.0,0.0,0.0,0.0,0.0,0.0,0.0,0.0,0.0,0.0,0.0,0.9973677134553289,0.9973677134553289,0.993196593566207
360,C,6.050381835361666e-14,6.050381835361666e-14,8.094763819550207e-13,0.004312618690600296,0.004312618690600296,0.005337413608692433,0.0,0.0,0.0,0.0003716767342190041,0.0003716767342190041,0.0025248714526140605,0.0,0.0,0.0,0.005961585488792433,0.005961585488792433,0.0012250936326256652,0.0,0.0,0.0,0.00022101666901202103,0.00022101666901202103,0.00013976660783320628,0.0,0.0,0.0,0.0,0.0,0.0,0.9891331024173157,0.9891331024173157,0.9907728546974252
361,G,4.762936682695262e-22,4.762936682695262e-22,3.920850324941107e-11,1.0214707870300401e-07,1.0214707870300401e-07,0.0012277503205871706,2.5564722876399843e-09,2.5564722876399843e-09,3.40524090599847e-09,0.0,0.0,0.0,0.0,0.0,0.0,0.00015452036429292786,0.00015452036429292786,1.2054217647745452e-05,0.0007365816278456077,0.0007365816278456077,5.431260363061203e-09,0.0,0.0,0.0,0.0,0.0,0.0,0.0,0.0,0.0,0.9991087933043106,0.9991087933043106,0.9987601865860553
362,C,5.09283199672473e-14,5.09283199672473e-14,1.0419024134357527e-11,0.010352692613986072,0.010352692613986072,0.016417500546644755,0.0,0.0,0.0,0.00238246068559727,0.00238246068559727,0.003911552394615654,0.0,0.0,0.0,0.005076441737366671,0.005076441737366671,0.016912254159000783,0.0,0.0,0.0,3.5348388666957947e-07,3.5348388666957947e-07,0.0006582132271144388,0.0,0.0,0.0,0.0,0.0,0.0,0.9821880514791124,0.9821880514791124,0.9621004796622054
363,G,7.1887515046542415e-62,2.340180834009915e-07,4.813169450401847e-31,1.1507626437663414e-06,0.0008669318381580356,8.688803223893486e-29,2.5916374507976338e-05,0.0001624225345993554,0.01688927972794201,0.0,0.0,0.0,0.0,0.0,0.0,0.000337034959840306,7.124697923070344e-14,0.00012197320969040539,2.9048922795745115e-05,0.006256440578921244,8.08534965162455e-05,0.0,0.0,0.0,0.0,0.0,0.0,0.0,0.0,0.0,0.9996068489802121,0.9927139710301667,0.9829078935658514
364,C,1.7620233579173022e-10,1.7620233579173022e-10,4.712478223147367e-05,0.0016533163389479335,0.0016533163389479335,0.008112979010023726,0.0,0.0,0.0,0.0019593152678671556,0.0019593152678671556,5.3492076726806344e-06,0.0,0.0,0.0,0.028856347992412244,0.028856347992412244,0.02239758469135878,0.0,0.0,0.0,1.1331721493253839e-07,1.1331721493253839e-07,2.2855741876061312e-07,0.0,0.0,0.0,0.0,0.0,0.0,0.9675309069073554,0.9675309069073554,0.9694367337512946
365,A,6.244235660103909e-08,6.244235660103909e-08,0.0003168946398696817,0.0,0.0,0.0,7.064821473246558e-05,7.064821473246558e-05,0.0036260583137769625,0.005591167608377761,0.005591167608377761,0.013907611554332629,0.0,0.0,0.0,0.026583406205285123,0.026583406205285123,0.06717749449210604,0.0,0.0,0.0,0.0,0.0,0.0,9.790125382240135e-05,9.790125382240135e-05,4.610905869361509e-05,0.0,0.0,0.0,0.9676568142754256,0.9676568142754256,0.914925831941221
366,C,3.925415241491957e-11,3.925415241491957e-11,0.001272572339069876,0.0007989186045695927,0.0007989186045695927,0.00013571661738463436,0.0,0.0,0.0,1.8312988444140966e-06,1.8312988444140966e-06,0.005247922714082545,0.0,0.0,0.0,0.006240118199820821,0.006240118199820821,0.013677039799095719,0.0,0.0,0.0,0.00833431051097065,0.00833431051097065,8.743715754578357e-06,0.0,0.0,0.0,0.0,0.0,0.0,0.9846248213465405,0.9846248213465405,0.9796580048146126
367,G,5.2496304986895544e-30,5.2496304986895544e-30,1.7317745510898827e-30,7.850172008568194e-11,7.850172008568194e-11,4.564093791607787e-12,0.00012175362626312529,0.00012175362626312529,0.00022124860378501426,0.0,0.0,0.0,0.0,0.0,0.0,2.3946154535711916e-17,2.3946154535711916e-17,0.00021934368370683156,0.0004946532402949704,0.0004946532402949704,3.6430147601573266e-05,0.0,0.0,0.0,0.0,0.0,0.0,0.0,0.0,0.0,0.9993835930549402,0.9993835930549402,0.9995229775603425
368,A,3.1198489251994285e-26,3.1198489251994285e-26,1.0714897296738764e-05,0.0,0.0,0.0,0.0008291787336266528,0.0008291787336266528,0.0019254736591279434,5.962770588603026e-05,5.962770588603026e-05,0.012576437284309083,0.0,0.0,0.0,0.004285020612437977,0.004285020612437977,0.006923240580325319,0.0,0.0,0.0,0.0,0.0,0.0,8.439603987385122e-05,8.439603987385122e-05,4.3850620573325624e-08,0.0,0.0,0.0,0.9947417769081756,0.9947417769081756,0.9785640897283204
369,T,3.3566527668200663e-103,3.3566527668200663e-103,5.260841279079752e-133,3.4222971889914473e-13,3.4222971889914473e-13,2.0737016599828327e-31,2.563572921580563e-13,2.563572921580563e-13,3.448778545676507e-06,0.005697199936120827,0.005697199936120827,9.427577398014579e-41,4.67784410650264e-06,4.67784410650264e-06,1.1041886497172577e-06,0.0,0.0,0.0,0.0,0.0,0.0,0.0,0.0,0.0,0.0,0.0,0.0,0.0,0.0,0.0,0.994298122219174,0.994298122219174,0.9999954470328045
370,T,7.491412607251411e-153,7.491412607251411e-153,0.0,7.604591563781131e-24,7.604591563781131e-24,7.907737462690618e-06,6.809476219393806e-19,6.809476219393806e-19,1.2156505119299274e-07,2.1500699300043656e-28,2.1500699300043656e-28,3.1005945530946513e-13,0.002532476350312167,0.002532476350312167,0.0015577477974746423,0.0,0.0,0.0,0.0,0.0,0.0,0.0,0.0,0.0,0.0,0.0,0.0,0.0,0.0,0.0,0.9974675236496877,0.9974675236496877,0.9984342228997014
371,G,2.745199776730548e-35,2.745199776730548e-35,2.7805204230775303e-12,9.457083117356134e-05,9.457083117356134e-05,1.138012564072377e-06,0.0005170750627837912,0.0005170750627837912,8.015326359104512e-08,0.0,0.0,0.0,0.0,0.0,0.0,1.3208660635646394e-05,1.3208660635646394e-05,0.001193272275913916,0.0002285261863777239,0.0002285261863777239,1.063307097962643e-05,0.0,0.0,0.0,0.0,0.0,0.0,0.0,0.0,0.0,0.9991466192590293,0.9991466192590293,0.9987948764844983
372,G,7.915013352190339e-64,7.915013352190339e-64,7.396308526872795e-113,2.1506193635283913e-06,2.1506193635283913e-06,0.00013686143081517973,1.7902320225408338e-07,1.7902320225408338e-07,0.00010715299129932466,0.0,0.0,0.0,0.0,0.0,0.0,5.338722708919634e-08,5.338722708919634e-08,0.0010270217184811612,0.0012740713348583107,0.0012740713348583107,0.004712015521345856,0.0,0.0,0.0,0.0,0.0,0.0,0.0,0.0,0.0,0.9987235456353488,0.9987235456353488,0.9940169483380585
373,T,0.0,0.0,2.5939948252620618e-51,4.1750537711458683e-23,4.1750537711458683e-23,5.901947520626903e-28,6.380643050340172e-08,6.380643050340172e-08,6.4641364949273356e-52,1.338599189736768e-09,1.338599189736768e-09,4.735422311035793e-18,0.006045789382587611,0.006045789382587611,0.005689983727906049,0.0,0.0,0.0,0.0,0.0,0.0,0.0,0.0,0.0,0.0,0.0,0.0,0.0,0.0,0.0,0.9939541454723827,0.9939541454723827,0.9943100162720939
374,A,2.2729573814814087e-05,2.2729573814814087e-05,1.8955315310937206e-06,0.0,0.0,0.0,0.0001462267646769325,0.0001462267646769325,0.0018511603904482275,0.01739389279995877,0.01739389279995877,0.04187089401454663,0.0,0.0,0.0,0.03491450239465291,0.03491450239465291,0.007008051616125495,0.0,0.0,0.0,0.0,0.0,0.0,0.009321053670531355,0.009321053670531355,3.0864213069984825e-07,0.0,0.0,0.0,0.9382015947963652,0.9382015947963652,0.9492676898052179
375,A,0.013142068350768078,0.013142068350768078,2.83333172933244e-07,0.0,0.0,0.0,0.00288311059579045,0.00288311059579045,0.01242410511269501,0.024507691203593255,0.024507691203593255,0.004211843681664364,0.0,0.0,0.0,0.0074737955964614055,0.0074737955964614055,0.05922913736683493,0.0,0.0,0.0,0.0,0.0,0.0,0.010931956627228867,0.010931956627228867,0.001729586328226531,0.0,0.0,0.0,0.941061377626158,0.941061377626158,0.9224050441774062
376,T,1.0733576878604416e-120,1.0733576878604416e-120,4.539048481829935e-211,9.027337327597553e-06,9.027337327597553e-06,3.084768953294745e-23,2.280963924973856e-05,2.280963924973856e-05,4.1347229491265435e-64,3.027680394878227e-16,3.027680394878227e-16,2.9612825982477767e-06,2.550752075018442e-11,2.550752075018442e-11,0.0010263200689465542,0.0,0.0,0.0,0.0,0.0,0.0,0.0,0.0,0.0,0.0,0.0,0.0,0.0,0.0,0.0,0.9999681629979149,0.9999681629979149,0.9989707186484552
377,A,0.0005788360262360651,0.0005788360262360651,1.0331508944629217e-07,0.0,0.0,0.0,0.0004920349131597465,0.0004920349131597465,0.05672843227732427,0.01438865405542443,0.01438865405542443,0.00046950099508291947,0.0,0.0,0.0,0.013180254034162094,0.013180254034162094,0.02028165347355506,0.0,0.0,0.0,0.0,0.0,0.0,9.777821406767534e-08,9.777821406767534e-08,0.00317382223590908,0.0,0.0,0.0,0.9713601231928036,0.9713601231928036,0.9193464877030393
378,A,8.11635442405184e-06,8.11635442405184e-06,6.120564253447341e-07,0.0,0.0,0.0,0.002201326212748859,0.002201326212748859,0.00189246618667755,0.009768707394642131,0.009768707394642131,0.02324555970240859,0.0,0.0,0.0,0.034564394119268045,0.034564394119268045,0.024402977897782334,0.0,0.0,0.0,0.0,0.0,0.0,0.00013437939304315185,0.00013437939304315185,0.015817541291152648,0.0,0.0,0.0,0.9533230765258738,0.9533230765258738,0.9346408428655536
379,G,1.1698400847909603e-12,1.1698400847909603e-12,2.845424315260485e-47,3.4577101871630084e-08,3.4577101871630084e-08,2.1395493538192452e-05,4.86028709655748e-06,4.86028709655748e-06,0.0009367504210527135,0.0,0.0,0.0,0.0,0.0,0.0,3.3992968207179503e-06,3.3992968207179503e-06,8.115839473118083e-08,0.0029365311555573865,0.0029365311555573865,2.0312741522187394e-05,0.0,0.0,0.0,0.0,0.0,0.0,0.0,0.0,0.0,0.9970551746822535,0.9970551746822535,0.9990214601854921
380,G,5.238919143869161e-81,5.238919143869161e-81,1.565989516673925e-17,4.484328572542379e-06,4.484328572542379e-06,5.082669941437769e-12,0.00036228195844189014,0.00036228195844189014,1.4503055878741496e-07,0.0,0.0,0.0,0.0,0.0,0.0,5.6163873728230996e-11,5.6163873728230996e-11,0.00046048527137135736,1.7772132443113804e-06,1.7772132443113804e-06,2.757122061549945e-06,0.0,0.0,0.0,0.0,0.0,0.0,0.0,0.0,0.0,0.9996314564435774,0.9996314564435774,0.9995366125709256
381,T,9.026089199644332e-24,9.026089199644332e-24,7.942227537962554e-128,3.937286721562636e-32,3.937286721562636e-32,1.5255512707257844e-08,4.1358017585345115e-12,4.1358017585345115e-12,7.028600724525425e-10,0.002112085876395108,0.002112085876395108,7.903597640336792e-07,0.01918804136851204,0.01918804136851204,0.00010401316494926128,0.0,0.0,0.0,0.0,0.0,0.0,0.0,0.0,0.0,0.0,0.0,0.0,0.0,0.0,0.0,0.978699872750957,0.978699872750957,0.9998951805169138
382,G,3.11426806752456e-82,3.11426806752456e-82,2.5199352780165255e-23,1.1306316237837028e-08,1.1306316237837028e-08,1.1254250472461164e-09,6.155097656644421e-07,6.155097656644421e-07,1.8116918676182873e-10,0.0,0.0,0.0,0.0,0.0,0.0,8.046063174627888e-06,8.046063174627888e-06,0.00013519345941266886,3.087688791374182e-05,3.087688791374182e-05,0.0005482672905400938,0.0,0.0,0.0,0.0,0.0,0.0,0.0,0.0,0.0,0.9999604502328296,0.9999604502328296,0.9993165379434529
383,T,2.7412369723735895e-272,2.7412369723735895e-272,0.0,1.2815146060367845e-06,1.2815146060367845e-06,3.6897413847875555e-07,2.4531294902279226e-15,2.4531294902279226e-15,5.597358666768909e-43,3.5436886768709504e-11,3.5436886768709504e-11,9.674218119319606e-06,0.007169768444998332,0.007169768444998332,6.037147635628347e-06,0.0,0.0,0.0,0.0,0.0,0.0,0.0,0.0,0.0,0.0,0.0,0.0,0.0,0.0,0.0,0.9928289500049562,0.9928289500049562,0.9999839196601065
384,A,1.4052058373631773e-08,1.4052058373631773e-08,0.010824111830134377,0.0,0.0,0.0,0.012970630725241326,0.012970630725241326,0.014877402037189985,0.0387302789312517,0.0387302789312517,0.025573289469650987,0.0,0.0,0.0,0.012503558551657764,0.012503558551657764,0.052323702181445435,0.0,0.0,0.0,0.0,0.0,0.0,0.0007009252753615187,0.0007009252753615187,0.00017013570359114053,0.0,0.0,0.0,0.9350945924644293,0.9350945924644293,0.8962313587779881
385,A,4.404546317190211e-05,4.404546317190211e-05,0.00024284511965857384,0.0,0.0,0.0,0.01671709355820788,0.01671709355820788,1.0405559498559127e-05,0.0018179966623210666,0.0018179966623210666,0.0017940026906937431,0.0,0.0,0.0,0.009134184868807472,0.009134184868807472,0.029612132368104067,0.0,0.0,0.0,0.0,0.0,0.0,0.0013935558108046997,0.0013935558108046997,0.008417638658939462,0.0,0.0,0.0,0.9708931236366869,0.9708931236366869,0.9599229756031056
386,T,7.73526734697312e-111,7.73526734697312e-111,2.3067493899517242e-169,1.4738507757440846e-48,1.4738507757440846e-48,3.195118429389059e-13,4.774707643817235e-39,4.774707643817235e-39,1.409066873976475e-50,2.0517042978777682e-14,2.0517042978777682e-14,7.739750615531717e-24,1.9020900355367778e-06,1.9020900355367778e-06,0.00026570671220781995,0.0,0.0,0.0,0.0,0.0,0.0,0.0,0.0,0.0,0.0,0.0,0.0,0.0,0.0,0.0,0.9999980979099439,0.9999980979099439,0.9997342932874725
387,A,8.318338515739597e-06,8.318338515739597e-06,0.0011558685306249307,0.0,0.0,0.0,0.0028727507535541673,0.0028727507535541673,0.04235194333489983,0.0023869536843656417,0.0023869536843656417,0.00947686303382174,0.0,0.0,0.0,0.054099077239226,0.054099077239226,0.033909579327635685,0.0,0.0,0.0,0.0,0.0,0.0,0.002400101164199602,0.002400101164199602,1.093278245872789e-09,0.0,0.0,0.0,0.9382327988201388,0.9382327988201388,0.9131057446797396
388,T,1.5864071844241534e-134,1.5864071844241534e-134,6.035008386014234e-220,1.555034182259409e-45,1.555034182259409e-45,0.0001265009908260922,4.980706608215826e-16,4.980706608215826e-16,3.8574091125918485e-36,2.410159186135614e-13,2.410159186135614e-13,3.7818561499013976e-61,1.070817054420947e-06,1.070817054420947e-06,0.0027269293802409536,0.0,0.0,0.0,0.0,0.0,0.0,0.0,0.0,0.0,0.0,0.0,0.0,0.0,0.0,0.0,0.9999989291827039,0.9999989291827039,0.9971465696289328
389,T,2.3880711845341347e-126,2.3880711845341347e-126,2.2921670047212226e-81,1.7498636672634457e-06,1.7498636672634457e-06,5.62180105734073e-35,4.585426096720812e-19,4.585426096720812e-19,3.010406229811439e-17,6.765332491756236e-08,6.765332491756236e-08,8.201352501757056e-14,0.0012564165701089815,0.0012564165701089815,0.0028882535191778256,0.0,0.0,0.0,0.0,0.0,0.0,0.0,0.0,0.0,0.0,0.0,0.0,0.0,0.0,0.0,0.9987417659128989,0.9987417659128989,0.9971117464807402
390,A,0.007720131975212805,0.007720131975212805,8.946599120583567e-10,0.0,0.0,0.0,0.03867789437739444,0.03867789437739444,0.000987401118496374,0.0005904229611218106,0.0005904229611218106,0.00332085393756698,0.0,0.0,0.0,0.007550777307664173,0.007550777307664173,0.017286544651066008,0.0,0.0,0.0,0.0,0.0,0.0,0.0111063241734072,0.0111063241734072,7.065293454419923e-07,0.0,0.0,0.0,0.9343544492051996,0.9343544492051996,0.9784044928688653
391,C,0.00013504230822088568,0.00013504230822088568,5.427144516693346e-14,0.024449435986222044,0.024449435986222044,0.034729226432157694,0.0,0.0,0.0,0.0017554175489448787,0.0017554175489448787,0.0006870296098056551,0.0,0.0,0.0,0.04334200405191032,0.04334200405191032,0.009642271373908521,0.0,0.0,0.0,0.0017375632441619135,0.0017375632441619135,0.006088166176531041,0.0,0.0,0.0,0.0,0.0,0.0,0.92858053686054,0.92858053686054,0.948853306407543
392,A,2.8703451971122966e-05,2.8703451971122966e-05,0.0006528960997824904,0.0,0.0,0.0,0.030708527444835227,0.030708527444835227,0.008578724950885418,0.003708308243815686,0.003708308243815686,0.027571048116242686,0.0,0.0,0.0,0.04294975002277998,0.04294975002277998,0.025440083720440515,0.0,0.0,0.0,0.0,0.0,0.0,2.1035583858155745e-14,2.1035583858155745e-14,0.006409593747276224,0.0,0.0,0.0,0.9226047108365769,0.9226047108365769,0.9313476533653727
393,A,0.0036541719289949846,0.0036541719289949846,8.78918768812792e-05,0.0,0.0,0.0,0.0043670571446569354,0.0043670571446569354,0.017540559637388917,0.00506785022934269,0.00506785022934269,0.005414730057813948,0.0,0.0,0.0,0.030514132035089035,0.030514132035089035,0.02209480284974842,0.0,0.0,0.0,0.0,0.0,0.0,0.006237392239635422,0.006237392239635422,0.004459620570443739,0.0,0.0,0.0,0.950159396422281,0.950159396422281,0.9504023950077238
394,A,3.5937049288656955e-05,3.5937049288656955e-05,1.812613669492922e-14,0.0,0.0,0.0,0.004396390696804932,0.004396390696804932,0.005644588145710734,0.018255530213383872,0.018255530213383872,0.044576064770067425,0.0,0.0,0.0,0.041322167615521134,0.041322167615521134,0.056131393344923564,0.0,0.0,0.0,0.0,0.0,0.0,0.0037230047765528297,0.0037230047765528297,1.8229867844532097e-12,0.0,0.0,0.0,0.9322669696484486,0.9322669696484486,0.8936479537374572
395,A,1.602124595493204e-06,1.602124595493204e-06,1.5389674904497993e-06,0.0,0.0,0.0,0.0010119272151424526,0.0010119272151424526,1.3948666356510502e-05,0.02480219625067608,0.02480219625067608,0.014909322755076001,0.0,0.0,0.0,0.05776974333743887,0.05776974333743887,0.019885350502368896,0.0,0.0,0.0,0.0,0.0,0.0,1.8383698612454294e-05,1.8383698612454294e-05,0.06109651178373985,0.0,0.0,0.0,0.9163961473735346,0.9163961473735346,0.9040933273249683
396,A,2.0597809592166542e-11,2.0597809592166542e-11,0.006414884892858741,0.0,0.0,0.0,0.0004369110554221308,0.0004369110554221308,0.04102157720951282,0.003432477933204147,0.003432477933204147,0.008009175367867457,0.0,0.0,0.0,0.0036990560328411894,0.0036990560328411894,0.0002953322534452737,0.0,0.0,0.0,0.0,0.0,0.0,0.0001994738445869573,0.0001994738445869573,0.00012919857203586685,0.0,0.0,0.0,0.9922320811133478,0.9922320811133478,0.9441298317042799
397,C,9.23484028535641e-18,9.23484028535641e-18,1.02792560645707e-46,9.470890141407175e-05,9.470890141407175e-05,0.01603602925994446,0.0,0.0,0.0,0.018247535636200424,0.018247535636200424,0.001141833195207087,0.0,0.0,0.0,0.0022750701129554524,0.0022750701129554524,0.011534167375725522,0.0,0.0,0.0,1.7012096627389066e-09,1.7012096627389066e-09,8.929165692746956e-05,0.0,0.0,0.0,0.0,0.0,0.0,0.9793826836482203,0.9793826836482203,0.9711986785121954
398,C,2.5623136661534017e-09,2.5623136661534017e-09,1.3519962247641148e-07,3.804412209377727e-05,3.804412209377727e-05,0.02029813604209978,0.0,0.0,0.0,2.5153162244510464e-05,2.5153162244510464e-05,0.012536651494159763,0.0,0.0,0.0,0.046755622128879744,0.046755622128879744,0.007181656962091442,0.0,0.0,0.0,0.00634389348099714,0.00634389348099714,0.002427534505420662,0.0,0.0,0.0,0.0,0.0,0.0,0.9468372845434712,0.9468372845434712,0.9575558857966059
399,A,0.023037052658010218,0.023037052658010218,2.015444903824339e-08,0.0,0.0,0.0,0.0026346095063248805,0.0026346095063248805,3.559932697116005e-05,0.001201241418232641,0.001201241418232641,0.0015468899628592711,0.0,0.0,0.0,0.0056373153120145535,0.0056373153120145535,0.0020191261815092915,0.0,0.0,0.0,0.0,0.0,0.0,0.0010066665718843606,0.0010066665718843606,6.141138933161739e-05,0.0,0.0,0.0,0.9664831145335334,0.9664831145335334,0.9963369529848796
400,T,0.0,0.0,7.497108716053746e-89,9.309172063143174e-18,9.309172063143174e-18,9.637512178991971e-18,2.6152825571161514e-18,2.6152825571161514e-18,1.3670412294692617e-25,3.1679111381324563e-09,3.1679111381324563e-09,3.6330229343769765e-31,0.0001456876192376184,0.0001456876192376184,4.1908270132447834e-06,0.0,0.0,0.0,0.0,0.0,0.0,0.0,0.0,0.0,0.0,0.0,0.0,0.0,0.0,0.0,0.9998543092128513,0.9998543092128513,0.9999958091729867
401,C,1.9802289583988325e-16,1.9802289583988325e-16,7.224042620450906e-14,0.003422461011897232,0.003422461011897232,0.00022985185257584173,0.0,0.0,0.0,0.0014732804978758445,0.0014732804978758445,0.00016869313051026796,0.0,0.0,0.0,0.005671402532430817,0.005671402532430817,0.011476741616182954,0.0,0.0,0.0,0.000538721609723899,0.000538721609723899,0.0004670494501825583,0.0,0.0,0.0,0.0,0.0,0.0,0.9888941343480718,0.9888941343480718,0.987657663950476
402,C,4.938076315795468e-06,4.938076315795468e-06,0.00024545945039042294,0.0008734015230948229,0.0008734015230948229,0.00011284786948469054,0.0,0.0,0.0,7.404761972234904e-05,7.404761972234904e-05,0.00013635707797797725,0.0,0.0,0.0,0.0075664202307644856,0.0075664202307644856,0.007393456977389995,0.0,0.0,0.0,0.0006796790758812001,0.0006796790758812001,0.008331520552637384,0.0,0.0,0.0,0.0,0.0,0.0,0.9908015134742214,0.9908015134742214,0.9837803580721196
403,G,4.9330406525075836e-24,4.9330406525075836e-24,9.81618602728417e-47,1.3541443376265895e-08,1.3541443376265895e-08,3.1534429426400327e-11,6.867355122547458e-19,6.867355122547458e-19,1.235412813366878e-05,0.0,0.0,0.0,0.0,0.0,0.0,0.0010348783456412976,0.0010348783456412976,1.7383270216207702e-07,0.00010824976786356277,0.00010824976786356277,0.0009550672575697242,0.0,0.0,0.0,0.0,0.0,0.0,0.0,0.0,0.0,0.9988568583450518,0.9988568583450518,0.9990324047500599
404,A,0.00020484998794079133,0.00020484998794079133,0.0010941520719009931,0.0,0.0,0.0,0.006913510362341665,0.006913510362341665,0.0005480513320495337,0.006025975055276361,0.006025975055276361,0.005989868692432735,0.0,0.0,0.0,0.016651728358889926,0.016651728358889926,0.02185701580592801,0.0,0.0,0.0,0.0,0.0,0.0,0.0015390641760015637,0.0015390641760015637,6.190872289943973e-06,0.0,0.0,0.0,0.9686648720595497,0.9686648720595497,0.9705047212253988
405,C,6.597502792221458e-31,6.597502792221458e-31,0.00019729560097168558,0.02392661354884178,0.02392661354884178,0.0013479016791086056,0.0,0.0,0.0,0.0033542005107618025,0.0033542005107618025,0.005931030787001465,0.0,0.0,0.0,0.025111872333507857,0.025111872333507857,0.01585227867413629,0.0,0.0,0.0,7.251512179117919e-07,7.251512179117919e-07,1.492889965356848e-07,0.0,0.0,0.0,0.0,0.0,0.0,0.9476065884556707,0.9476065884556707,0.9766713439697854
406,C,5.263307766641948e-09,5.263307766641948e-09,2.123026916057553e-29,0.0018400415463042236,0.0018400415463042236,0.00013342960249032923,0.0,0.0,0.0,0.0011546732092394252,0.0011546732092394252,0.0014197313194346235,0.0,0.0,0.0,0.013269898825659711,0.013269898825659711,0.008185196352166744,0.0,0.0,0.0,2.770904439630967e-06,2.770904439630967e-06,5.243827329439053e-05,0.0,0.0,0.0,0.0,0.0,0.0,0.9837326102510493,0.9837326102510493,0.990209204452614
407,T,2.739789080520741e-11,2.739789080520741e-11,8.174734784450995e-75,4.429290656411721e-10,4.429290656411721e-10,2.513375592095432e-10,2.1778845559189498e-67,2.1778845559189498e-67,2.942878947064489e-05,5.814352475673501e-15,5.814352475673501e-15,2.9847682754352168e-12,0.014897449909614367,0.014897449909614367,0.003978365962503299,0.0,0.0,0.0,0.0,0.0,0.0,0.0,0.0,0.0,0.0,0.0,0.0,0.0,0.0,0.0,0.9851025496200527,0.9851025496200527,0.9959922049937037
408,C,2.834457852148143e-05,2.834457852148143e-05,2.6080259222872673e-10,0.003674021327513758,0.003674021327513758,0.0026762518992538837,0.0,0.0,0.0,0.002891660315735468,0.002891660315735468,0.000575559351133004,0.0,0.0,0.0,0.027129216616925283,0.027129216616925283,0.010105149013764334,0.0,0.0,0.0,0.0008391379335936417,0.0008391379335936417,1.6202480103722975e-11,0.0,0.0,0.0,0.0,0.0,0.0,0.9654376192277104,0.9654376192277104,0.9866430394588437
409,T,0.0,0.0,4.68137439659631e-73,1.3498174749974187e-08,1.3498174749974187e-08,4.6746397200086995e-43,1.3129303122645824e-19,1.3129303122645824e-19,3.5753973619785625e-05,4.829033519873583e-16,4.829033519873583e-16,2.895858950342259e-15,0.004490101456622054,0.004490101456622054,1.7931682603792868e-05,0.0,0.0,0.0,0.0,0.0,0.0,0.0,0.0,0.0,0.0,0.0,0.0,0.0,0.0,0.0,0.9955098850452027,0.9955098850452027,0.9999463143437736
410,A,0.0009247050433045617,0.0009247050433045617,9.157419570876475e-07,0.0,0.0,0.0,0.03209397744031536,0.03209397744031536,0.028043064081925573,0.022567192239822297,0.022567192239822297,0.02650734164820198,0.0,0.0,0.0,0.005886534910968791,0.005886534910968791,0.09514882812304817,0.0,0.0,0.0,0.0,0.0,0.0,5.6920188732816434e-05,5.6920188732816434e-05,1.332884686591016e-05,0.0,0.0,0.0,0.9384706701768561,0.9384706701768561,0.8502865215580012
411,G,5.659173059472494e-137,5.659173059472494e-137,3.1208550066109e-07,4.8831361934150917e-20,4.8831361934150917e-20,2.7466753736970653e-10,3.778843361816965e-09,3.778843361816965e-09,1.28025855461327e-06,0.0,0.0,0.0,0.0,0.0,0.0,5.911871255229745e-06,5.911871255229745e-06,4.747904230836624e-11,2.1341148426762174e-05,2.1341148426762174e-05,0.004714809902154951,0.0,0.0,0.0,0.0,0.0,0.0,0.0,0.0,0.0,0.9999727432014747,0.9999727432014747,0.9952835974316432
412,G,0.00019702235524176484,0.00019702235524176484,2.848095247693884e-47,2.0891005649666126e-07,2.0891005649666126e-07,3.1028970221431223e-06,1.7977214507714938e-08,1.7977214507714938e-08,1.182894856857322e-06,0.0,0.0,0.0,0.0,0.0,0.0,3.7351640865034698e-37,3.7351640865034698e-37,3.153495153829845e-08,5.864841733141209e-06,5.864841733141209e-06,0.0017000939833886491,0.0,0.0,0.0,0.0,0.0,0.0,0.0,0.0,0.0,0.9997968859157542,0.9997968859157542,0.9982955886897809
413,G,2.261623310205074e-15,2.261623310205074e-15,4.0888997172497437e-10,0.0006230198228736541,0.0006230198228736541,0.00011399706166888464,1.039714082923254e-09,1.039714082923254e-09,2.5634727658694085e-06,0.0,0.0,0.0,0.0,0.0,0.0,1.5720320667966865e-34,1.5720320667966865e-34,0.00016116224931745764,0.026921561205699256,0.026921561205699256,0.002414084503653349,0.0,0.0,0.0,0.0,0.0,0.0,0.0,0.0,0.0,0.9724554179317109,0.9724554179317109,0.9973081923037044
414,C,0.0008543019210635091,0.0008543019210635091,9.831062114584606e-05,0.01712173820795491,0.01712173820795491,0.022022605854676375,0.0,0.0,0.0,0.009779268193408998,0.009779268193408998,0.002257744636610571,0.0,0.0,0.0,0.01676172193059696,0.01676172193059696,0.009149068083273969,0.0,0.0,0.0,0.009427927854115194,0.009427927854115194,0.0003003644261870347,0.0,0.0,0.0,0.0,0.0,0.0,0.9460550418928604,0.9460550418928604,0.9661719063781061
415,T,3.054435014106579e-89,3.054435014106579e-89,4.156831935816853e-75,1.1542612245892938e-95,1.1542612245892938e-95,0.01887974686549179,3.652434214544293e-14,3.652434214544293e-14,1.645357153552326e-27,4.35918019414105e-12,4.35918019414105e-12,3.6173490126898444e-17,4.032550307100824e-07,4.032550307100824e-07,0.00036081433867270185,0.0,0.0,0.0,0.0,0.0,0.0,0.0,0.0,0.0,0.0,0.0,0.0,0.0,0.0,0.0,0.9999995967405736,0.9999995967405736,0.9807594387958355
416,T,5.990281446439965e-236,5.990281446439965e-236,5.990281446439965e-236,1.4769047926653675e-19,1.4769047926653675e-19,1.4769047926653675e-19,1.355466608795166e-31,1.355466608795166e-31,1.355466608795166e-31,3.8075606361141846e-16,3.8075606361141846e-16,3.8075606361141846e-16,0.0002764296714099371,0.0002764296714099371,0.0002764296714099371,0.0,0.0,0.0,0.0,0.0,0.0,0.0,0.0,0.0,0.0,0.0,0.0,0.0,0.0,0.0,0.9997235703285896,0.9997235703285896,0.9997235703285896
417,A,1.9203032842380714e-07,1.9203032842380714e-07,1.9203032842380714e-07,0.0,0.0,0.0,0.005923560828365447,0.005923560828365447,0.005923560828365447,0.014514161245906007,0.014514161245906007,0.014514161245906007,0.0,0.0,0.0,0.008684859014197579,0.008684859014197579,0.008684859014197579,0.0,0.0,0.0,0.0,0.0,0.0,1.003189053127555e-06,1.003189053127555e-06,1.003189053127555e-06,0.0,0.0,0.0,0.9708762236921495,0.9708762236921495,0.9708762236921495
418,T,1.9881298329272753e-134,1.9881298329272753e-134,1.9881298329272753e-134,5.512116456177233e-21,5.512116456177233e-21,5.512116456177233e-21,4.146539554387776e-19,4.146539554387776e-19,4.146539554387776e-19,3.898140415324431e-11,3.898140415324431e-11,3.898140415324431e-11,0.004538998153335889,0.004538998153335889,0.004538998153335889,0.0,0.0,0.0,0.0,0.0,0.0,0.0,0.0,0.0,0.0,0.0,0.0,0.0,0.0,0.0,0.9954610018076827,0.9954610018076827,0.9954610018076827
419,T,2.631333500364398e-38,2.631333500364398e-38,2.631333500364398e-38,3.1092757331619936e-29,3.1092757331619936e-29,3.1092757331619936e-29,7.208677264301208e-11,7.208677264301208e-11,7.208677264301208e-11,2.0302901581258933e-05,2.0302901581258933e-05,2.0302901581258933e-05,0.0006579213354647065,0.0006579213354647065,0.0006579213354647065,0.0,0.0,0.0,0.0,0.0,0.0,0.0,0.0,0.0,0.0,0.0,0.0,0.0,0.0,0.0,0.9993217756908673,0.9993217756908673,0.9993217756908673
420,C,8.716257951796779e-07,8.716257951796779e-07,8.716257951796779e-07,0.0002700467868099929,0.0002700467868099929,0.0002700467868099929,0.0,0.0,0.0,0.008242467452099502,0.008242467452099502,0.008242467452099502,0.0,0.0,0.0,0.09244810496816216,0.09244810496816216,0.09244810496816216,0.0,0.0,0.0,0.02846575615014268,0.02846575615014268,0.02846575615014268,0.0,0.0,0.0,0.0,0.0,0.0,0.8705727530169906,0.8705727530169906,0.8705727530169906
