K,,24,24,24,24,24,24,24,24,24,24,24,24,24,24,24,24,24,24,24,24,24,24,24,24
Cluster,,1,2,3,4,5,6,7,8,9,10,11,12,13,14,15,16,17,18,19,20,21,22,23,24
Position,Base,,,,,,,,,,,,,,,,,,,,,,,,
1,T,4.017956906423216e-08,4.017956906423216e-08,4.017956906423216e-08,4.017956906423216e-08,4.017956906423216e-08,4.017956906423216e-08,4.017956906423216e-08,4.017956906423216e-08,4.017956906423216e-08,4.017956906423216e-08,4.017956906423216e-08,4.017956906423216e-08,4.017956906423216e-08,4.017956906423216e-08,4.017956906423216e-08,4.017956906423216e-08,4.017956906423216e-08,4.017956906423216e-08,4.017956906423216e-08,4.017956906423216e-08,4.017956906423216e-08,4.017956906423216e-08,4.017956906423216e-08,4.017956906423216e-08
2,C,0.060677503599583675,0.060677503599583675,0.060677503599583675,0.060677503599583675,0.060677503599583675,0.060677503599583675,0.060677503599583675,0.060677503599583675,0.060677503599583675,0.060677503599583675,0.060677503599583675,0.060677503599583675,0.060677503599583675,0.060677503599583675,0.060677503599583675,0.060677503599583675,0.060677503599583675,0.060677503599583675,0.060677503599583675,0.060677503599583675,0.060677503599583675,0.060677503599583675,0.060677503599583675,0.060677503599583675
3,A,0.029430891302231692,0.029430891302231692,0.029430891302231692,0.029430891302231692,0.029430891302231692,0.029430891302231692,0.029430891302231692,0.029430891302231692,0.029430891302231692,0.029430891302231692,0.029430891302231692,0.029430891302231692,0.029430891302231692,0.029430891302231692,0.029430891302231692,0.029430891302231692,0.029430891302231692,0.029430891302231692,0.029430891302231692,0.029430891302231692,0.029430891302231692,0.029430891302231692,0.029430891302231692,0.029430891302231692
4,T,0.00016969427255943457,0.00016969427255943457,0.00016969427255943457,0.00016969427255943457,0.00016969427255943457,0.00016969427255943457,0.00016969427255943457,0.00016969427255943457,0.00016969427255943457,0.00016969427255943457,0.00016969427255943457,0.00016969427255943457,0.00016969427255943457,0.00016969427255943457,0.00016969427255943457,0.00016969427255943457,0.00016969427255943457,0.00016969427255943457,0.00016969427255943457,0.00016969427255943457,0.00016969427255943457,0.00016969427255943457,0.00016969427255943457,0.00016969427255943457
5,G,0.0009617337429581127,0.0009617337429581127,0.0009617337429581127,0.0009617337429581127,0.0009617337429581127,0.0009617337429581127,0.0009617337429581127,0.0009617337429581127,0.0009617337429581127,0.0009617337429581127,0.0009617337429581127,0.0009617337429581127,0.0009617337429581127,0.0009617337429581127,0.0009617337429581127,0.0009617337429581127,0.0009617337429581127,0.0009617337429581127,0.0009617337429581127,0.0009617337429581127,0.0009617337429581127,0.0009617337429581127,0.0009617337429581127,0.0009617337429581127
6,C,0.02045563540606747,0.02045563540606747,0.02045563540606747,0.02045563540606747,0.02045563540606747,0.02045563540606747,0.02045563540606747,0.02045563540606747,0.02045563540606747,0.02045563540606747,0.02045563540606747,0.02045563540606747,0.02045563540606747,0.02045563540606747,0.02045563540606747,0.02045563540606747,0.02045563540606747,0.02045563540606747,0.02045563540606747,0.02045563540606747,0.02045563540606747,0.02045563540606747,0.02045563540606747,0.02045563540606747
7,G,0.0015422130385326289,0.0015422130385326289,0.0015422130385326289,0.0015422130385326289,0.0015422130385326289,0.0015422130385326289,0.0015422130385326289,0.0015422130385326289,0.0015422130385326289,0.0015422130385326289,0.0015422130385326289,0.0015422130385326289,0.0015422130385326289,0.0015422130385326289,0.0015422130385326289,0.0015422130385326289,0.0015422130385326289,0.0015422130385326289,0.0015422130385326289,0.0015422130385326289,0.0015422130385326289,0.0015422130385326289,0.0015422130385326289,0.0015422130385326289
8,C,0.004336407741738163,0.004336407741738163,0.004336407741738163,0.004336407741738163,0.004336407741738163,0.004336407741738163,0.004336407741738163,0.004336407741738163,0.004336407741738163,0.004336407741738163,0.004336407741738163,0.004336407741738163,0.004336407741738163,0.004336407741738163,0.004336407741738163,0.004336407741738163,0.004336407741738163,0.004336407741738163,0.004336407741738163,0.004336407741738163,0.004336407741738163,0.004336407741738163,0.004336407741738163,0.004336407741738163
9,T,1.4160123764918458e-08,1.4160123764918458e-08,1.4160123764918458e-08,1.4160123764918458e-08,1.4160123764918458e-08,1.4160123764918458e-08,1.4160123764918458e-08,1.4160123764918458e-08,1.4160123764918458e-08,1.4160123764918458e-08,1.4160123764918458e-08,1.4160123764918458e-08,1.4160123764918458e-08,1.4160123764918458e-08,1.4160123764918458e-08,1.4160123764918458e-08,1.4160123764918458e-08,1.4160123764918458e-08,1.4160123764918458e-08,1.4160123764918458e-08,1.4160123764918458e-08,1.4160123764918458e-08,1.4160123764918458e-08,1.4160123764918458e-08
10,C,0.03239731812623959,0.03239731812623959,0.03239731812623959,0.03239731812623959,0.03239731812623959,0.03239731812623959,0.03239731812623959,0.03239731812623959,0.03239731812623959,0.03239731812623959,0.03239731812623959,0.03239731812623959,0.03239731812623959,0.03239731812623959,0.03239731812623959,0.03239731812623959,0.03239731812623959,0.03239731812623959,0.03239731812623959,0.03239731812623959,0.03239731812623959,0.03239731812623959,0.03239731812623959,0.03239731812623959
11,G,0.004702639315819908,0.004702639315819908,0.004702639315819908,0.004702639315819908,0.004702639315819908,0.004702639315819908,0.004702639315819908,0.004702639315819908,0.004702639315819908,0.004702639315819908,0.004702639315819908,0.004702639315819908,0.004702639315819908,0.004702639315819908,0.004702639315819908,0.004702639315819908,0.004702639315819908,0.004702639315819908,0.004702639315819908,0.004702639315819908,0.004702639315819908,0.004702639315819908,0.004702639315819908,0.004702639315819908
12,G,0.019218274219046795,0.019218274219046795,0.019218274219046795,0.019218274219046795,0.019218274219046795,0.019218274219046795,0.019218274219046795,0.019218274219046795,0.019218274219046795,0.019218274219046795,0.019218274219046795,0.019218274219046795,0.019218274219046795,0.019218274219046795,0.019218274219046795,0.019218274219046795,0.019218274219046795,0.019218274219046795,0.019218274219046795,0.019218274219046795,0.019218274219046795,0.019218274219046795,0.019218274219046795,0.019218274219046795
13,A,0.03117753352288068,0.03117753352288068,0.03117753352288068,0.03117753352288068,0.03117753352288068,0.03117753352288068,0.03117753352288068,0.03117753352288068,0.03117753352288068,0.03117753352288068,0.03117753352288068,0.03117753352288068,0.03117753352288068,0.03117753352288068,0.03117753352288068,0.03117753352288068,0.03117753352288068,0.03117753352288068,0.03117753352288068,0.03117753352288068,0.03117753352288068,0.03117753352288068,0.03117753352288068,0.03117753352288068
14,C,0.026195277856525607,0.026195277856525607,0.026195277856525607,0.026195277856525607,0.026195277856525607,0.026195277856525607,0.026195277856525607,0.026195277856525607,0.026195277856525607,0.026195277856525607,0.026195277856525607,0.026195277856525607,0.026195277856525607,0.026195277856525607,0.026195277856525607,0.026195277856525607,0.026195277856525607,0.026195277856525607,0.026195277856525607,0.026195277856525607,0.026195277856525607,0.026195277856525607,0.026195277856525607,0.026195277856525607
15,G,5.89620341327901e-05,5.89620341327901e-05,5.89620341327901e-05,5.89620341327901e-05,5.89620341327901e-05,5.89620341327901e-05,5.89620341327901e-05,5.89620341327901e-05,5.89620341327901e-05,5.89620341327901e-05,5.89620341327901e-05,5.89620341327901e-05,5.89620341327901e-05,5.89620341327901e-05,5.89620341327901e-05,5.89620341327901e-05,5.89620341327901e-05,5.89620341327901e-05,5.89620341327901e-05,5.89620341327901e-05,5.89620341327901e-05,5.89620341327901e-05,5.89620341327901e-05,5.89620341327901e-05
16,T,0.0001873556867494064,0.0001873556867494064,0.0001873556867494064,0.0001873556867494064,0.0001873556867494064,0.0001873556867494064,0.0001873556867494064,0.0001873556867494064,0.0001873556867494064,0.0001873556867494064,0.0001873556867494064,0.0001873556867494064,0.0001873556867494064,0.0001873556867494064,0.0001873556867494064,0.0001873556867494064,0.0001873556867494064,0.0001873556867494064,0.0001873556867494064,0.0001873556867494064,0.0001873556867494064,0.0001873556867494064,0.0001873556867494064,0.0001873556867494064
17,T,3.683706950865133e-13,3.683706950865133e-13,3.683706950865133e-13,3.683706950865133e-13,3.683706950865133e-13,3.683706950865133e-13,3.683706950865133e-13,3.683706950865133e-13,3.683706950865133e-13,3.683706950865133e-13,3.683706950865133e-13,3.683706950865133e-13,3.683706950865133e-13,3.683706950865133e-13,3.683706950865133e-13,3.683706950865133e-13,3.683706950865133e-13,3.683706950865133e-13,3.683706950865133e-13,3.683706950865133e-13,3.683706950865133e-13,3.683706950865133e-13,3.683706950865133e-13,3.683706950865133e-13
18,C,0.005107609646456177,0.005107609646456177,0.005107609646456177,0.005107609646456177,0.005107609646456177,0.005107609646456177,0.005107609646456177,0.005107609646456177,0.005107609646456177,0.005107609646456177,0.005107609646456177,0.005107609646456177,0.005107609646456177,0.005107609646456177,0.005107609646456177,0.005107609646456177,0.005107609646456177,0.005107609646456177,0.005107609646456177,0.005107609646456177,0.005107609646456177,0.005107609646456177,0.005107609646456177,0.005107609646456177
19,T,1.5403339698599944e-08,1.5403339698599944e-08,1.5403339698599944e-08,1.5403339698599944e-08,1.5403339698599944e-08,1.5403339698599944e-08,1.5403339698599944e-08,1.5403339698599944e-08,1.5403339698599944e-08,1.5403339698599944e-08,1.5403339698599944e-08,1.5403339698599944e-08,1.5403339698599944e-08,1.5403339698599944e-08,1.5403339698599944e-08,1.5403339698599944e-08,1.5403339698599944e-08,1.5403339698599944e-08,1.5403339698599944e-08,1.5403339698599944e-08,1.5403339698599944e-08,1.5403339698599944e-08,1.5403339698599944e-08,1.5403339698599944e-08
20,G,0.00027791752569994725,0.00027791752569994725,0.00027791752569994725,0.00027791752569994725,0.00027791752569994725,0.00027791752569994725,0.00027791752569994725,0.00027791752569994725,0.00027791752569994725,0.00027791752569994725,0.00027791752569994725,0.00027791752569994725,0.00027791752569994725,0.00027791752569994725,0.00027791752569994725,0.00027791752569994725,0.00027791752569994725,0.00027791752569994725,0.00027791752569994725,0.00027791752569994725,0.00027791752569994725,0.00027791752569994725,0.00027791752569994725,0.00027791752569994725
21,T,2.891944172664237e-09,2.891944172664237e-09,2.891944172664237e-09,2.891944172664237e-09,2.891944172664237e-09,2.891944172664237e-09,2.891944172664237e-09,2.891944172664237e-09,2.891944172664237e-09,2.891944172664237e-09,2.891944172664237e-09,2.891944172664237e-09,2.891944172664237e-09,2.891944172664237e-09,2.891944172664237e-09,2.891944172664237e-09,2.891944172664237e-09,2.891944172664237e-09,2.891944172664237e-09,2.891944172664237e-09,2.891944172664237e-09,2.891944172664237e-09,2.891944172664237e-09,2.891944172664237e-09
22,T,3.899686317297941e-09,3.899686317297941e-09,3.899686317297941e-09,3.899686317297941e-09,3.899686317297941e-09,3.899686317297941e-09,3.899686317297941e-09,3.899686317297941e-09,3.899686317297941e-09,3.899686317297941e-09,3.899686317297941e-09,3.899686317297941e-09,3.899686317297941e-09,3.899686317297941e-09,3.899686317297941e-09,3.899686317297941e-09,3.899686317297941e-09,3.899686317297941e-09,3.899686317297941e-09,3.899686317297941e-09,3.899686317297941e-09,3.899686317297941e-09,3.899686317297941e-09,3.899686317297941e-09
23,A,0.04968012496160054,0.04968012496160054,0.04968012496160054,0.04968012496160054,0.04968012496160054,0.04968012496160054,0.04968012496160054,0.04968012496160054,0.04968012496160054,0.04968012496160054,0.04968012496160054,0.04968012496160054,0.04968012496160054,0.04968012496160054,0.04968012496160054,0.04968012496160054,0.04968012496160054,0.04968012496160054,0.04968012496160054,0.04968012496160054,0.04968012496160054,0.04968012496160054,0.04968012496160054,0.04968012496160054
24,A,0.02914503759274961,0.02914503759274961,0.02914503759274961,0.02914503759274961,0.02914503759274961,0.02914503759274961,0.02914503759274961,0.02914503759274961,0.02914503759274961,0.02914503759274961,0.02914503759274961,0.02914503759274961,0.02914503759274961,0.02914503759274961,0.02914503759274961,0.02914503759274961,0.02914503759274961,0.02914503759274961,0.02914503759274961,0.02914503759274961,0.02914503759274961,0.02914503759274961,0.02914503759274961,0.02914503759274961
25,A,0.010883991135193552,0.010883991135193552,0.010883991135193552,0.010883991135193552,0.010883991135193552,0.010883991135193552,0.010883991135193552,0.010883991135193552,0.010883991135193552,0.010883991135193552,0.010883991135193552,0.010883991135193552,0.010883991135193552,0.010883991135193552,0.010883991135193552,0.010883991135193552,0.010883991135193552,0.010883991135193552,0.010883991135193552,0.010883991135193552,0.010883991135193552,0.010883991135193552,0.010883991135193552,0.010883991135193552
26,G,2.786340364641702e-05,2.786340364641702e-05,2.786340364641702e-05,2.786340364641702e-05,2.786340364641702e-05,2.786340364641702e-05,2.786340364641702e-05,2.786340364641702e-05,2.786340364641702e-05,2.786340364641702e-05,2.786340364641702e-05,2.786340364641702e-05,2.786340364641702e-05,2.786340364641702e-05,2.786340364641702e-05,2.786340364641702e-05,2.786340364641702e-05,2.786340364641702e-05,2.786340364641702e-05,2.786340364641702e-05,2.786340364641702e-05,2.786340364641702e-05,2.786340364641702e-05,2.786340364641702e-05
27,A,0.0012510234921482163,0.0012510234921482163,0.0012510234921482163,0.0012510234921482163,0.0012510234921482163,0.0012510234921482163,0.0012510234921482163,0.0012510234921482163,0.0012510234921482163,0.0012510234921482163,0.0012510234921482163,0.0012510234921482163,0.0012510234921482163,0.0012510234921482163,0.0012510234921482163,0.0012510234921482163,0.0012510234921482163,0.0012510234921482163,0.0012510234921482163,0.0012510234921482163,0.0012510234921482163,0.0012510234921482163,0.0012510234921482163,0.0012510234921482163
28,A,0.003682686081383032,0.003682686081383032,0.003682686081383032,0.003682686081383032,0.003682686081383032,0.003682686081383032,0.003682686081383032,0.003682686081383032,0.003682686081383032,0.003682686081383032,0.003682686081383032,0.003682686081383032,0.003682686081383032,0.003682686081383032,0.003682686081383032,0.003682686081383032,0.003682686081383032,0.003682686081383032,0.003682686081383032,0.003682686081383032,0.003682686081383032,0.003682686081383032,0.003682686081383032,0.003682686081383032
29,C,0.0020624046143872593,0.0020624046143872593,0.0020624046143872593,0.0020624046143872593,0.0020624046143872593,0.0020624046143872593,0.0020624046143872593,0.0020624046143872593,0.0020624046143872593,0.0020624046143872593,0.0020624046143872593,0.0020624046143872593,0.0020624046143872593,0.0020624046143872593,0.0020624046143872593,0.0020624046143872593,0.0020624046143872593,0.0020624046143872593,0.0020624046143872593,0.0020624046143872593,0.0020624046143872593,0.0020624046143872593,0.0020624046143872593,0.0020624046143872593
30,G,6.729061201992545e-05,6.729061201992545e-05,6.729061201992545e-05,6.729061201992545e-05,6.729061201992545e-05,6.729061201992545e-05,6.729061201992545e-05,6.729061201992545e-05,6.729061201992545e-05,6.729061201992545e-05,6.729061201992545e-05,6.729061201992545e-05,6.729061201992545e-05,6.729061201992545e-05,6.729061201992545e-05,6.729061201992545e-05,6.729061201992545e-05,6.729061201992545e-05,6.729061201992545e-05,6.729061201992545e-05,6.729061201992545e-05,6.729061201992545e-05,6.729061201992545e-05,6.729061201992545e-05
31,A,0.014747994658069474,0.014747994658069474,0.014747994658069474,0.014747994658069474,0.014747994658069474,0.014747994658069474,0.014747994658069474,0.014747994658069474,0.014747994658069474,0.014747994658069474,0.014747994658069474,0.014747994658069474,0.014747994658069474,0.014747994658069474,0.014747994658069474,0.014747994658069474,0.014747994658069474,0.014747994658069474,0.014747994658069474,0.014747994658069474,0.014747994658069474,0.014747994658069474,0.014747994658069474,0.014747994658069474
32,G,8.617501184952268e-06,8.617501184952268e-06,8.617501184952268e-06,8.617501184952268e-06,8.617501184952268e-06,8.617501184952268e-06,8.617501184952268e-06,8.617501184952268e-06,8.617501184952268e-06,8.617501184952268e-06,8.617501184952268e-06,8.617501184952268e-06,8.617501184952268e-06,8.617501184952268e-06,8.617501184952268e-06,8.617501184952268e-06,8.617501184952268e-06,8.617501184952268e-06,8.617501184952268e-06,8.617501184952268e-06,8.617501184952268e-06,8.617501184952268e-06,8.617501184952268e-06,8.617501184952268e-06
33,G,0.001398050163914121,0.001398050163914121,0.001398050163914121,0.001398050163914121,0.001398050163914121,0.001398050163914121,0.001398050163914121,0.001398050163914121,0.001398050163914121,0.001398050163914121,0.001398050163914121,0.001398050163914121,0.001398050163914121,0.001398050163914121,0.001398050163914121,0.001398050163914121,0.001398050163914121,0.001398050163914121,0.001398050163914121,0.001398050163914121,0.001398050163914121,0.001398050163914121,0.001398050163914121,0.001398050163914121
34,C,0.011338052086791143,0.011338052086791143,0.011338052086791143,0.011338052086791143,0.011338052086791143,0.011338052086791143,0.011338052086791143,0.011338052086791143,0.011338052086791143,0.011338052086791143,0.011338052086791143,0.011338052086791143,0.011338052086791143,0.011338052086791143,0.011338052086791143,0.011338052086791143,0.011338052086791143,0.011338052086791143,0.011338052086791143,0.011338052086791143,0.011338052086791143,0.011338052086791143,0.011338052086791143,0.011338052086791143
35,T,9.977455338004212e-07,9.977455338004212e-07,9.977455338004212e-07,9.977455338004212e-07,9.977455338004212e-07,9.977455338004212e-07,9.977455338004212e-07,9.977455338004212e-07,9.977455338004212e-07,9.977455338004212e-07,9.977455338004212e-07,9.977455338004212e-07,9.977455338004212e-07,9.977455338004212e-07,9.977455338004212e-07,9.977455338004212e-07,9.977455338004212e-07,9.977455338004212e-07,9.977455338004212e-07,9.977455338004212e-07,9.977455338004212e-07,9.977455338004212e-07,9.977455338004212e-07,9.977455338004212e-07
36,A,0.01765111324317706,0.01765111324317706,0.01765111324317706,0.01765111324317706,0.01765111324317706,0.01765111324317706,0.01765111324317706,0.01765111324317706,0.01765111324317706,0.01765111324317706,0.01765111324317706,0.01765111324317706,0.01765111324317706,0.01765111324317706,0.01765111324317706,0.01765111324317706,0.01765111324317706,0.01765111324317706,0.01765111324317706,0.01765111324317706,0.01765111324317706,0.01765111324317706,0.01765111324317706,0.01765111324317706
37,G,0.00014203443970544713,0.00014203443970544713,0.00014203443970544713,0.00014203443970544713,0.00014203443970544713,0.00014203443970544713,0.00014203443970544713,0.00014203443970544713,0.00014203443970544713,0.00014203443970544713,0.00014203443970544713,0.00014203443970544713,0.00014203443970544713,0.00014203443970544713,0.00014203443970544713,0.00014203443970544713,0.00014203443970544713,0.00014203443970544713,0.00014203443970544713,0.00014203443970544713,0.00014203443970544713,0.00014203443970544713,0.00014203443970544713,0.00014203443970544713
38,A,0.001894664544819692,0.001894664544819692,0.001894664544819692,0.001894664544819692,0.001894664544819692,0.001894664544819692,0.001894664544819692,0.001894664544819692,0.001894664544819692,0.001894664544819692,0.001894664544819692,0.001894664544819692,0.001894664544819692,0.001894664544819692,0.001894664544819692,0.001894664544819692,0.001894664544819692,0.001894664544819692,0.001894664544819692,0.001894664544819692,0.001894664544819692,0.001894664544819692,0.001894664544819692,0.001894664544819692
39,T,1.5634596210157728e-14,1.5634596210157728e-14,1.5634596210157728e-14,1.5634596210157728e-14,1.5634596210157728e-14,1.5634596210157728e-14,1.5634596210157728e-14,1.5634596210157728e-14,1.5634596210157728e-14,1.5634596210157728e-14,1.5634596210157728e-14,1.5634596210157728e-14,1.5634596210157728e-14,1.5634596210157728e-14,1.5634596210157728e-14,1.5634596210157728e-14,1.5634596210157728e-14,1.5634596210157728e-14,1.5634596210157728e-14,1.5634596210157728e-14,1.5634596210157728e-14,1.5634596210157728e-14,1.5634596210157728e-14,1.5634596210157728e-14
40,T,4.126106872496647e-19,4.126106872496647e-19,4.126106872496647e-19,4.126106872496647e-19,4.126106872496647e-19,4.126106872496647e-19,4.126106872496647e-19,4.126106872496647e-19,4.126106872496647e-19,4.126106872496647e-19,4.126106872496647e-19,4.126106872496647e-19,4.126106872496647e-19,4.126106872496647e-19,4.126106872496647e-19,4.126106872496647e-19,4.126106872496647e-19,4.126106872496647e-19,4.126106872496647e-19,4.126106872496647e-19,4.126106872496647e-19,4.126106872496647e-19,4.126106872496647e-19,4.126106872496647e-19
41,C,0.01119274927251416,0.01119274927251416,0.01119274927251416,0.01119274927251416,0.01119274927251416,0.01119274927251416,0.01119274927251416,0.01119274927251416,0.01119274927251416,0.01119274927251416,0.01119274927251416,0.01119274927251416,0.01119274927251416,0.01119274927251416,0.01119274927251416,0.01119274927251416,0.01119274927251416,0.01119274927251416,0.01119274927251416,0.01119274927251416,0.01119274927251416,0.01119274927251416,0.01119274927251416,0.01119274927251416
42,C,0.012040493435444359,0.012040493435444359,0.012040493435444359,0.012040493435444359,0.012040493435444359,0.012040493435444359,0.012040493435444359,0.012040493435444359,0.012040493435444359,0.012040493435444359,0.012040493435444359,0.012040493435444359,0.012040493435444359,0.012040493435444359,0.012040493435444359,0.012040493435444359,0.012040493435444359,0.012040493435444359,0.012040493435444359,0.012040493435444359,0.012040493435444359,0.012040493435444359,0.012040493435444359,0.012040493435444359
43,G,9.67581749577995e-09,9.67581749577995e-09,9.67581749577995e-09,9.67581749577995e-09,9.67581749577995e-09,9.67581749577995e-09,9.67581749577995e-09,9.67581749577995e-09,9.67581749577995e-09,9.67581749577995e-09,9.67581749577995e-09,9.67581749577995e-09,9.67581749577995e-09,9.67581749577995e-09,9.67581749577995e-09,9.67581749577995e-09,9.67581749577995e-09,9.67581749577995e-09,9.67581749577995e-09,9.67581749577995e-09,9.67581749577995e-09,9.67581749577995e-09,9.67581749577995e-09,9.67581749577995e-09
44,T,7.386500701958942e-08,7.386500701958942e-08,7.386500701958942e-08,7.386500701958942e-08,7.386500701958942e-08,7.386500701958942e-08,7.386500701958942e-08,7.386500701958942e-08,7.386500701958942e-08,7.386500701958942e-08,7.386500701958942e-08,7.386500701958942e-08,7.386500701958942e-08,7.386500701958942e-08,7.386500701958942e-08,7.386500701958942e-08,7.386500701958942e-08,7.386500701958942e-08,7.386500701958942e-08,7.386500701958942e-08,7.386500701958942e-08,7.386500701958942e-08,7.386500701958942e-08,7.386500701958942e-08
45,T,3.031334383241941e-13,3.031334383241941e-13,3.031334383241941e-13,3.031334383241941e-13,3.031334383241941e-13,3.031334383241941e-13,3.031334383241941e-13,3.031334383241941e-13,3.031334383241941e-13,3.031334383241941e-13,3.031334383241941e-13,3.031334383241941e-13,3.031334383241941e-13,3.031334383241941e-13,3.031334383241941e-13,3.031334383241941e-13,3.031334383241941e-13,3.031334383241941e-13,3.031334383241941e-13,3.031334383241941e-13,3.031334383241941e-13,3.031334383241941e-13,3.031334383241941e-13,3.031334383241941e-13
46,C,0.0209283995090933,0.0209283995090933,0.0209283995090933,0.0209283995090933,0.0209283995090933,0.0209283995090933,0.0209283995090933,0.0209283995090933,0.0209283995090933,0.0209283995090933,0.0209283995090933,0.0209283995090933,0.0209283995090933,0.0209283995090933,0.0209283995090933,0.0209283995090933,0.0209283995090933,0.0209283995090933,0.0209283995090933,0.0209283995090933,0.0209283995090933,0.0209283995090933,0.0209283995090933,0.0209283995090933
47,C,0.05829575193842447,0.05829575193842447,0.05829575193842447,0.05829575193842447,0.05829575193842447,0.05829575193842447,0.05829575193842447,0.05829575193842447,0.05829575193842447,0.05829575193842447,0.05829575193842447,0.05829575193842447,0.05829575193842447,0.05829575193842447,0.05829575193842447,0.05829575193842447,0.05829575193842447,0.05829575193842447,0.05829575193842447,0.05829575193842447,0.05829575193842447,0.05829575193842447,0.05829575193842447,0.05829575193842447
48,T,2.6984513007030788e-05,2.6984513007030788e-05,2.6984513007030788e-05,2.6984513007030788e-05,2.6984513007030788e-05,2.6984513007030788e-05,2.6984513007030788e-05,2.6984513007030788e-05,2.6984513007030788e-05,2.6984513007030788e-05,2.6984513007030788e-05,2.6984513007030788e-05,2.6984513007030788e-05,2.6984513007030788e-05,2.6984513007030788e-05,2.6984513007030788e-05,2.6984513007030788e-05,2.6984513007030788e-05,2.6984513007030788e-05,2.6984513007030788e-05,2.6984513007030788e-05,2.6984513007030788e-05,2.6984513007030788e-05,2.6984513007030788e-05
49,T,7.638727565259588e-06,7.638727565259588e-06,7.638727565259588e-06,7.638727565259588e-06,7.638727565259588e-06,7.638727565259588e-06,7.638727565259588e-06,7.638727565259588e-06,7.638727565259588e-06,7.638727565259588e-06,7.638727565259588e-06,7.638727565259588e-06,7.638727565259588e-06,7.638727565259588e-06,7.638727565259588e-06,7.638727565259588e-06,7.638727565259588e-06,7.638727565259588e-06,7.638727565259588e-06,7.638727565259588e-06,7.638727565259588e-06,7.638727565259588e-06,7.638727565259588e-06,7.638727565259588e-06
50,C,0.007100566615473311,0.007100566615473311,0.007100566615473311,0.007100566615473311,0.007100566615473311,0.007100566615473311,0.007100566615473311,0.007100566615473311,0.007100566615473311,0.007100566615473311,0.007100566615473311,0.007100566615473311,0.007100566615473311,0.007100566615473311,0.007100566615473311,0.007100566615473311,0.007100566615473311,0.007100566615473311,0.007100566615473311,0.007100566615473311,0.007100566615473311,0.007100566615473311,0.007100566615473311,0.007100566615473311
51,T,0.0015880403889792327,0.0015880403889792327,0.0015880403889792327,0.0015880403889792327,0.0015880403889792327,0.0015880403889792327,0.0015880403889792327,0.0015880403889792327,0.0015880403889792327,0.0015880403889792327,0.0015880403889792327,0.0015880403889792327,0.0015880403889792327,0.0015880403889792327,0.0015880403889792327,0.0015880403889792327,0.0015880403889792327,0.0015880403889792327,0.0015880403889792327,0.0015880403889792327,0.0015880403889792327,0.0015880403889792327,0.0015880403889792327,0.0015880403889792327
52,G,0.0007368004565612012,0.0007368004565612012,0.0007368004565612012,0.0007368004565612012,0.0007368004565612012,0.0007368004565612012,0.0007368004565612012,0.0007368004565612012,0.0007368004565612012,0.0007368004565612012,0.0007368004565612012,0.0007368004565612012,0.0007368004565612012,0.0007368004565612012,0.0007368004565612012,0.0007368004565612012,0.0007368004565612012,0.0007368004565612012,0.0007368004565612012,0.0007368004565612012,0.0007368004565612012,0.0007368004565612012,0.0007368004565612012,0.0007368004565612012
53,C,0.01966173383077695,0.01966173383077695,0.01966173383077695,0.01966173383077695,0.01966173383077695,0.01966173383077695,0.01966173383077695,0.01966173383077695,0.01966173383077695,0.01966173383077695,0.01966173383077695,0.01966173383077695,0.01966173383077695,0.01966173383077695,0.01966173383077695,0.01966173383077695,0.01966173383077695,0.01966173383077695,0.01966173383077695,0.01966173383077695,0.01966173383077695,0.01966173383077695,0.01966173383077695,0.01966173383077695
54,C,0.018876337491412442,0.018876337491412442,0.018876337491412442,0.018876337491412442,0.018876337491412442,0.018876337491412442,0.018876337491412442,0.018876337491412442,0.018876337491412442,0.018876337491412442,0.018876337491412442,0.018876337491412442,0.018876337491412442,0.018876337491412442,0.018876337491412442,0.018876337491412442,0.018876337491412442,0.018876337491412442,0.018876337491412442,0.018876337491412442,0.018876337491412442,0.018876337491412442,0.018876337491412442,0.018876337491412442
55,T,0.0004761292673895777,0.0004761292673895777,0.0004761292673895777,0.0004761292673895777,0.0004761292673895777,0.0004761292673895777,0.0004761292673895777,0.0004761292673895777,0.0004761292673895777,0.0004761292673895777,0.0004761292673895777,0.0004761292673895777,0.0004761292673895777,0.0004761292673895777,0.0004761292673895777,0.0004761292673895777,0.0004761292673895777,0.0004761292673895777,0.0004761292673895777,0.0004761292673895777,0.0004761292673895777,0.0004761292673895777,0.0004761292673895777,0.0004761292673895777
56,G,0.004071079526025075,0.004071079526025075,0.004071079526025075,0.004071079526025075,0.004071079526025075,0.004071079526025075,0.004071079526025075,0.004071079526025075,0.004071079526025075,0.004071079526025075,0.004071079526025075,0.004071079526025075,0.004071079526025075,0.004071079526025075,0.004071079526025075,0.004071079526025075,0.004071079526025075,0.004071079526025075,0.004071079526025075,0.004071079526025075,0.004071079526025075,0.004071079526025075,0.004071079526025075,0.004071079526025075
57,A,0.007555251203196528,0.007555251203196528,0.007555251203196528,0.007555251203196528,0.007555251203196528,0.007555251203196528,0.007555251203196528,0.007555251203196528,0.007555251203196528,0.007555251203196528,0.007555251203196528,0.007555251203196528,0.007555251203196528,0.007555251203196528,0.007555251203196528,0.007555251203196528,0.007555251203196528,0.007555251203196528,0.007555251203196528,0.007555251203196528,0.007555251203196528,0.007555251203196528,0.007555251203196528,0.007555251203196528
58,C,0.04600133036289384,0.04600133036289384,0.04600133036289384,0.04600133036289384,0.04600133036289384,0.04600133036289384,0.04600133036289384,0.04600133036289384,0.04600133036289384,0.04600133036289384,0.04600133036289384,0.04600133036289384,0.04600133036289384,0.04600133036289384,0.04600133036289384,0.04600133036289384,0.04600133036289384,0.04600133036289384,0.04600133036289384,0.04600133036289384,0.04600133036289384,0.04600133036289384,0.04600133036289384,0.04600133036289384
59,A,0.009186542716008368,0.009186542716008368,0.009186542716008368,0.009186542716008368,0.009186542716008368,0.009186542716008368,0.009186542716008368,0.009186542716008368,0.009186542716008368,0.009186542716008368,0.009186542716008368,0.009186542716008368,0.009186542716008368,0.009186542716008368,0.009186542716008368,0.009186542716008368,0.009186542716008368,0.009186542716008368,0.009186542716008368,0.009186542716008368,0.009186542716008368,0.009186542716008368,0.009186542716008368,0.009186542716008368
60,G,3.255164926708719e-05,3.255164926708719e-05,3.255164926708719e-05,3.255164926708719e-05,3.255164926708719e-05,3.255164926708719e-05,3.255164926708719e-05,3.255164926708719e-05,3.255164926708719e-05,3.255164926708719e-05,3.255164926708719e-05,3.255164926708719e-05,3.255164926708719e-05,3.255164926708719e-05,3.255164926708719e-05,3.255164926708719e-05,3.255164926708719e-05,3.255164926708719e-05,3.255164926708719e-05,3.255164926708719e-05,3.255164926708719e-05,3.255164926708719e-05,3.255164926708719e-05,3.255164926708719e-05
61,C,0.015159547020228594,0.015159547020228594,0.015159547020228594,0.015159547020228594,0.015159547020228594,0.015159547020228594,0.015159547020228594,0.015159547020228594,0.015159547020228594,0.015159547020228594,0.015159547020228594,0.015159547020228594,0.015159547020228594,0.015159547020228594,0.015159547020228594,0.015159547020228594,0.015159547020228594,0.015159547020228594,0.015159547020228594,0.015159547020228594,0.015159547020228594,0.015159547020228594,0.015159547020228594,0.015159547020228594
62,T,1.546931299268914e-11,1.546931299268914e-11,1.546931299268914e-11,1.546931299268914e-11,1.546931299268914e-11,1.546931299268914e-11,1.546931299268914e-11,1.546931299268914e-11,1.546931299268914e-11,1.546931299268914e-11,1.546931299268914e-11,1.546931299268914e-11,1.546931299268914e-11,1.546931299268914e-11,1.546931299268914e-11,1.546931299268914e-11,1.546931299268914e-11,1.546931299268914e-11,1.546931299268914e-11,1.546931299268914e-11,1.546931299268914e-11,1.546931299268914e-11,1.546931299268914e-11,1.546931299268914e-11
63,C,0.02673376102098972,0.02673376102098972,0.02673376102098972,0.02673376102098972,0.02673376102098972,0.02673376102098972,0.02673376102098972,0.02673376102098972,0.02673376102098972,0.02673376102098972,0.02673376102098972,0.02673376102098972,0.02673376102098972,0.02673376102098972,0.02673376102098972,0.02673376102098972,0.02673376102098972,0.02673376102098972,0.02673376102098972,0.02673376102098972,0.02673376102098972,0.02673376102098972,0.02673376102098972,0.02673376102098972
64,T,1.2235202110303788e-21,1.2235202110303788e-21,1.2235202110303788e-21,1.2235202110303788e-21,1.2235202110303788e-21,1.2235202110303788e-21,1.2235202110303788e-21,1.2235202110303788e-21,1.2235202110303788e-21,1.2235202110303788e-21,1.2235202110303788e-21,1.2235202110303788e-21,1.2235202110303788e-21,1.2235202110303788e-21,1.2235202110303788e-21,1.2235202110303788e-21,1.2235202110303788e-21,1.2235202110303788e-21,1.2235202110303788e-21,1.2235202110303788e-21,1.2235202110303788e-21,1.2235202110303788e-21,1.2235202110303788e-21,1.2235202110303788e-21
65,T,8.226156792021131e-05,8.226156792021131e-05,8.226156792021131e-05,8.226156792021131e-05,8.226156792021131e-05,8.226156792021131e-05,8.226156792021131e-05,8.226156792021131e-05,8.226156792021131e-05,8.226156792021131e-05,8.226156792021131e-05,8.226156792021131e-05,8.226156792021131e-05,8.226156792021131e-05,8.226156792021131e-05,8.226156792021131e-05,8.226156792021131e-05,8.226156792021131e-05,8.226156792021131e-05,8.226156792021131e-05,8.226156792021131e-05,8.226156792021131e-05,8.226156792021131e-05,8.226156792021131e-05
66,A,0.0011774194564591034,0.0011774194564591034,0.0011774194564591034,0.0011774194564591034,0.0011774194564591034,0.0011774194564591034,0.0011774194564591034,0.0011774194564591034,0.0011774194564591034,0.0011774194564591034,0.0011774194564591034,0.0011774194564591034,0.0011774194564591034,0.0011774194564591034,0.0011774194564591034,0.0011774194564591034,0.0011774194564591034,0.0011774194564591034,0.0011774194564591034,0.0011774194564591034,0.0011774194564591034,0.0011774194564591034,0.0011774194564591034,0.0011774194564591034
67,G,0.0006026440526775645,0.0006026440526775645,0.0006026440526775645,0.0006026440526775645,0.0006026440526775645,0.0006026440526775645,0.0006026440526775645,0.0006026440526775645,0.0006026440526775645,0.0006026440526775645,0.0006026440526775645,0.0006026440526775645,0.0006026440526775645,0.0006026440526775645,0.0006026440526775645,0.0006026440526775645,0.0006026440526775645,0.0006026440526775645,0.0006026440526775645,0.0006026440526775645,0.0006026440526775645,0.0006026440526775645,0.0006026440526775645,0.0006026440526775645
68,G,0.00413120970902489,0.00413120970902489,0.00413120970902489,0.00413120970902489,0.00413120970902489,0.00413120970902489,0.00413120970902489,0.00413120970902489,0.00413120970902489,0.00413120970902489,0.00413120970902489,0.00413120970902489,0.00413120970902489,0.00413120970902489,0.00413120970902489,0.00413120970902489,0.00413120970902489,0.00413120970902489,0.00413120970902489,0.00413120970902489,0.00413120970902489,0.00413120970902489,0.00413120970902489,0.00413120970902489
69,G,0.004193071034974244,0.004193071034974244,0.004193071034974244,0.004193071034974244,0.004193071034974244,0.004193071034974244,0.004193071034974244,0.004193071034974244,0.004193071034974244,0.004193071034974244,0.004193071034974244,0.004193071034974244,0.004193071034974244,0.004193071034974244,0.004193071034974244,0.004193071034974244,0.004193071034974244,0.004193071034974244,0.004193071034974244,0.004193071034974244,0.004193071034974244,0.004193071034974244,0.004193071034974244,0.004193071034974244
70,G,8.894320290907381e-06,8.894320290907381e-06,8.894320290907381e-06,8.894320290907381e-06,8.894320290907381e-06,8.894320290907381e-06,8.894320290907381e-06,8.894320290907381e-06,8.894320290907381e-06,8.894320290907381e-06,8.894320290907381e-06,8.894320290907381e-06,8.894320290907381e-06,8.894320290907381e-06,8.894320290907381e-06,8.894320290907381e-06,8.894320290907381e-06,8.894320290907381e-06,8.894320290907381e-06,8.894320290907381e-06,8.894320290907381e-06,8.894320290907381e-06,8.894320290907381e-06,8.894320290907381e-06
71,C,0.006195929834315834,0.006195929834315834,0.006195929834315834,0.006195929834315834,0.006195929834315834,0.006195929834315834,0.006195929834315834,0.006195929834315834,0.006195929834315834,0.006195929834315834,0.006195929834315834,0.006195929834315834,0.006195929834315834,0.006195929834315834,0.006195929834315834,0.006195929834315834,0.006195929834315834,0.006195929834315834,0.006195929834315834,0.006195929834315834,0.006195929834315834,0.006195929834315834,0.006195929834315834,0.006195929834315834
72,C,0.025766975737316435,0.025766975737316435,0.025766975737316435,0.025766975737316435,0.025766975737316435,0.025766975737316435,0.025766975737316435,0.025766975737316435,0.025766975737316435,0.025766975737316435,0.025766975737316435,0.025766975737316435,0.025766975737316435,0.025766975737316435,0.025766975737316435,0.025766975737316435,0.025766975737316435,0.025766975737316435,0.025766975737316435,0.025766975737316435,0.025766975737316435,0.025766975737316435,0.025766975737316435,0.025766975737316435
73,A,0.03664847915101111,0.03664847915101111,0.03664847915101111,0.03664847915101111,0.03664847915101111,0.03664847915101111,0.03664847915101111,0.03664847915101111,0.03664847915101111,0.03664847915101111,0.03664847915101111,0.03664847915101111,0.03664847915101111,0.03664847915101111,0.03664847915101111,0.03664847915101111,0.03664847915101111,0.03664847915101111,0.03664847915101111,0.03664847915101111,0.03664847915101111,0.03664847915101111,0.03664847915101111,0.03664847915101111
74,C,0.029369019461737637,0.029369019461737637,0.029369019461737637,0.029369019461737637,0.029369019461737637,0.029369019461737637,0.029369019461737637,0.029369019461737637,0.029369019461737637,0.029369019461737637,0.029369019461737637,0.029369019461737637,0.029369019461737637,0.029369019461737637,0.029369019461737637,0.029369019461737637,0.029369019461737637,0.029369019461737637,0.029369019461737637,0.029369019461737637,0.029369019461737637,0.029369019461737637,0.029369019461737637,0.029369019461737637
75,A,0.03829136712853212,0.03829136712853212,0.03829136712853212,0.03829136712853212,0.03829136712853212,0.03829136712853212,0.03829136712853212,0.03829136712853212,0.03829136712853212,0.03829136712853212,0.03829136712853212,0.03829136712853212,0.03829136712853212,0.03829136712853212,0.03829136712853212,0.03829136712853212,0.03829136712853212,0.03829136712853212,0.03829136712853212,0.03829136712853212,0.03829136712853212,0.03829136712853212,0.03829136712853212,0.03829136712853212
76,C,0.019022256787321813,0.019022256787321813,0.019022256787321813,0.019022256787321813,0.019022256787321813,0.019022256787321813,0.019022256787321813,0.019022256787321813,0.019022256787321813,0.019022256787321813,0.019022256787321813,0.019022256787321813,0.019022256787321813,0.019022256787321813,0.019022256787321813,0.019022256787321813,0.019022256787321813,0.019022256787321813,0.019022256787321813,0.019022256787321813,0.019022256787321813,0.019022256787321813,0.019022256787321813,0.019022256787321813
77,T,2.6574954496630003e-05,2.6574954496630003e-05,2.6574954496630003e-05,2.6574954496630003e-05,2.6574954496630003e-05,2.6574954496630003e-05,2.6574954496630003e-05,2.6574954496630003e-05,2.6574954496630003e-05,2.6574954496630003e-05,2.6574954496630003e-05,2.6574954496630003e-05,2.6574954496630003e-05,2.6574954496630003e-05,2.6574954496630003e-05,2.6574954496630003e-05,2.6574954496630003e-05,2.6574954496630003e-05,2.6574954496630003e-05,2.6574954496630003e-05,2.6574954496630003e-05,2.6574954496630003e-05,2.6574954496630003e-05,2.6574954496630003e-05
78,T,9.63181285916966e-12,9.63181285916966e-12,9.63181285916966e-12,9.63181285916966e-12,9.63181285916966e-12,9.63181285916966e-12,9.63181285916966e-12,9.63181285916966e-12,9.63181285916966e-12,9.63181285916966e-12,9.63181285916966e-12,9.63181285916966e-12,9.63181285916966e-12,9.63181285916966e-12,9.63181285916966e-12,9.63181285916966e-12,9.63181285916966e-12,9.63181285916966e-12,9.63181285916966e-12,9.63181285916966e-12,9.63181285916966e-12,9.63181285916966e-12,9.63181285916966e-12,9.63181285916966e-12
79,T,3.402979966348096e-06,3.402979966348096e-06,3.402979966348096e-06,3.402979966348096e-06,3.402979966348096e-06,3.402979966348096e-06,3.402979966348096e-06,3.402979966348096e-06,3.402979966348096e-06,3.402979966348096e-06,3.402979966348096e-06,3.402979966348096e-06,3.402979966348096e-06,3.402979966348096e-06,3.402979966348096e-06,3.402979966348096e-06,3.402979966348096e-06,3.402979966348096e-06,3.402979966348096e-06,3.402979966348096e-06,3.402979966348096e-06,3.402979966348096e-06,3.402979966348096e-06,3.402979966348096e-06
80,T,2.2121973189694794e-14,2.2121973189694794e-14,2.2121973189694794e-14,2.2121973189694794e-14,2.2121973189694794e-14,2.2121973189694794e-14,2.2121973189694794e-14,2.2121973189694794e-14,2.2121973189694794e-14,2.2121973189694794e-14,2.2121973189694794e-14,2.2121973189694794e-14,2.2121973189694794e-14,2.2121973189694794e-14,2.2121973189694794e-14,2.2121973189694794e-14,2.2121973189694794e-14,2.2121973189694794e-14,2.2121973189694794e-14,2.2121973189694794e-14,2.2121973189694794e-14,2.2121973189694794e-14,2.2121973189694794e-14,2.2121973189694794e-14
81,T,1.986979724755998e-05,1.986979724755998e-05,1.986979724755998e-05,1.986979724755998e-05,1.986979724755998e-05,1.986979724755998e-05,1.986979724755998e-05,1.986979724755998e-05,1.986979724755998e-05,1.986979724755998e-05,1.986979724755998e-05,1.986979724755998e-05,1.986979724755998e-05,1.986979724755998e-05,1.986979724755998e-05,1.986979724755998e-05,1.986979724755998e-05,1.986979724755998e-05,1.986979724755998e-05,1.986979724755998e-05,1.986979724755998e-05,1.986979724755998e-05,1.986979724755998e-05,1.986979724755998e-05
82,C,0.01666195282614219,0.01666195282614219,0.01666195282614219,0.01666195282614219,0.01666195282614219,0.01666195282614219,0.01666195282614219,0.01666195282614219,0.01666195282614219,0.01666195282614219,0.01666195282614219,0.01666195282614219,0.01666195282614219,0.01666195282614219,0.01666195282614219,0.01666195282614219,0.01666195282614219,0.01666195282614219,0.01666195282614219,0.01666195282614219,0.01666195282614219,0.01666195282614219,0.01666195282614219,0.01666195282614219
83,G,1.8674606638781894e-10,1.8674606638781894e-10,1.8674606638781894e-10,1.8674606638781894e-10,1.8674606638781894e-10,1.8674606638781894e-10,1.8674606638781894e-10,1.8674606638781894e-10,1.8674606638781894e-10,1.8674606638781894e-10,1.8674606638781894e-10,1.8674606638781894e-10,1.8674606638781894e-10,1.8674606638781894e-10,1.8674606638781894e-10,1.8674606638781894e-10,1.8674606638781894e-10,1.8674606638781894e-10,1.8674606638781894e-10,1.8674606638781894e-10,1.8674606638781894e-10,1.8674606638781894e-10,1.8674606638781894e-10,1.8674606638781894e-10
84,C,0.01542024108960852,0.01542024108960852,0.01542024108960852,0.01542024108960852,0.01542024108960852,0.01542024108960852,0.01542024108960852,0.01542024108960852,0.01542024108960852,0.01542024108960852,0.01542024108960852,0.01542024108960852,0.01542024108960852,0.01542024108960852,0.01542024108960852,0.01542024108960852,0.01542024108960852,0.01542024108960852,0.01542024108960852,0.01542024108960852,0.01542024108960852,0.01542024108960852,0.01542024108960852,0.01542024108960852
85,T,0.0028573892423796226,0.0028573892423796226,0.0028573892423796226,0.0028573892423796226,0.0028573892423796226,0.0028573892423796226,0.0028573892423796226,0.0028573892423796226,0.0028573892423796226,0.0028573892423796226,0.0028573892423796226,0.0028573892423796226,0.0028573892423796226,0.0028573892423796226,0.0028573892423796226,0.0028573892423796226,0.0028573892423796226,0.0028573892423796226,0.0028573892423796226,0.0028573892423796226,0.0028573892423796226,0.0028573892423796226,0.0028573892423796226,0.0028573892423796226
86,A,0.008044814142641818,0.008044814142641818,0.008044814142641818,0.008044814142641818,0.008044814142641818,0.008044814142641818,0.008044814142641818,0.008044814142641818,0.008044814142641818,0.008044814142641818,0.008044814142641818,0.008044814142641818,0.008044814142641818,0.008044814142641818,0.008044814142641818,0.008044814142641818,0.008044814142641818,0.008044814142641818,0.008044814142641818,0.008044814142641818,0.008044814142641818,0.008044814142641818,0.008044814142641818,0.008044814142641818
87,T,4.180449220114258e-15,4.180449220114258e-15,4.180449220114258e-15,4.180449220114258e-15,4.180449220114258e-15,4.180449220114258e-15,4.180449220114258e-15,4.180449220114258e-15,4.180449220114258e-15,4.180449220114258e-15,4.180449220114258e-15,4.180449220114258e-15,4.180449220114258e-15,4.180449220114258e-15,4.180449220114258e-15,4.180449220114258e-15,4.180449220114258e-15,4.180449220114258e-15,4.180449220114258e-15,4.180449220114258e-15,4.180449220114258e-15,4.180449220114258e-15,4.180449220114258e-15,4.180449220114258e-15
88,T,0.008895946868614354,0.008895946868614354,0.008895946868614354,0.008895946868614354,0.008895946868614354,0.008895946868614354,0.008895946868614354,0.008895946868614354,0.008895946868614354,0.008895946868614354,0.008895946868614354,0.008895946868614354,0.008895946868614354,0.008895946868614354,0.008895946868614354,0.008895946868614354,0.008895946868614354,0.008895946868614354,0.008895946868614354,0.008895946868614354,0.008895946868614354,0.008895946868614354,0.008895946868614354,0.008895946868614354
89,C,0.00658141381042311,0.00658141381042311,0.00658141381042311,0.00658141381042311,0.00658141381042311,0.00658141381042311,0.00658141381042311,0.00658141381042311,0.00658141381042311,0.00658141381042311,0.00658141381042311,0.00658141381042311,0.00658141381042311,0.00658141381042311,0.00658141381042311,0.00658141381042311,0.00658141381042311,0.00658141381042311,0.00658141381042311,0.00658141381042311,0.00658141381042311,0.00658141381042311,0.00658141381042311,0.00658141381042311
90,G,0.00733982697230944,0.00733982697230944,0.00733982697230944,0.00733982697230944,0.00733982697230944,0.00733982697230944,0.00733982697230944,0.00733982697230944,0.00733982697230944,0.00733982697230944,0.00733982697230944,0.00733982697230944,0.00733982697230944,0.00733982697230944,0.00733982697230944,0.00733982697230944,0.00733982697230944,0.00733982697230944,0.00733982697230944,0.00733982697230944,0.00733982697230944,0.00733982697230944,0.00733982697230944,0.00733982697230944
91,T,1.4734883485693504e-07,1.4734883485693504e-07,1.4734883485693504e-07,1.4734883485693504e-07,1.4734883485693504e-07,1.4734883485693504e-07,1.4734883485693504e-07,1.4734883485693504e-07,1.4734883485693504e-07,1.4734883485693504e-07,1.4734883485693504e-07,1.4734883485693504e-07,1.4734883485693504e-07,1.4734883485693504e-07,1.4734883485693504e-07,1.4734883485693504e-07,1.4734883485693504e-07,1.4734883485693504e-07,1.4734883485693504e-07,1.4734883485693504e-07,1.4734883485693504e-07,1.4734883485693504e-07,1.4734883485693504e-07,1.4734883485693504e-07
92,C,0.02740693007858668,0.02740693007858668,0.02740693007858668,0.02740693007858668,0.02740693007858668,0.02740693007858668,0.02740693007858668,0.02740693007858668,0.02740693007858668,0.02740693007858668,0.02740693007858668,0.02740693007858668,0.02740693007858668,0.02740693007858668,0.02740693007858668,0.02740693007858668,0.02740693007858668,0.02740693007858668,0.02740693007858668,0.02740693007858668,0.02740693007858668,0.02740693007858668,0.02740693007858668,0.02740693007858668
93,G,0.001288351007205339,0.001288351007205339,0.001288351007205339,0.001288351007205339,0.001288351007205339,0.001288351007205339,0.001288351007205339,0.001288351007205339,0.001288351007205339,0.001288351007205339,0.001288351007205339,0.001288351007205339,0.001288351007205339,0.001288351007205339,0.001288351007205339,0.001288351007205339,0.001288351007205339,0.001288351007205339,0.001288351007205339,0.001288351007205339,0.001288351007205339,0.001288351007205339,0.001288351007205339,0.001288351007205339
94,C,0.13698559738156227,0.13698559738156227,0.13698559738156227,0.13698559738156227,0.13698559738156227,0.13698559738156227,0.13698559738156227,0.13698559738156227,0.13698559738156227,0.13698559738156227,0.13698559738156227,0.13698559738156227,0.13698559738156227,0.13698559738156227,0.13698559738156227,0.13698559738156227,0.13698559738156227,0.13698559738156227,0.13698559738156227,0.13698559738156227,0.13698559738156227,0.13698559738156227,0.13698559738156227,0.13698559738156227
95,T,8.117965269037065e-05,8.117965269037065e-05,8.117965269037065e-05,8.117965269037065e-05,8.117965269037065e-05,8.117965269037065e-05,8.117965269037065e-05,8.117965269037065e-05,8.117965269037065e-05,8.117965269037065e-05,8.117965269037065e-05,8.117965269037065e-05,8.117965269037065e-05,8.117965269037065e-05,8.117965269037065e-05,8.117965269037065e-05,8.117965269037065e-05,8.117965269037065e-05,8.117965269037065e-05,8.117965269037065e-05,8.117965269037065e-05,8.117965269037065e-05,8.117965269037065e-05,8.117965269037065e-05
96,A,0.05292127296527432,0.05292127296527432,0.05292127296527432,0.05292127296527432,0.05292127296527432,0.05292127296527432,0.05292127296527432,0.05292127296527432,0.05292127296527432,0.05292127296527432,0.05292127296527432,0.05292127296527432,0.05292127296527432,0.05292127296527432,0.05292127296527432,0.05292127296527432,0.05292127296527432,0.05292127296527432,0.05292127296527432,0.05292127296527432,0.05292127296527432,0.05292127296527432,0.05292127296527432,0.05292127296527432
97,A,0.049952095359254274,0.049952095359254274,0.049952095359254274,0.049952095359254274,0.049952095359254274,0.049952095359254274,0.049952095359254274,0.049952095359254274,0.049952095359254274,0.049952095359254274,0.049952095359254274,0.049952095359254274,0.049952095359254274,0.049952095359254274,0.049952095359254274,0.049952095359254274,0.049952095359254274,0.049952095359254274,0.049952095359254274,0.049952095359254274,0.049952095359254274,0.049952095359254274,0.049952095359254274,0.049952095359254274
98,T,1.4666661225572768e-17,1.4666661225572768e-17,1.4666661225572768e-17,1.4666661225572768e-17,1.4666661225572768e-17,1.4666661225572768e-17,1.4666661225572768e-17,1.4666661225572768e-17,1.4666661225572768e-17,1.4666661225572768e-17,1.4666661225572768e-17,1.4666661225572768e-17,1.4666661225572768e-17,1.4666661225572768e-17,1.4666661225572768e-17,1.4666661225572768e-17,1.4666661225572768e-17,1.4666661225572768e-17,1.4666661225572768e-17,1.4666661225572768e-17,1.4666661225572768e-17,1.4666661225572768e-17,1.4666661225572768e-17,1.4666661225572768e-17
99,A,0.07116801219322244,0.07116801219322244,0.07116801219322244,0.07116801219322244,0.07116801219322244,0.07116801219322244,0.07116801219322244,0.07116801219322244,0.07116801219322244,0.07116801219322244,0.07116801219322244,0.07116801219322244,0.07116801219322244,0.07116801219322244,0.07116801219322244,0.07116801219322244,0.07116801219322244,0.07116801219322244,0.07116801219322244,0.07116801219322244,0.07116801219322244,0.07116801219322244,0.07116801219322244,0.07116801219322244
100,C,0.04962356742177685,0.04962356742177685,0.04962356742177685,0.04962356742177685,0.04962356742177685,0.04962356742177685,0.04962356742177685,0.04962356742177685,0.04962356742177685,0.04962356742177685,0.04962356742177685,0.04962356742177685,0.04962356742177685,0.04962356742177685,0.04962356742177685,0.04962356742177685,0.04962356742177685,0.04962356742177685,0.04962356742177685,0.04962356742177685,0.04962356742177685,0.04962356742177685,0.04962356742177685,0.04962356742177685
101,A,0.04332776051111434,0.04332776051111434,0.04332776051111434,0.04332776051111434,0.04332776051111434,0.04332776051111434,0.04332776051111434,0.04332776051111434,0.04332776051111434,0.04332776051111434,0.04332776051111434,0.04332776051111434,0.04332776051111434,0.04332776051111434,0.04332776051111434,0.04332776051111434,0.04332776051111434,0.04332776051111434,0.04332776051111434,0.04332776051111434,0.04332776051111434,0.04332776051111434,0.04332776051111434,0.04332776051111434
102,A,0.07249193111735684,0.07249193111735684,0.07249193111735684,0.07249193111735684,0.07249193111735684,0.07249193111735684,0.07249193111735684,0.07249193111735684,0.07249193111735684,0.07249193111735684,0.07249193111735684,0.07249193111735684,0.07249193111735684,0.07249193111735684,0.07249193111735684,0.07249193111735684,0.07249193111735684,0.07249193111735684,0.07249193111735684,0.07249193111735684,0.07249193111735684,0.07249193111735684,0.07249193111735684,0.07249193111735684
103,T,4.220371237848008e-10,4.220371237848008e-10,4.220371237848008e-10,4.220371237848008e-10,4.220371237848008e-10,4.220371237848008e-10,4.220371237848008e-10,4.220371237848008e-10,4.220371237848008e-10,4.220371237848008e-10,4.220371237848008e-10,4.220371237848008e-10,4.220371237848008e-10,4.220371237848008e-10,4.220371237848008e-10,4.220371237848008e-10,4.220371237848008e-10,4.220371237848008e-10,4.220371237848008e-10,4.220371237848008e-10,4.220371237848008e-10,4.220371237848008e-10,4.220371237848008e-10,4.220371237848008e-10
104,T,2.267891729976736e-15,2.267891729976736e-15,2.267891729976736e-15,2.267891729976736e-15,2.267891729976736e-15,2.267891729976736e-15,2.267891729976736e-15,2.267891729976736e-15,2.267891729976736e-15,2.267891729976736e-15,2.267891729976736e-15,2.267891729976736e-15,2.267891729976736e-15,2.267891729976736e-15,2.267891729976736e-15,2.267891729976736e-15,2.267891729976736e-15,2.267891729976736e-15,2.267891729976736e-15,2.267891729976736e-15,2.267891729976736e-15,2.267891729976736e-15,2.267891729976736e-15,2.267891729976736e-15
105,C,0.013897771094782595,0.013897771094782595,0.013897771094782595,0.013897771094782595,0.013897771094782595,0.013897771094782595,0.013897771094782595,0.013897771094782595,0.013897771094782595,0.013897771094782595,0.013897771094782595,0.013897771094782595,0.013897771094782595,0.013897771094782595,0.013897771094782595,0.013897771094782595,0.013897771094782595,0.013897771094782595,0.013897771094782595,0.013897771094782595,0.013897771094782595,0.013897771094782595,0.013897771094782595,0.013897771094782595
106,C,0.03879524436653778,0.03879524436653778,0.03879524436653778,0.03879524436653778,0.03879524436653778,0.03879524436653778,0.03879524436653778,0.03879524436653778,0.03879524436653778,0.03879524436653778,0.03879524436653778,0.03879524436653778,0.03879524436653778,0.03879524436653778,0.03879524436653778,0.03879524436653778,0.03879524436653778,0.03879524436653778,0.03879524436653778,0.03879524436653778,0.03879524436653778,0.03879524436653778,0.03879524436653778,0.03879524436653778
107,T,6.899695933314765e-11,6.899695933314765e-11,6.899695933314765e-11,6.899695933314765e-11,6.899695933314765e-11,6.899695933314765e-11,6.899695933314765e-11,6.899695933314765e-11,6.899695933314765e-11,6.899695933314765e-11,6.899695933314765e-11,6.899695933314765e-11,6.899695933314765e-11,6.899695933314765e-11,6.899695933314765e-11,6.899695933314765e-11,6.899695933314765e-11,6.899695933314765e-11,6.899695933314765e-11,6.899695933314765e-11,6.899695933314765e-11,6.899695933314765e-11,6.899695933314765e-11,6.899695933314765e-11
108,T,1.4668332399316377e-11,1.4668332399316377e-11,1.4668332399316377e-11,1.4668332399316377e-11,1.4668332399316377e-11,1.4668332399316377e-11,1.4668332399316377e-11,1.4668332399316377e-11,1.4668332399316377e-11,1.4668332399316377e-11,1.4668332399316377e-11,1.4668332399316377e-11,1.4668332399316377e-11,1.4668332399316377e-11,1.4668332399316377e-11,1.4668332399316377e-11,1.4668332399316377e-11,1.4668332399316377e-11,1.4668332399316377e-11,1.4668332399316377e-11,1.4668332399316377e-11,1.4668332399316377e-11,1.4668332399316377e-11,1.4668332399316377e-11
109,A,0.06543851884192295,0.06543851884192295,0.06543851884192295,0.06543851884192295,0.06543851884192295,0.06543851884192295,0.06543851884192295,0.06543851884192295,0.06543851884192295,0.06543851884192295,0.06543851884192295,0.06543851884192295,0.06543851884192295,0.06543851884192295,0.06543851884192295,0.06543851884192295,0.06543851884192295,0.06543851884192295,0.06543851884192295,0.06543851884192295,0.06543851884192295,0.06543851884192295,0.06543851884192295,0.06543851884192295
110,T,2.9433758881583487e-11,2.9433758881583487e-11,2.9433758881583487e-11,2.9433758881583487e-11,2.9433758881583487e-11,2.9433758881583487e-11,2.9433758881583487e-11,2.9433758881583487e-11,2.9433758881583487e-11,2.9433758881583487e-11,2.9433758881583487e-11,2.9433758881583487e-11,2.9433758881583487e-11,2.9433758881583487e-11,2.9433758881583487e-11,2.9433758881583487e-11,2.9433758881583487e-11,2.9433758881583487e-11,2.9433758881583487e-11,2.9433758881583487e-11,2.9433758881583487e-11,2.9433758881583487e-11,2.9433758881583487e-11,2.9433758881583487e-11
111,A,0.02009260776620202,0.02009260776620202,0.02009260776620202,0.02009260776620202,0.02009260776620202,0.02009260776620202,0.02009260776620202,0.02009260776620202,0.02009260776620202,0.02009260776620202,0.02009260776620202,0.02009260776620202,0.02009260776620202,0.02009260776620202,0.02009260776620202,0.02009260776620202,0.02009260776620202,0.02009260776620202,0.02009260776620202,0.02009260776620202,0.02009260776620202,0.02009260776620202,0.02009260776620202,0.02009260776620202
112,A,0.012352917375556776,0.012352917375556776,0.012352917375556776,0.012352917375556776,0.012352917375556776,0.012352917375556776,0.012352917375556776,0.012352917375556776,0.012352917375556776,0.012352917375556776,0.012352917375556776,0.012352917375556776,0.012352917375556776,0.012352917375556776,0.012352917375556776,0.012352917375556776,0.012352917375556776,0.012352917375556776,0.012352917375556776,0.012352917375556776,0.012352917375556776,0.012352917375556776,0.012352917375556776,0.012352917375556776
113,T,1.457719952859923e-11,1.457719952859923e-11,1.457719952859923e-11,1.457719952859923e-11,1.457719952859923e-11,1.457719952859923e-11,1.457719952859923e-11,1.457719952859923e-11,1.457719952859923e-11,1.457719952859923e-11,1.457719952859923e-11,1.457719952859923e-11,1.457719952859923e-11,1.457719952859923e-11,1.457719952859923e-11,1.457719952859923e-11,1.457719952859923e-11,1.457719952859923e-11,1.457719952859923e-11,1.457719952859923e-11,1.457719952859923e-11,1.457719952859923e-11,1.457719952859923e-11,1.457719952859923e-11
114,C,0.0457106693632985,0.0457106693632985,0.0457106693632985,0.0457106693632985,0.0457106693632985,0.0457106693632985,0.0457106693632985,0.0457106693632985,0.0457106693632985,0.0457106693632985,0.0457106693632985,0.0457106693632985,0.0457106693632985,0.0457106693632985,0.0457106693632985,0.0457106693632985,0.0457106693632985,0.0457106693632985,0.0457106693632985,0.0457106693632985,0.0457106693632985,0.0457106693632985,0.0457106693632985,0.0457106693632985
115,G,4.360332652268563e-05,4.360332652268563e-05,4.360332652268563e-05,4.360332652268563e-05,4.360332652268563e-05,4.360332652268563e-05,4.360332652268563e-05,4.360332652268563e-05,4.360332652268563e-05,4.360332652268563e-05,4.360332652268563e-05,4.360332652268563e-05,4.360332652268563e-05,4.360332652268563e-05,4.360332652268563e-05,4.360332652268563e-05,4.360332652268563e-05,4.360332652268563e-05,4.360332652268563e-05,4.360332652268563e-05,4.360332652268563e-05,4.360332652268563e-05,4.360332652268563e-05,4.360332652268563e-05
116,T,1.125927452631955e-13,1.125927452631955e-13,1.125927452631955e-13,1.125927452631955e-13,1.125927452631955e-13,1.125927452631955e-13,1.125927452631955e-13,1.125927452631955e-13,1.125927452631955e-13,1.125927452631955e-13,1.125927452631955e-13,1.125927452631955e-13,1.125927452631955e-13,1.125927452631955e-13,1.125927452631955e-13,1.125927452631955e-13,1.125927452631955e-13,1.125927452631955e-13,1.125927452631955e-13,1.125927452631955e-13,1.125927452631955e-13,1.125927452631955e-13,1.125927452631955e-13,1.125927452631955e-13
117,A,0.021520321261078668,0.021520321261078668,0.021520321261078668,0.021520321261078668,0.021520321261078668,0.021520321261078668,0.021520321261078668,0.021520321261078668,0.021520321261078668,0.021520321261078668,0.021520321261078668,0.021520321261078668,0.021520321261078668,0.021520321261078668,0.021520321261078668,0.021520321261078668,0.021520321261078668,0.021520321261078668,0.021520321261078668,0.021520321261078668,0.021520321261078668,0.021520321261078668,0.021520321261078668,0.021520321261078668
118,A,0.05300443658513831,0.05300443658513831,0.05300443658513831,0.05300443658513831,0.05300443658513831,0.05300443658513831,0.05300443658513831,0.05300443658513831,0.05300443658513831,0.05300443658513831,0.05300443658513831,0.05300443658513831,0.05300443658513831,0.05300443658513831,0.05300443658513831,0.05300443658513831,0.05300443658513831,0.05300443658513831,0.05300443658513831,0.05300443658513831,0.05300443658513831,0.05300443658513831,0.05300443658513831,0.05300443658513831
119,T,0.000490919327054277,0.000490919327054277,0.000490919327054277,0.000490919327054277,0.000490919327054277,0.000490919327054277,0.000490919327054277,0.000490919327054277,0.000490919327054277,0.000490919327054277,0.000490919327054277,0.000490919327054277,0.000490919327054277,0.000490919327054277,0.000490919327054277,0.000490919327054277,0.000490919327054277,0.000490919327054277,0.000490919327054277,0.000490919327054277,0.000490919327054277,0.000490919327054277,0.000490919327054277,0.000490919327054277
120,C,0.03883538496268151,0.03883538496268151,0.03883538496268151,0.03883538496268151,0.03883538496268151,0.03883538496268151,0.03883538496268151,0.03883538496268151,0.03883538496268151,0.03883538496268151,0.03883538496268151,0.03883538496268151,0.03883538496268151,0.03883538496268151,0.03883538496268151,0.03883538496268151,0.03883538496268151,0.03883538496268151,0.03883538496268151,0.03883538496268151,0.03883538496268151,0.03883538496268151,0.03883538496268151,0.03883538496268151
121,C,0.006791820309084471,0.006791820309084471,0.006791820309084471,0.006791820309084471,0.006791820309084471,0.006791820309084471,0.006791820309084471,0.006791820309084471,0.006791820309084471,0.006791820309084471,0.006791820309084471,0.006791820309084471,0.006791820309084471,0.006791820309084471,0.006791820309084471,0.006791820309084471,0.006791820309084471,0.006791820309084471,0.006791820309084471,0.006791820309084471,0.006791820309084471,0.006791820309084471,0.006791820309084471,0.006791820309084471
122,T,5.222747939774969e-09,5.222747939774969e-09,5.222747939774969e-09,5.222747939774969e-09,5.222747939774969e-09,5.222747939774969e-09,5.222747939774969e-09,5.222747939774969e-09,5.222747939774969e-09,5.222747939774969e-09,5.222747939774969e-09,5.222747939774969e-09,5.222747939774969e-09,5.222747939774969e-09,5.222747939774969e-09,5.222747939774969e-09,5.222747939774969e-09,5.222747939774969e-09,5.222747939774969e-09,5.222747939774969e-09,5.222747939774969e-09,5.222747939774969e-09,5.222747939774969e-09,5.222747939774969e-09
123,C,0.012837210558529941,0.012837210558529941,0.012837210558529941,0.012837210558529941,0.012837210558529941,0.012837210558529941,0.012837210558529941,0.012837210558529941,0.012837210558529941,0.012837210558529941,0.012837210558529941,0.012837210558529941,0.012837210558529941,0.012837210558529941,0.012837210558529941,0.012837210558529941,0.012837210558529941,0.012837210558529941,0.012837210558529941,0.012837210558529941,0.012837210558529941,0.012837210558529941,0.012837210558529941,0.012837210558529941
124,A,0.0025370394131923294,0.0025370394131923294,0.0025370394131923294,0.0025370394131923294,0.0025370394131923294,0.0025370394131923294,0.0025370394131923294,0.0025370394131923294,0.0025370394131923294,0.0025370394131923294,0.0025370394131923294,0.0025370394131923294,0.0025370394131923294,0.0025370394131923294,0.0025370394131923294,0.0025370394131923294,0.0025370394131923294,0.0025370394131923294,0.0025370394131923294,0.0025370394131923294,0.0025370394131923294,0.0025370394131923294,0.0025370394131923294,0.0025370394131923294
125,C,0.046141229067983194,0.046141229067983194,0.046141229067983194,0.046141229067983194,0.046141229067983194,0.046141229067983194,0.046141229067983194,0.046141229067983194,0.046141229067983194,0.046141229067983194,0.046141229067983194,0.046141229067983194,0.046141229067983194,0.046141229067983194,0.046141229067983194,0.046141229067983194,0.046141229067983194,0.046141229067983194,0.046141229067983194,0.046141229067983194,0.046141229067983194,0.046141229067983194,0.046141229067983194,0.046141229067983194
126,T,0.0005325467899623333,0.0005325467899623333,0.0005325467899623333,0.0005325467899623333,0.0005325467899623333,0.0005325467899623333,0.0005325467899623333,0.0005325467899623333,0.0005325467899623333,0.0005325467899623333,0.0005325467899623333,0.0005325467899623333,0.0005325467899623333,0.0005325467899623333,0.0005325467899623333,0.0005325467899623333,0.0005325467899623333,0.0005325467899623333,0.0005325467899623333,0.0005325467899623333,0.0005325467899623333,0.0005325467899623333,0.0005325467899623333,0.0005325467899623333
127,A,0.006227013604705421,0.006227013604705421,0.006227013604705421,0.006227013604705421,0.006227013604705421,0.006227013604705421,0.006227013604705421,0.006227013604705421,0.006227013604705421,0.006227013604705421,0.006227013604705421,0.006227013604705421,0.006227013604705421,0.006227013604705421,0.006227013604705421,0.006227013604705421,0.006227013604705421,0.006227013604705421,0.006227013604705421,0.006227013604705421,0.006227013604705421,0.006227013604705421,0.006227013604705421,0.006227013604705421
128,G,0.000953321220930239,0.000953321220930239,0.000953321220930239,0.000953321220930239,0.000953321220930239,0.000953321220930239,0.000953321220930239,0.000953321220930239,0.000953321220930239,0.000953321220930239,0.000953321220930239,0.000953321220930239,0.000953321220930239,0.000953321220930239,0.000953321220930239,0.000953321220930239,0.000953321220930239,0.000953321220930239,0.000953321220930239,0.000953321220930239,0.000953321220930239,0.000953321220930239,0.000953321220930239,0.000953321220930239
129,G,0.00026814675338785,0.00026814675338785,0.00026814675338785,0.00026814675338785,0.00026814675338785,0.00026814675338785,0.00026814675338785,0.00026814675338785,0.00026814675338785,0.00026814675338785,0.00026814675338785,0.00026814675338785,0.00026814675338785,0.00026814675338785,0.00026814675338785,0.00026814675338785,0.00026814675338785,0.00026814675338785,0.00026814675338785,0.00026814675338785,0.00026814675338785,0.00026814675338785,0.00026814675338785,0.00026814675338785
130,T,4.7542832142827443e-07,4.7542832142827443e-07,4.7542832142827443e-07,4.7542832142827443e-07,4.7542832142827443e-07,4.7542832142827443e-07,4.7542832142827443e-07,4.7542832142827443e-07,4.7542832142827443e-07,4.7542832142827443e-07,4.7542832142827443e-07,4.7542832142827443e-07,4.7542832142827443e-07,4.7542832142827443e-07,4.7542832142827443e-07,4.7542832142827443e-07,4.7542832142827443e-07,4.7542832142827443e-07,4.7542832142827443e-07,4.7542832142827443e-07,4.7542832142827443e-07,4.7542832142827443e-07,4.7542832142827443e-07,4.7542832142827443e-07
131,A,0.017297124702675148,0.017297124702675148,0.017297124702675148,0.017297124702675148,0.017297124702675148,0.017297124702675148,0.017297124702675148,0.017297124702675148,0.017297124702675148,0.017297124702675148,0.017297124702675148,0.017297124702675148,0.017297124702675148,0.017297124702675148,0.017297124702675148,0.017297124702675148,0.017297124702675148,0.017297124702675148,0.017297124702675148,0.017297124702675148,0.017297124702675148,0.017297124702675148,0.017297124702675148,0.017297124702675148
132,G,0.01668984882723649,0.01668984882723649,0.01668984882723649,0.01668984882723649,0.01668984882723649,0.01668984882723649,0.01668984882723649,0.01668984882723649,0.01668984882723649,0.01668984882723649,0.01668984882723649,0.01668984882723649,0.01668984882723649,0.01668984882723649,0.01668984882723649,0.01668984882723649,0.01668984882723649,0.01668984882723649,0.01668984882723649,0.01668984882723649,0.01668984882723649,0.01668984882723649,0.01668984882723649,0.01668984882723649
133,G,0.0008006190147144774,0.0008006190147144774,0.0008006190147144774,0.0008006190147144774,0.0008006190147144774,0.0008006190147144774,0.0008006190147144774,0.0008006190147144774,0.0008006190147144774,0.0008006190147144774,0.0008006190147144774,0.0008006190147144774,0.0008006190147144774,0.0008006190147144774,0.0008006190147144774,0.0008006190147144774,0.0008006190147144774,0.0008006190147144774,0.0008006190147144774,0.0008006190147144774,0.0008006190147144774,0.0008006190147144774,0.0008006190147144774,0.0008006190147144774
134,C,0.009490638947641707,0.009490638947641707,0.009490638947641707,0.009490638947641707,0.009490638947641707,0.009490638947641707,0.009490638947641707,0.009490638947641707,0.009490638947641707,0.009490638947641707,0.009490638947641707,0.009490638947641707,0.009490638947641707,0.009490638947641707,0.009490638947641707,0.009490638947641707,0.009490638947641707,0.009490638947641707,0.009490638947641707,0.009490638947641707,0.009490638947641707,0.009490638947641707,0.009490638947641707,0.009490638947641707
135,C,0.012081198712330862,0.012081198712330862,0.012081198712330862,0.012081198712330862,0.012081198712330862,0.012081198712330862,0.012081198712330862,0.012081198712330862,0.012081198712330862,0.012081198712330862,0.012081198712330862,0.012081198712330862,0.012081198712330862,0.012081198712330862,0.012081198712330862,0.012081198712330862,0.012081198712330862,0.012081198712330862,0.012081198712330862,0.012081198712330862,0.012081198712330862,0.012081198712330862,0.012081198712330862,0.012081198712330862
136,A,0.05659333711980393,0.05659333711980393,0.05659333711980393,0.05659333711980393,0.05659333711980393,0.05659333711980393,0.05659333711980393,0.05659333711980393,0.05659333711980393,0.05659333711980393,0.05659333711980393,0.05659333711980393,0.05659333711980393,0.05659333711980393,0.05659333711980393,0.05659333711980393,0.05659333711980393,0.05659333711980393,0.05659333711980393,0.05659333711980393,0.05659333711980393,0.05659333711980393,0.05659333711980393,0.05659333711980393
137,C,0.06359167179508297,0.06359167179508297,0.06359167179508297,0.06359167179508297,0.06359167179508297,0.06359167179508297,0.06359167179508297,0.06359167179508297,0.06359167179508297,0.06359167179508297,0.06359167179508297,0.06359167179508297,0.06359167179508297,0.06359167179508297,0.06359167179508297,0.06359167179508297,0.06359167179508297,0.06359167179508297,0.06359167179508297,0.06359167179508297,0.06359167179508297,0.06359167179508297,0.06359167179508297,0.06359167179508297
138,G,0.0026207050069366857,0.0026207050069366857,0.0026207050069366857,0.0026207050069366857,0.0026207050069366857,0.0026207050069366857,0.0026207050069366857,0.0026207050069366857,0.0026207050069366857,0.0026207050069366857,0.0026207050069366857,0.0026207050069366857,0.0026207050069366857,0.0026207050069366857,0.0026207050069366857,0.0026207050069366857,0.0026207050069366857,0.0026207050069366857,0.0026207050069366857,0.0026207050069366857,0.0026207050069366857,0.0026207050069366857,0.0026207050069366857,0.0026207050069366857
139,T,1.247035116541938e-07,1.247035116541938e-07,1.247035116541938e-07,1.247035116541938e-07,1.247035116541938e-07,1.247035116541938e-07,1.247035116541938e-07,1.247035116541938e-07,1.247035116541938e-07,1.247035116541938e-07,1.247035116541938e-07,1.247035116541938e-07,1.247035116541938e-07,1.247035116541938e-07,1.247035116541938e-07,1.247035116541938e-07,1.247035116541938e-07,1.247035116541938e-07,1.247035116541938e-07,1.247035116541938e-07,1.247035116541938e-07,1.247035116541938e-07,1.247035116541938e-07,1.247035116541938e-07
140,C,0.0027006780041573834,0.0027006780041573834,0.0027006780041573834,0.0027006780041573834,0.0027006780041573834,0.0027006780041573834,0.0027006780041573834,0.0027006780041573834,0.0027006780041573834,0.0027006780041573834,0.0027006780041573834,0.0027006780041573834,0.0027006780041573834,0.0027006780041573834,0.0027006780041573834,0.0027006780041573834,0.0027006780041573834,0.0027006780041573834,0.0027006780041573834,0.0027006780041573834,0.0027006780041573834,0.0027006780041573834,0.0027006780041573834,0.0027006780041573834
141,G,0.00021137584000335252,0.00021137584000335252,0.00021137584000335252,0.00021137584000335252,0.00021137584000335252,0.00021137584000335252,0.00021137584000335252,0.00021137584000335252,0.00021137584000335252,0.00021137584000335252,0.00021137584000335252,0.00021137584000335252,0.00021137584000335252,0.00021137584000335252,0.00021137584000335252,0.00021137584000335252,0.00021137584000335252,0.00021137584000335252,0.00021137584000335252,0.00021137584000335252,0.00021137584000335252,0.00021137584000335252,0.00021137584000335252,0.00021137584000335252
142,A,0.013758883095564249,0.013758883095564249,0.013758883095564249,0.013758883095564249,0.013758883095564249,0.013758883095564249,0.013758883095564249,0.013758883095564249,0.013758883095564249,0.013758883095564249,0.013758883095564249,0.013758883095564249,0.013758883095564249,0.013758883095564249,0.013758883095564249,0.013758883095564249,0.013758883095564249,0.013758883095564249,0.013758883095564249,0.013758883095564249,0.013758883095564249,0.013758883095564249,0.013758883095564249,0.013758883095564249
143,C,0.019813851591493046,0.019813851591493046,0.019813851591493046,0.019813851591493046,0.019813851591493046,0.019813851591493046,0.019813851591493046,0.019813851591493046,0.019813851591493046,0.019813851591493046,0.019813851591493046,0.019813851591493046,0.019813851591493046,0.019813851591493046,0.019813851591493046,0.019813851591493046,0.019813851591493046,0.019813851591493046,0.019813851591493046,0.019813851591493046,0.019813851591493046,0.019813851591493046,0.019813851591493046,0.019813851591493046
144,T,0.00013060460179900384,0.00013060460179900384,0.00013060460179900384,0.00013060460179900384,0.00013060460179900384,0.00013060460179900384,0.00013060460179900384,0.00013060460179900384,0.00013060460179900384,0.00013060460179900384,0.00013060460179900384,0.00013060460179900384,0.00013060460179900384,0.00013060460179900384,0.00013060460179900384,0.00013060460179900384,0.00013060460179900384,0.00013060460179900384,0.00013060460179900384,0.00013060460179900384,0.00013060460179900384,0.00013060460179900384,0.00013060460179900384,0.00013060460179900384
145,T,1.8847499011165855e-05,1.8847499011165855e-05,1.8847499011165855e-05,1.8847499011165855e-05,1.8847499011165855e-05,1.8847499011165855e-05,1.8847499011165855e-05,1.8847499011165855e-05,1.8847499011165855e-05,1.8847499011165855e-05,1.8847499011165855e-05,1.8847499011165855e-05,1.8847499011165855e-05,1.8847499011165855e-05,1.8847499011165855e-05,1.8847499011165855e-05,1.8847499011165855e-05,1.8847499011165855e-05,1.8847499011165855e-05,1.8847499011165855e-05,1.8847499011165855e-05,1.8847499011165855e-05,1.8847499011165855e-05,1.8847499011165855e-05
146,G,2.9746097519485564e-06,2.9746097519485564e-06,2.9746097519485564e-06,2.9746097519485564e-06,2.9746097519485564e-06,2.9746097519485564e-06,2.9746097519485564e-06,2.9746097519485564e-06,2.9746097519485564e-06,2.9746097519485564e-06,2.9746097519485564e-06,2.9746097519485564e-06,2.9746097519485564e-06,2.9746097519485564e-06,2.9746097519485564e-06,2.9746097519485564e-06,2.9746097519485564e-06,2.9746097519485564e-06,2.9746097519485564e-06,2.9746097519485564e-06,2.9746097519485564e-06,2.9746097519485564e-06,2.9746097519485564e-06,2.9746097519485564e-06
147,A,0.03624456714416792,0.03624456714416792,0.03624456714416792,0.03624456714416792,0.03624456714416792,0.03624456714416792,0.03624456714416792,0.03624456714416792,0.03624456714416792,0.03624456714416792,0.03624456714416792,0.03624456714416792,0.03624456714416792,0.03624456714416792,0.03624456714416792,0.03624456714416792,0.03624456714416792,0.03624456714416792,0.03624456714416792,0.03624456714416792,0.03624456714416792,0.03624456714416792,0.03624456714416792,0.03624456714416792
148,T,5.434293054311931e-06,5.434293054311931e-06,5.434293054311931e-06,5.434293054311931e-06,5.434293054311931e-06,5.434293054311931e-06,5.434293054311931e-06,5.434293054311931e-06,5.434293054311931e-06,5.434293054311931e-06,5.434293054311931e-06,5.434293054311931e-06,5.434293054311931e-06,5.434293054311931e-06,5.434293054311931e-06,5.434293054311931e-06,5.434293054311931e-06,5.434293054311931e-06,5.434293054311931e-06,5.434293054311931e-06,5.434293054311931e-06,5.434293054311931e-06,5.434293054311931e-06,5.434293054311931e-06
149,C,0.019495375528722714,0.019495375528722714,0.019495375528722714,0.019495375528722714,0.019495375528722714,0.019495375528722714,0.019495375528722714,0.019495375528722714,0.019495375528722714,0.019495375528722714,0.019495375528722714,0.019495375528722714,0.019495375528722714,0.019495375528722714,0.019495375528722714,0.019495375528722714,0.019495375528722714,0.019495375528722714,0.019495375528722714,0.019495375528722714,0.019495375528722714,0.019495375528722714,0.019495375528722714,0.019495375528722714
150,T,5.67992280499264e-07,5.67992280499264e-07,5.67992280499264e-07,5.67992280499264e-07,5.67992280499264e-07,5.67992280499264e-07,5.67992280499264e-07,5.67992280499264e-07,5.67992280499264e-07,5.67992280499264e-07,5.67992280499264e-07,5.67992280499264e-07,5.67992280499264e-07,5.67992280499264e-07,5.67992280499264e-07,5.67992280499264e-07,5.67992280499264e-07,5.67992280499264e-07,5.67992280499264e-07,5.67992280499264e-07,5.67992280499264e-07,5.67992280499264e-07,5.67992280499264e-07,5.67992280499264e-07
151,G,0.00029354131909835123,0.00029354131909835123,0.00029354131909835123,0.00029354131909835123,0.00029354131909835123,0.00029354131909835123,0.00029354131909835123,0.00029354131909835123,0.00029354131909835123,0.00029354131909835123,0.00029354131909835123,0.00029354131909835123,0.00029354131909835123,0.00029354131909835123,0.00029354131909835123,0.00029354131909835123,0.00029354131909835123,0.00029354131909835123,0.00029354131909835123,0.00029354131909835123,0.00029354131909835123,0.00029354131909835123,0.00029354131909835123,0.00029354131909835123
152,A,0.0009386855769339573,0.0009386855769339573,0.0009386855769339573,0.0009386855769339573,0.0009386855769339573,0.0009386855769339573,0.0009386855769339573,0.0009386855769339573,0.0009386855769339573,0.0009386855769339573,0.0009386855769339573,0.0009386855769339573,0.0009386855769339573,0.0009386855769339573,0.0009386855769339573,0.0009386855769339573,0.0009386855769339573,0.0009386855769339573,0.0009386855769339573,0.0009386855769339573,0.0009386855769339573,0.0009386855769339573,0.0009386855769339573,0.0009386855769339573
153,G,0.005860060615783595,0.005860060615783595,0.005860060615783595,0.005860060615783595,0.005860060615783595,0.005860060615783595,0.005860060615783595,0.005860060615783595,0.005860060615783595,0.005860060615783595,0.005860060615783595,0.005860060615783595,0.005860060615783595,0.005860060615783595,0.005860060615783595,0.005860060615783595,0.005860060615783595,0.005860060615783595,0.005860060615783595,0.005860060615783595,0.005860060615783595,0.005860060615783595,0.005860060615783595,0.005860060615783595
154,A,0.08009276609849222,0.08009276609849222,0.08009276609849222,0.08009276609849222,0.08009276609849222,0.08009276609849222,0.08009276609849222,0.08009276609849222,0.08009276609849222,0.08009276609849222,0.08009276609849222,0.08009276609849222,0.08009276609849222,0.08009276609849222,0.08009276609849222,0.08009276609849222,0.08009276609849222,0.08009276609849222,0.08009276609849222,0.08009276609849222,0.08009276609849222,0.08009276609849222,0.08009276609849222,0.08009276609849222
155,G,1.9703816266364024e-06,1.9703816266364024e-06,1.9703816266364024e-06,1.9703816266364024e-06,1.9703816266364024e-06,1.9703816266364024e-06,1.9703816266364024e-06,1.9703816266364024e-06,1.9703816266364024e-06,1.9703816266364024e-06,1.9703816266364024e-06,1.9703816266364024e-06,1.9703816266364024e-06,1.9703816266364024e-06,1.9703816266364024e-06,1.9703816266364024e-06,1.9703816266364024e-06,1.9703816266364024e-06,1.9703816266364024e-06,1.9703816266364024e-06,1.9703816266364024e-06,1.9703816266364024e-06,1.9703816266364024e-06,1.9703816266364024e-06
156,A,0.0037756584858451383,0.0037756584858451383,0.0037756584858451383,0.0037756584858451383,0.0037756584858451383,0.0037756584858451383,0.0037756584858451383,0.0037756584858451383,0.0037756584858451383,0.0037756584858451383,0.0037756584858451383,0.0037756584858451383,0.0037756584858451383,0.0037756584858451383,0.0037756584858451383,0.0037756584858451383,0.0037756584858451383,0.0037756584858451383,0.0037756584858451383,0.0037756584858451383,0.0037756584858451383,0.0037756584858451383,0.0037756584858451383,0.0037756584858451383
157,G,1.8946548704335414e-05,1.8946548704335414e-05,1.8946548704335414e-05,1.8946548704335414e-05,1.8946548704335414e-05,1.8946548704335414e-05,1.8946548704335414e-05,1.8946548704335414e-05,1.8946548704335414e-05,1.8946548704335414e-05,1.8946548704335414e-05,1.8946548704335414e-05,1.8946548704335414e-05,1.8946548704335414e-05,1.8946548704335414e-05,1.8946548704335414e-05,1.8946548704335414e-05,1.8946548704335414e-05,1.8946548704335414e-05,1.8946548704335414e-05,1.8946548704335414e-05,1.8946548704335414e-05,1.8946548704335414e-05,1.8946548704335414e-05
158,G,8.465395164280814e-06,8.465395164280814e-06,8.465395164280814e-06,8.465395164280814e-06,8.465395164280814e-06,8.465395164280814e-06,8.465395164280814e-06,8.465395164280814e-06,8.465395164280814e-06,8.465395164280814e-06,8.465395164280814e-06,8.465395164280814e-06,8.465395164280814e-06,8.465395164280814e-06,8.465395164280814e-06,8.465395164280814e-06,8.465395164280814e-06,8.465395164280814e-06,8.465395164280814e-06,8.465395164280814e-06,8.465395164280814e-06,8.465395164280814e-06,8.465395164280814e-06,8.465395164280814e-06
159,A,0.03674189107428595,0.03674189107428595,0.03674189107428595,0.03674189107428595,0.03674189107428595,0.03674189107428595,0.03674189107428595,0.03674189107428595,0.03674189107428595,0.03674189107428595,0.03674189107428595,0.03674189107428595,0.03674189107428595,0.03674189107428595,0.03674189107428595,0.03674189107428595,0.03674189107428595,0.03674189107428595,0.03674189107428595,0.03674189107428595,0.03674189107428595,0.03674189107428595,0.03674189107428595,0.03674189107428595
160,C,0.06882739050047988,0.06882739050047988,0.06882739050047988,0.06882739050047988,0.06882739050047988,0.06882739050047988,0.06882739050047988,0.06882739050047988,0.06882739050047988,0.06882739050047988,0.06882739050047988,0.06882739050047988,0.06882739050047988,0.06882739050047988,0.06882739050047988,0.06882739050047988,0.06882739050047988,0.06882739050047988,0.06882739050047988,0.06882739050047988,0.06882739050047988,0.06882739050047988,0.06882739050047988,0.06882739050047988
161,A,0.012146676458072998,0.012146676458072998,0.012146676458072998,0.012146676458072998,0.012146676458072998,0.012146676458072998,0.012146676458072998,0.012146676458072998,0.012146676458072998,0.012146676458072998,0.012146676458072998,0.012146676458072998,0.012146676458072998,0.012146676458072998,0.012146676458072998,0.012146676458072998,0.012146676458072998,0.012146676458072998,0.012146676458072998,0.012146676458072998,0.012146676458072998,0.012146676458072998,0.012146676458072998,0.012146676458072998
162,C,0.0022674853416216998,0.0022674853416216998,0.0022674853416216998,0.0022674853416216998,0.0022674853416216998,0.0022674853416216998,0.0022674853416216998,0.0022674853416216998,0.0022674853416216998,0.0022674853416216998,0.0022674853416216998,0.0022674853416216998,0.0022674853416216998,0.0022674853416216998,0.0022674853416216998,0.0022674853416216998,0.0022674853416216998,0.0022674853416216998,0.0022674853416216998,0.0022674853416216998,0.0022674853416216998,0.0022674853416216998,0.0022674853416216998,0.0022674853416216998
163,T,3.77525762770917e-07,3.77525762770917e-07,3.77525762770917e-07,3.77525762770917e-07,3.77525762770917e-07,3.77525762770917e-07,3.77525762770917e-07,3.77525762770917e-07,3.77525762770917e-07,3.77525762770917e-07,3.77525762770917e-07,3.77525762770917e-07,3.77525762770917e-07,3.77525762770917e-07,3.77525762770917e-07,3.77525762770917e-07,3.77525762770917e-07,3.77525762770917e-07,3.77525762770917e-07,3.77525762770917e-07,3.77525762770917e-07,3.77525762770917e-07,3.77525762770917e-07,3.77525762770917e-07
164,C,0.014585349902186212,0.014585349902186212,0.014585349902186212,0.014585349902186212,0.014585349902186212,0.014585349902186212,0.014585349902186212,0.014585349902186212,0.014585349902186212,0.014585349902186212,0.014585349902186212,0.014585349902186212,0.014585349902186212,0.014585349902186212,0.014585349902186212,0.014585349902186212,0.014585349902186212,0.014585349902186212,0.014585349902186212,0.014585349902186212,0.014585349902186212,0.014585349902186212,0.014585349902186212,0.014585349902186212
165,G,7.536536456849463e-06,7.536536456849463e-06,7.536536456849463e-06,7.536536456849463e-06,7.536536456849463e-06,7.536536456849463e-06,7.536536456849463e-06,7.536536456849463e-06,7.536536456849463e-06,7.536536456849463e-06,7.536536456849463e-06,7.536536456849463e-06,7.536536456849463e-06,7.536536456849463e-06,7.536536456849463e-06,7.536536456849463e-06,7.536536456849463e-06,7.536536456849463e-06,7.536536456849463e-06,7.536536456849463e-06,7.536536456849463e-06,7.536536456849463e-06,7.536536456849463e-06,7.536536456849463e-06
166,A,0.0690867526423222,0.0690867526423222,0.0690867526423222,0.0690867526423222,0.0690867526423222,0.0690867526423222,0.0690867526423222,0.0690867526423222,0.0690867526423222,0.0690867526423222,0.0690867526423222,0.0690867526423222,0.0690867526423222,0.0690867526423222,0.0690867526423222,0.0690867526423222,0.0690867526423222,0.0690867526423222,0.0690867526423222,0.0690867526423222,0.0690867526423222,0.0690867526423222,0.0690867526423222,0.0690867526423222
167,C,0.06556831268465624,0.06556831268465624,0.06556831268465624,0.06556831268465624,0.06556831268465624,0.06556831268465624,0.06556831268465624,0.06556831268465624,0.06556831268465624,0.06556831268465624,0.06556831268465624,0.06556831268465624,0.06556831268465624,0.06556831268465624,0.06556831268465624,0.06556831268465624,0.06556831268465624,0.06556831268465624,0.06556831268465624,0.06556831268465624,0.06556831268465624,0.06556831268465624,0.06556831268465624,0.06556831268465624
168,C,0.02712260072848072,0.02712260072848072,0.02712260072848072,0.02712260072848072,0.02712260072848072,0.02712260072848072,0.02712260072848072,0.02712260072848072,0.02712260072848072,0.02712260072848072,0.02712260072848072,0.02712260072848072,0.02712260072848072,0.02712260072848072,0.02712260072848072,0.02712260072848072,0.02712260072848072,0.02712260072848072,0.02712260072848072,0.02712260072848072,0.02712260072848072,0.02712260072848072,0.02712260072848072,0.02712260072848072
169,G,0.0014217750203022392,0.0014217750203022392,0.0014217750203022392,0.0014217750203022392,0.0014217750203022392,0.0014217750203022392,0.0014217750203022392,0.0014217750203022392,0.0014217750203022392,0.0014217750203022392,0.0014217750203022392,0.0014217750203022392,0.0014217750203022392,0.0014217750203022392,0.0014217750203022392,0.0014217750203022392,0.0014217750203022392,0.0014217750203022392,0.0014217750203022392,0.0014217750203022392,0.0014217750203022392,0.0014217750203022392,0.0014217750203022392,0.0014217750203022392
170,A,0.017755696789252016,0.017755696789252016,0.017755696789252016,0.017755696789252016,0.017755696789252016,0.017755696789252016,0.017755696789252016,0.017755696789252016,0.017755696789252016,0.017755696789252016,0.017755696789252016,0.017755696789252016,0.017755696789252016,0.017755696789252016,0.017755696789252016,0.017755696789252016,0.017755696789252016,0.017755696789252016,0.017755696789252016,0.017755696789252016,0.017755696789252016,0.017755696789252016,0.017755696789252016,0.017755696789252016
171,C,0.01553405269988121,0.01553405269988121,0.01553405269988121,0.01553405269988121,0.01553405269988121,0.01553405269988121,0.01553405269988121,0.01553405269988121,0.01553405269988121,0.01553405269988121,0.01553405269988121,0.01553405269988121,0.01553405269988121,0.01553405269988121,0.01553405269988121,0.01553405269988121,0.01553405269988121,0.01553405269988121,0.01553405269988121,0.01553405269988121,0.01553405269988121,0.01553405269988121,0.01553405269988121,0.01553405269988121
172,G,5.237762710093969e-05,5.237762710093969e-05,5.237762710093969e-05,5.237762710093969e-05,5.237762710093969e-05,5.237762710093969e-05,5.237762710093969e-05,5.237762710093969e-05,5.237762710093969e-05,5.237762710093969e-05,5.237762710093969e-05,5.237762710093969e-05,5.237762710093969e-05,5.237762710093969e-05,5.237762710093969e-05,5.237762710093969e-05,5.237762710093969e-05,5.237762710093969e-05,5.237762710093969e-05,5.237762710093969e-05,5.237762710093969e-05,5.237762710093969e-05,5.237762710093969e-05,5.237762710093969e-05
173,A,0.004319395047158398,0.004319395047158398,0.004319395047158398,0.004319395047158398,0.004319395047158398,0.004319395047158398,0.004319395047158398,0.004319395047158398,0.004319395047158398,0.004319395047158398,0.004319395047158398,0.004319395047158398,0.004319395047158398,0.004319395047158398,0.004319395047158398,0.004319395047158398,0.004319395047158398,0.004319395047158398,0.004319395047158398,0.004319395047158398,0.004319395047158398,0.004319395047158398,0.004319395047158398,0.004319395047158398
174,C,0.03436898874622453,0.03436898874622453,0.03436898874622453,0.03436898874622453,0.03436898874622453,0.03436898874622453,0.03436898874622453,0.03436898874622453,0.03436898874622453,0.03436898874622453,0.03436898874622453,0.03436898874622453,0.03436898874622453,0.03436898874622453,0.03436898874622453,0.03436898874622453,0.03436898874622453,0.03436898874622453,0.03436898874622453,0.03436898874622453,0.03436898874622453,0.03436898874622453,0.03436898874622453,0.03436898874622453
175,A,0.021030947947321837,0.021030947947321837,0.021030947947321837,0.021030947947321837,0.021030947947321837,0.021030947947321837,0.021030947947321837,0.021030947947321837,0.021030947947321837,0.021030947947321837,0.021030947947321837,0.021030947947321837,0.021030947947321837,0.021030947947321837,0.021030947947321837,0.021030947947321837,0.021030947947321837,0.021030947947321837,0.021030947947321837,0.021030947947321837,0.021030947947321837,0.021030947947321837,0.021030947947321837,0.021030947947321837
176,T,1.805744200880088e-10,1.805744200880088e-10,1.805744200880088e-10,1.805744200880088e-10,1.805744200880088e-10,1.805744200880088e-10,1.805744200880088e-10,1.805744200880088e-10,1.805744200880088e-10,1.805744200880088e-10,1.805744200880088e-10,1.805744200880088e-10,1.805744200880088e-10,1.805744200880088e-10,1.805744200880088e-10,1.805744200880088e-10,1.805744200880088e-10,1.805744200880088e-10,1.805744200880088e-10,1.805744200880088e-10,1.805744200880088e-10,1.805744200880088e-10,1.805744200880088e-10,1.805744200880088e-10
177,T,7.607132206998296e-10,7.607132206998296e-10,7.607132206998296e-10,7.607132206998296e-10,7.607132206998296e-10,7.607132206998296e-10,7.607132206998296e-10,7.607132206998296e-10,7.607132206998296e-10,7.607132206998296e-10,7.607132206998296e-10,7.607132206998296e-10,7.607132206998296e-10,7.607132206998296e-10,7.607132206998296e-10,7.607132206998296e-10,7.607132206998296e-10,7.607132206998296e-10,7.607132206998296e-10,7.607132206998296e-10,7.607132206998296e-10,7.607132206998296e-10,7.607132206998296e-10,7.607132206998296e-10
178,G,0.000789966575019041,0.000789966575019041,0.000789966575019041,0.000789966575019041,0.000789966575019041,0.000789966575019041,0.000789966575019041,0.000789966575019041,0.000789966575019041,0.000789966575019041,0.000789966575019041,0.000789966575019041,0.000789966575019041,0.000789966575019041,0.000789966575019041,0.000789966575019041,0.000789966575019041,0.000789966575019041,0.000789966575019041,0.000789966575019041,0.000789966575019041,0.000789966575019041,0.000789966575019041,0.000789966575019041
179,G,1.3456406634132477e-05,1.3456406634132477e-05,1.3456406634132477e-05,1.3456406634132477e-05,1.3456406634132477e-05,1.3456406634132477e-05,1.3456406634132477e-05,1.3456406634132477e-05,1.3456406634132477e-05,1.3456406634132477e-05,1.3456406634132477e-05,1.3456406634132477e-05,1.3456406634132477e-05,1.3456406634132477e-05,1.3456406634132477e-05,1.3456406634132477e-05,1.3456406634132477e-05,1.3456406634132477e-05,1.3456406634132477e-05,1.3456406634132477e-05,1.3456406634132477e-05,1.3456406634132477e-05,1.3456406634132477e-05,1.3456406634132477e-05
180,G,1.4098036818536181e-06,1.4098036818536181e-06,1.4098036818536181e-06,1.4098036818536181e-06,1.4098036818536181e-06,1.4098036818536181e-06,1.4098036818536181e-06,1.4098036818536181e-06,1.4098036818536181e-06,1.4098036818536181e-06,1.4098036818536181e-06,1.4098036818536181e-06,1.4098036818536181e-06,1.4098036818536181e-06,1.4098036818536181e-06,1.4098036818536181e-06,1.4098036818536181e-06,1.4098036818536181e-06,1.4098036818536181e-06,1.4098036818536181e-06,1.4098036818536181e-06,1.4098036818536181e-06,1.4098036818536181e-06,1.4098036818536181e-06
181,T,1.3693945438256745e-07,1.3693945438256745e-07,1.3693945438256745e-07,1.3693945438256745e-07,1.3693945438256745e-07,1.3693945438256745e-07,1.3693945438256745e-07,1.3693945438256745e-07,1.3693945438256745e-07,1.3693945438256745e-07,1.3693945438256745e-07,1.3693945438256745e-07,1.3693945438256745e-07,1.3693945438256745e-07,1.3693945438256745e-07,1.3693945438256745e-07,1.3693945438256745e-07,1.3693945438256745e-07,1.3693945438256745e-07,1.3693945438256745e-07,1.3693945438256745e-07,1.3693945438256745e-07,1.3693945438256745e-07,1.3693945438256745e-07
182,G,8.307438925267008e-10,8.307438925267008e-10,8.307438925267008e-10,8.307438925267008e-10,8.307438925267008e-10,8.307438925267008e-10,8.307438925267008e-10,8.307438925267008e-10,8.307438925267008e-10,8.307438925267008e-10,8.307438925267008e-10,8.307438925267008e-10,8.307438925267008e-10,8.307438925267008e-10,8.307438925267008e-10,8.307438925267008e-10,8.307438925267008e-10,8.307438925267008e-10,8.307438925267008e-10,8.307438925267008e-10,8.307438925267008e-10,8.307438925267008e-10,8.307438925267008e-10,8.307438925267008e-10
183,C,0.02815977340007087,0.02815977340007087,0.02815977340007087,0.02815977340007087,0.02815977340007087,0.02815977340007087,0.02815977340007087,0.02815977340007087,0.02815977340007087,0.02815977340007087,0.02815977340007087,0.02815977340007087,0.02815977340007087,0.02815977340007087,0.02815977340007087,0.02815977340007087,0.02815977340007087,0.02815977340007087,0.02815977340007087,0.02815977340007087,0.02815977340007087,0.02815977340007087,0.02815977340007087,0.02815977340007087
184,A,0.002352160254389769,0.002352160254389769,0.002352160254389769,0.002352160254389769,0.002352160254389769,0.002352160254389769,0.002352160254389769,0.002352160254389769,0.002352160254389769,0.002352160254389769,0.002352160254389769,0.002352160254389769,0.002352160254389769,0.002352160254389769,0.002352160254389769,0.002352160254389769,0.002352160254389769,0.002352160254389769,0.002352160254389769,0.002352160254389769,0.002352160254389769,0.002352160254389769,0.002352160254389769,0.002352160254389769
185,A,0.03908512610646743,0.03908512610646743,0.03908512610646743,0.03908512610646743,0.03908512610646743,0.03908512610646743,0.03908512610646743,0.03908512610646743,0.03908512610646743,0.03908512610646743,0.03908512610646743,0.03908512610646743,0.03908512610646743,0.03908512610646743,0.03908512610646743,0.03908512610646743,0.03908512610646743,0.03908512610646743,0.03908512610646743,0.03908512610646743,0.03908512610646743,0.03908512610646743,0.03908512610646743,0.03908512610646743
186,G,0.015345417762326084,0.015345417762326084,0.015345417762326084,0.015345417762326084,0.015345417762326084,0.015345417762326084,0.015345417762326084,0.015345417762326084,0.015345417762326084,0.015345417762326084,0.015345417762326084,0.015345417762326084,0.015345417762326084,0.015345417762326084,0.015345417762326084,0.015345417762326084,0.015345417762326084,0.015345417762326084,0.015345417762326084,0.015345417762326084,0.015345417762326084,0.015345417762326084,0.015345417762326084,0.015345417762326084
187,A,0.003574329981145685,0.003574329981145685,0.003574329981145685,0.003574329981145685,0.003574329981145685,0.003574329981145685,0.003574329981145685,0.003574329981145685,0.003574329981145685,0.003574329981145685,0.003574329981145685,0.003574329981145685,0.003574329981145685,0.003574329981145685,0.003574329981145685,0.003574329981145685,0.003574329981145685,0.003574329981145685,0.003574329981145685,0.003574329981145685,0.003574329981145685,0.003574329981145685,0.003574329981145685,0.003574329981145685
188,G,0.0029837543034363207,0.0029837543034363207,0.0029837543034363207,0.0029837543034363207,0.0029837543034363207,0.0029837543034363207,0.0029837543034363207,0.0029837543034363207,0.0029837543034363207,0.0029837543034363207,0.0029837543034363207,0.0029837543034363207,0.0029837543034363207,0.0029837543034363207,0.0029837543034363207,0.0029837543034363207,0.0029837543034363207,0.0029837543034363207,0.0029837543034363207,0.0029837543034363207,0.0029837543034363207,0.0029837543034363207,0.0029837543034363207,0.0029837543034363207
189,C,0.0046699286559296034,0.0046699286559296034,0.0046699286559296034,0.0046699286559296034,0.0046699286559296034,0.0046699286559296034,0.0046699286559296034,0.0046699286559296034,0.0046699286559296034,0.0046699286559296034,0.0046699286559296034,0.0046699286559296034,0.0046699286559296034,0.0046699286559296034,0.0046699286559296034,0.0046699286559296034,0.0046699286559296034,0.0046699286559296034,0.0046699286559296034,0.0046699286559296034,0.0046699286559296034,0.0046699286559296034,0.0046699286559296034,0.0046699286559296034
190,G,0.00013140414233819974,0.00013140414233819974,0.00013140414233819974,0.00013140414233819974,0.00013140414233819974,0.00013140414233819974,0.00013140414233819974,0.00013140414233819974,0.00013140414233819974,0.00013140414233819974,0.00013140414233819974,0.00013140414233819974,0.00013140414233819974,0.00013140414233819974,0.00013140414233819974,0.00013140414233819974,0.00013140414233819974,0.00013140414233819974,0.00013140414233819974,0.00013140414233819974,0.00013140414233819974,0.00013140414233819974,0.00013140414233819974,0.00013140414233819974
191,A,0.054121726960227844,0.054121726960227844,0.054121726960227844,0.054121726960227844,0.054121726960227844,0.054121726960227844,0.054121726960227844,0.054121726960227844,0.054121726960227844,0.054121726960227844,0.054121726960227844,0.054121726960227844,0.054121726960227844,0.054121726960227844,0.054121726960227844,0.054121726960227844,0.054121726960227844,0.054121726960227844,0.054121726960227844,0.054121726960227844,0.054121726960227844,0.054121726960227844,0.054121726960227844,0.054121726960227844
192,T,1.3035988757466288e-18,1.3035988757466288e-18,1.3035988757466288e-18,1.3035988757466288e-18,1.3035988757466288e-18,1.3035988757466288e-18,1.3035988757466288e-18,1.3035988757466288e-18,1.3035988757466288e-18,1.3035988757466288e-18,1.3035988757466288e-18,1.3035988757466288e-18,1.3035988757466288e-18,1.3035988757466288e-18,1.3035988757466288e-18,1.3035988757466288e-18,1.3035988757466288e-18,1.3035988757466288e-18,1.3035988757466288e-18,1.3035988757466288e-18,1.3035988757466288e-18,1.3035988757466288e-18,1.3035988757466288e-18,1.3035988757466288e-18
193,C,0.025963311996963948,0.025963311996963948,0.025963311996963948,0.025963311996963948,0.025963311996963948,0.025963311996963948,0.025963311996963948,0.025963311996963948,0.025963311996963948,0.025963311996963948,0.025963311996963948,0.025963311996963948,0.025963311996963948,0.025963311996963948,0.025963311996963948,0.025963311996963948,0.025963311996963948,0.025963311996963948,0.025963311996963948,0.025963311996963948,0.025963311996963948,0.025963311996963948,0.025963311996963948,0.025963311996963948
194,A,0.01652141815685476,0.01652141815685476,0.01652141815685476,0.01652141815685476,0.01652141815685476,0.01652141815685476,0.01652141815685476,0.01652141815685476,0.01652141815685476,0.01652141815685476,0.01652141815685476,0.01652141815685476,0.01652141815685476,0.01652141815685476,0.01652141815685476,0.01652141815685476,0.01652141815685476,0.01652141815685476,0.01652141815685476,0.01652141815685476,0.01652141815685476,0.01652141815685476,0.01652141815685476,0.01652141815685476
195,T,2.81747500502003e-13,2.81747500502003e-13,2.81747500502003e-13,2.81747500502003e-13,2.81747500502003e-13,2.81747500502003e-13,2.81747500502003e-13,2.81747500502003e-13,2.81747500502003e-13,2.81747500502003e-13,2.81747500502003e-13,2.81747500502003e-13,2.81747500502003e-13,2.81747500502003e-13,2.81747500502003e-13,2.81747500502003e-13,2.81747500502003e-13,2.81747500502003e-13,2.81747500502003e-13,2.81747500502003e-13,2.81747500502003e-13,2.81747500502003e-13,2.81747500502003e-13,2.81747500502003e-13
196,G,3.9530778084496963e-07,3.9530778084496963e-07,3.9530778084496963e-07,3.9530778084496963e-07,3.9530778084496963e-07,3.9530778084496963e-07,3.9530778084496963e-07,3.9530778084496963e-07,3.9530778084496963e-07,3.9530778084496963e-07,3.9530778084496963e-07,3.9530778084496963e-07,3.9530778084496963e-07,3.9530778084496963e-07,3.9530778084496963e-07,3.9530778084496963e-07,3.9530778084496963e-07,3.9530778084496963e-07,3.9530778084496963e-07,3.9530778084496963e-07,3.9530778084496963e-07,3.9530778084496963e-07,3.9530778084496963e-07,3.9530778084496963e-07
197,G,0.0015692142095978373,0.0015692142095978373,0.0015692142095978373,0.0015692142095978373,0.0015692142095978373,0.0015692142095978373,0.0015692142095978373,0.0015692142095978373,0.0015692142095978373,0.0015692142095978373,0.0015692142095978373,0.0015692142095978373,0.0015692142095978373,0.0015692142095978373,0.0015692142095978373,0.0015692142095978373,0.0015692142095978373,0.0015692142095978373,0.0015692142095978373,0.0015692142095978373,0.0015692142095978373,0.0015692142095978373,0.0015692142095978373,0.0015692142095978373
198,T,1.2599287147968078e-05,1.2599287147968078e-05,1.2599287147968078e-05,1.2599287147968078e-05,1.2599287147968078e-05,1.2599287147968078e-05,1.2599287147968078e-05,1.2599287147968078e-05,1.2599287147968078e-05,1.2599287147968078e-05,1.2599287147968078e-05,1.2599287147968078e-05,1.2599287147968078e-05,1.2599287147968078e-05,1.2599287147968078e-05,1.2599287147968078e-05,1.2599287147968078e-05,1.2599287147968078e-05,1.2599287147968078e-05,1.2599287147968078e-05,1.2599287147968078e-05,1.2599287147968078e-05,1.2599287147968078e-05,1.2599287147968078e-05
199,T,0.006571399458445672,0.006571399458445672,0.006571399458445672,0.006571399458445672,0.006571399458445672,0.006571399458445672,0.006571399458445672,0.006571399458445672,0.006571399458445672,0.006571399458445672,0.006571399458445672,0.006571399458445672,0.006571399458445672,0.006571399458445672,0.006571399458445672,0.006571399458445672,0.006571399458445672,0.006571399458445672,0.006571399458445672,0.006571399458445672,0.006571399458445672,0.006571399458445672,0.006571399458445672,0.006571399458445672
200,T,2.7565693213900605e-11,2.7565693213900605e-11,2.7565693213900605e-11,2.7565693213900605e-11,2.7565693213900605e-11,2.7565693213900605e-11,2.7565693213900605e-11,2.7565693213900605e-11,2.7565693213900605e-11,2.7565693213900605e-11,2.7565693213900605e-11,2.7565693213900605e-11,2.7565693213900605e-11,2.7565693213900605e-11,2.7565693213900605e-11,2.7565693213900605e-11,2.7565693213900605e-11,2.7565693213900605e-11,2.7565693213900605e-11,2.7565693213900605e-11,2.7565693213900605e-11,2.7565693213900605e-11,2.7565693213900605e-11,2.7565693213900605e-11
201,A,0.04453183075713285,0.04453183075713285,0.04453183075713285,0.04453183075713285,0.04453183075713285,0.04453183075713285,0.04453183075713285,0.04453183075713285,0.04453183075713285,0.04453183075713285,0.04453183075713285,0.04453183075713285,0.04453183075713285,0.04453183075713285,0.04453183075713285,0.04453183075713285,0.04453183075713285,0.04453183075713285,0.04453183075713285,0.04453183075713285,0.04453183075713285,0.04453183075713285,0.04453183075713285,0.04453183075713285
202,T,1.4169033812033235e-10,1.4169033812033235e-10,1.4169033812033235e-10,1.4169033812033235e-10,1.4169033812033235e-10,1.4169033812033235e-10,1.4169033812033235e-10,1.4169033812033235e-10,1.4169033812033235e-10,1.4169033812033235e-10,1.4169033812033235e-10,1.4169033812033235e-10,1.4169033812033235e-10,1.4169033812033235e-10,1.4169033812033235e-10,1.4169033812033235e-10,1.4169033812033235e-10,1.4169033812033235e-10,1.4169033812033235e-10,1.4169033812033235e-10,1.4169033812033235e-10,1.4169033812033235e-10,1.4169033812033235e-10,1.4169033812033235e-10
203,C,0.016705896280009357,0.016705896280009357,0.016705896280009357,0.016705896280009357,0.016705896280009357,0.016705896280009357,0.016705896280009357,0.016705896280009357,0.016705896280009357,0.016705896280009357,0.016705896280009357,0.016705896280009357,0.016705896280009357,0.016705896280009357,0.016705896280009357,0.016705896280009357,0.016705896280009357,0.016705896280009357,0.016705896280009357,0.016705896280009357,0.016705896280009357,0.016705896280009357,0.016705896280009357,0.016705896280009357
204,A,0.004469666714025895,0.004469666714025895,0.004469666714025895,0.004469666714025895,0.004469666714025895,0.004469666714025895,0.004469666714025895,0.004469666714025895,0.004469666714025895,0.004469666714025895,0.004469666714025895,0.004469666714025895,0.004469666714025895,0.004469666714025895,0.004469666714025895,0.004469666714025895,0.004469666714025895,0.004469666714025895,0.004469666714025895,0.004469666714025895,0.004469666714025895,0.004469666714025895,0.004469666714025895,0.004469666714025895
205,C,0.005292738516013373,0.005292738516013373,0.005292738516013373,0.005292738516013373,0.005292738516013373,0.005292738516013373,0.005292738516013373,0.005292738516013373,0.005292738516013373,0.005292738516013373,0.005292738516013373,0.005292738516013373,0.005292738516013373,0.005292738516013373,0.005292738516013373,0.005292738516013373,0.005292738516013373,0.005292738516013373,0.005292738516013373,0.005292738516013373,0.005292738516013373,0.005292738516013373,0.005292738516013373,0.005292738516013373
206,A,0.0015633349785546908,0.0015633349785546908,0.0015633349785546908,0.0015633349785546908,0.0015633349785546908,0.0015633349785546908,0.0015633349785546908,0.0015633349785546908,0.0015633349785546908,0.0015633349785546908,0.0015633349785546908,0.0015633349785546908,0.0015633349785546908,0.0015633349785546908,0.0015633349785546908,0.0015633349785546908,0.0015633349785546908,0.0015633349785546908,0.0015633349785546908,0.0015633349785546908,0.0015633349785546908,0.0015633349785546908,0.0015633349785546908,0.0015633349785546908
207,A,0.004622612625550893,0.004622612625550893,0.004622612625550893,0.004622612625550893,0.004622612625550893,0.004622612625550893,0.004622612625550893,0.004622612625550893,0.004622612625550893,0.004622612625550893,0.004622612625550893,0.004622612625550893,0.008901362775936918,0.008901362775936918,0.008901362775936918,0.008901362775936918,0.008901362775936918,0.008901362775936918,0.008901362775936918,0.008901362775936918,0.008901362775936918,0.008901362775936918,0.008901362775936918,0.008901362775936918
208,C,0.014731813841440873,0.014731813841440873,0.014731813841440873,0.014731813841440873,0.014731813841440873,0.014731813841440873,0.014731813841440873,0.014731813841440873,0.014731813841440873,0.014731813841440873,0.014731813841440873,0.014731813841440873,0.0746892034847688,0.0746892034847688,0.0746892034847688,0.0746892034847688,0.0746892034847688,0.0746892034847688,0.0746892034847688,0.0746892034847688,0.0746892034847688,0.0746892034847688,0.0746892034847688,0.0746892034847688
209,T,8.2008702531218e-20,8.2008702531218e-20,8.2008702531218e-20,8.2008702531218e-20,8.2008702531218e-20,8.2008702531218e-20,8.2008702531218e-20,8.2008702531218e-20,8.2008702531218e-20,8.2008702531218e-20,8.2008702531218e-20,8.2008702531218e-20,7.258568202228552e-30,7.258568202228552e-30,7.258568202228552e-30,7.258568202228552e-30,7.258568202228552e-30,7.258568202228552e-30,7.258568202228552e-30,7.258568202228552e-30,7.258568202228552e-30,7.258568202228552e-30,7.258568202228552e-30,7.258568202228552e-30
210,A,0.007791166097751827,0.007791166097751827,0.007791166097751827,0.007791166097751827,0.007791166097751827,0.007791166097751827,0.007791166097751827,0.007791166097751827,0.007791166097751827,0.007791166097751827,0.007791166097751827,0.007791166097751827,0.0026617722446080913,0.0026617722446080913,0.0026617722446080913,0.0026617722446080913,0.0026617722446080913,0.0026617722446080913,0.0026617722446080913,0.0026617722446080913,0.0026617722446080913,0.0026617722446080913,0.0026617722446080913,0.0026617722446080913
211,G,0.0077759830502534336,0.0077759830502534336,0.0077759830502534336,0.0077759830502534336,0.0077759830502534336,0.0077759830502534336,0.0077759830502534336,0.0077759830502534336,0.0077759830502534336,0.0077759830502534336,0.0077759830502534336,0.0077759830502534336,2.5406689645006107e-07,2.5406689645006107e-07,2.5406689645006107e-07,2.5406689645006107e-07,2.5406689645006107e-07,2.5406689645006107e-07,2.5406689645006107e-07,2.5406689645006107e-07,2.5406689645006107e-07,2.5406689645006107e-07,2.5406689645006107e-07,2.5406689645006107e-07
212,G,9.974501980638312e-05,9.974501980638312e-05,9.974501980638312e-05,9.974501980638312e-05,9.974501980638312e-05,9.974501980638312e-05,9.974501980638312e-05,9.974501980638312e-05,9.974501980638312e-05,9.974501980638312e-05,9.974501980638312e-05,9.974501980638312e-05,0.005113051680283818,0.005113051680283818,0.005113051680283818,0.005113051680283818,0.005113051680283818,0.005113051680283818,0.005113051680283818,0.005113051680283818,0.005113051680283818,0.005113051680283818,0.005113051680283818,0.005113051680283818
213,A,0.0288695742460065,0.0288695742460065,0.0288695742460065,0.0288695742460065,0.0288695742460065,0.0288695742460065,0.0288695742460065,0.0288695742460065,0.0288695742460065,0.0288695742460065,0.0288695742460065,0.0288695742460065,0.011608627424693188,0.011608627424693188,0.011608627424693188,0.011608627424693188,0.011608627424693188,0.011608627424693188,0.011608627424693188,0.011608627424693188,0.011608627424693188,0.011608627424693188,0.011608627424693188,0.011608627424693188
214,A,0.0277912321500757,0.0277912321500757,0.0277912321500757,0.0277912321500757,0.0277912321500757,0.0277912321500757,0.0277912321500757,0.0277912321500757,0.0277912321500757,0.0277912321500757,0.0277912321500757,0.0277912321500757,0.04543255050715727,0.04543255050715727,0.04543255050715727,0.04543255050715727,0.04543255050715727,0.04543255050715727,0.04543255050715727,0.04543255050715727,0.04543255050715727,0.04543255050715727,0.04543255050715727,0.04543255050715727
215,C,0.04355912803832473,0.04355912803832473,0.04355912803832473,0.04355912803832473,0.04355912803832473,0.04355912803832473,0.04355912803832473,0.04355912803832473,0.04355912803832473,0.04355912803832473,0.04355912803832473,0.04355912803832473,0.09350857506010317,0.09350857506010317,0.09350857506010317,0.09350857506010317,0.09350857506010317,0.09350857506010317,0.09350857506010317,0.09350857506010317,0.09350857506010317,0.09350857506010317,0.09350857506010317,0.09350857506010317
216,C,0.0019056037426280904,0.0019056037426280904,0.0019056037426280904,0.0019056037426280904,0.0019056037426280904,0.0019056037426280904,0.0019056037426280904,0.0019056037426280904,0.0019056037426280904,0.0019056037426280904,0.0019056037426280904,0.0019056037426280904,0.029200557617039574,0.029200557617039574,0.029200557617039574,0.029200557617039574,0.029200557617039574,0.029200557617039574,0.029200557617039574,0.029200557617039574,0.029200557617039574,0.029200557617039574,0.029200557617039574,0.029200557617039574
217,T,2.8932648388044857e-06,2.8932648388044857e-06,2.8932648388044857e-06,2.8932648388044857e-06,2.8932648388044857e-06,2.8932648388044857e-06,2.8932648388044857e-06,2.8932648388044857e-06,2.8932648388044857e-06,2.8932648388044857e-06,2.8932648388044857e-06,2.8932648388044857e-06,4.915169282516419e-09,4.915169282516419e-09,4.915169282516419e-09,4.915169282516419e-09,4.915169282516419e-09,4.915169282516419e-09,4.915169282516419e-09,4.915169282516419e-09,4.915169282516419e-09,4.915169282516419e-09,4.915169282516419e-09,4.915169282516419e-09
218,A,0.003799093770353369,0.003799093770353369,0.003799093770353369,0.003799093770353369,0.003799093770353369,0.003799093770353369,0.003799093770353369,0.003799093770353369,0.003799093770353369,0.003799093770353369,0.003799093770353369,0.003799093770353369,0.0332964158207781,0.0332964158207781,0.0332964158207781,0.0332964158207781,0.0332964158207781,0.0332964158207781,0.0332964158207781,0.0332964158207781,0.0332964158207781,0.0332964158207781,0.0332964158207781,0.0332964158207781
219,G,6.664408171842209e-06,6.664408171842209e-06,6.664408171842209e-06,6.664408171842209e-06,6.664408171842209e-06,6.664408171842209e-06,6.664408171842209e-06,6.664408171842209e-06,6.664408171842209e-06,6.664408171842209e-06,6.664408171842209e-06,6.664408171842209e-06,7.529898751027431e-10,7.529898751027431e-10,7.529898751027431e-10,7.529898751027431e-10,7.529898751027431e-10,7.529898751027431e-10,7.529898751027431e-10,7.529898751027431e-10,7.529898751027431e-10,7.529898751027431e-10,7.529898751027431e-10,7.529898751027431e-10
220,G,1.8478545481118863e-07,1.8478545481118863e-07,1.8478545481118863e-07,1.8478545481118863e-07,1.8478545481118863e-07,1.8478545481118863e-07,1.8478545481118863e-07,1.8478545481118863e-07,1.8478545481118863e-07,1.8478545481118863e-07,1.8478545481118863e-07,1.8478545481118863e-07,0.00020357364054679884,0.00020357364054679884,0.00020357364054679884,0.00020357364054679884,0.00020357364054679884,0.00020357364054679884,0.00020357364054679884,0.00020357364054679884,0.00020357364054679884,0.00020357364054679884,0.00020357364054679884,0.00020357364054679884
221,C,0.020156185000059685,0.020156185000059685,0.020156185000059685,0.020156185000059685,0.020156185000059685,0.020156185000059685,0.020156185000059685,0.020156185000059685,0.020156185000059685,0.020156185000059685,0.020156185000059685,0.020156185000059685,0.008062009420910983,0.008062009420910983,0.008062009420910983,0.008062009420910983,0.008062009420910983,0.008062009420910983,0.008062009420910983,0.008062009420910983,0.008062009420910983,0.008062009420910983,0.008062009420910983,0.008062009420910983
222,C,0.030782121820982385,0.030782121820982385,0.030782121820982385,0.030782121820982385,0.030782121820982385,0.030782121820982385,0.030782121820982385,0.030782121820982385,0.030782121820982385,0.030782121820982385,0.030782121820982385,0.030782121820982385,0.10322332779783712,0.10322332779783712,0.10322332779783712,0.10322332779783712,0.10322332779783712,0.10322332779783712,0.10322332779783712,0.10322332779783712,0.10322332779783712,0.10322332779783712,0.10322332779783712,0.10322332779783712
223,G,0.000700889129949448,0.000700889129949448,0.000700889129949448,0.000700889129949448,0.000700889129949448,0.000700889129949448,0.000700889129949448,0.000700889129949448,0.000700889129949448,0.000700889129949448,0.000700889129949448,0.000700889129949448,0.000148782656396807,0.000148782656396807,0.000148782656396807,0.000148782656396807,0.000148782656396807,0.000148782656396807,0.000148782656396807,0.000148782656396807,0.000148782656396807,0.000148782656396807,0.000148782656396807,0.000148782656396807
224,T,1.865703794065793e-11,1.865703794065793e-11,1.865703794065793e-11,1.865703794065793e-11,1.865703794065793e-11,1.865703794065793e-11,1.865703794065793e-11,1.865703794065793e-11,1.865703794065793e-11,1.865703794065793e-11,1.865703794065793e-11,1.865703794065793e-11,1.6264648871678665e-06,1.6264648871678665e-06,1.6264648871678665e-06,1.6264648871678665e-06,1.6264648871678665e-06,1.6264648871678665e-06,1.6264648871678665e-06,1.6264648871678665e-06,1.6264648871678665e-06,1.6264648871678665e-06,1.6264648871678665e-06,1.6264648871678665e-06
225,T,7.91791068335856e-08,7.91791068335856e-08,7.91791068335856e-08,7.91791068335856e-08,7.91791068335856e-08,7.91791068335856e-08,7.91791068335856e-08,7.91791068335856e-08,7.91791068335856e-08,7.91791068335856e-08,7.91791068335856e-08,7.91791068335856e-08,3.813093139917479e-14,3.813093139917479e-14,3.813093139917479e-14,3.813093139917479e-14,3.813093139917479e-14,3.813093139917479e-14,3.813093139917479e-14,3.813093139917479e-14,3.813093139917479e-14,3.813093139917479e-14,3.813093139917479e-14,3.813093139917479e-14
226,G,0.0037500039878648503,0.0037500039878648503,0.0037500039878648503,0.0037500039878648503,0.0037500039878648503,0.0037500039878648503,0.0037500039878648503,0.0037500039878648503,0.0037500039878648503,0.0037500039878648503,0.0037500039878648503,0.0037500039878648503,4.160939748207265e-09,4.160939748207265e-09,4.160939748207265e-09,4.160939748207265e-09,4.160939748207265e-09,4.160939748207265e-09,4.160939748207265e-09,4.160939748207265e-09,4.160939748207265e-09,4.160939748207265e-09,4.160939748207265e-09,4.160939748207265e-09
227,T,0.0002717445020928021,0.0002717445020928021,0.0002717445020928021,0.0002717445020928021,0.0002717445020928021,0.0002717445020928021,0.0002717445020928021,0.0002717445020928021,0.0002717445020928021,0.0002717445020928021,0.0002717445020928021,0.0002717445020928021,0.004573230465177866,0.004573230465177866,0.004573230465177866,0.004573230465177866,0.004573230465177866,0.004573230465177866,0.004573230465177866,0.004573230465177866,0.004573230465177866,0.004573230465177866,0.004573230465177866,0.004573230465177866
228,T,0.0032705451325961777,0.0032705451325961777,0.0032705451325961777,0.0032705451325961777,0.0032705451325961777,0.0032705451325961777,0.0032705451325961777,0.0032705451325961777,0.0032705451325961777,0.0032705451325961777,0.0032705451325961777,0.0032705451325961777,1.3003913861967581e-08,1.3003913861967581e-08,1.3003913861967581e-08,1.3003913861967581e-08,1.3003913861967581e-08,1.3003913861967581e-08,1.3003913861967581e-08,1.3003913861967581e-08,1.3003913861967581e-08,1.3003913861967581e-08,1.3003913861967581e-08,1.3003913861967581e-08
229,A,0.004449503976271041,0.004449503976271041,0.004449503976271041,0.004449503976271041,0.004449503976271041,0.004449503976271041,0.004449503976271041,0.004449503976271041,0.004449503976271041,0.004449503976271041,0.004449503976271041,0.004449503976271041,0.0793670680115502,0.0793670680115502,0.0793670680115502,0.0793670680115502,0.0793670680115502,0.0793670680115502,0.0793670680115502,0.0793670680115502,0.0793670680115502,0.0793670680115502,0.0793670680115502,0.0793670680115502
230,A,0.01993735417407445,0.01993735417407445,0.01993735417407445,0.01993735417407445,0.01993735417407445,0.01993735417407445,0.01993735417407445,0.01993735417407445,0.01993735417407445,0.01993735417407445,0.01993735417407445,0.01993735417407445,0.040799326843477535,0.040799326843477535,0.040799326843477535,0.040799326843477535,0.040799326843477535,0.040799326843477535,0.040799326843477535,0.040799326843477535,0.040799326843477535,0.040799326843477535,0.040799326843477535,0.040799326843477535
231,A,0.04217223760115067,0.04217223760115067,0.04217223760115067,0.04217223760115067,0.04217223760115067,0.04217223760115067,0.04217223760115067,0.04217223760115067,0.04217223760115067,0.04217223760115067,0.04217223760115067,0.04217223760115067,0.013683443330834051,0.013683443330834051,0.013683443330834051,0.013683443330834051,0.013683443330834051,0.013683443330834051,0.013683443330834051,0.013683443330834051,0.013683443330834051,0.013683443330834051,0.013683443330834051,0.013683443330834051
232,C,0.02934247498412974,0.02934247498412974,0.02934247498412974,0.02934247498412974,0.02934247498412974,0.02934247498412974,0.02934247498412974,0.02934247498412974,0.02934247498412974,0.02934247498412974,0.02934247498412974,0.02934247498412974,0.08328139176997805,0.08328139176997805,0.08328139176997805,0.08328139176997805,0.08328139176997805,0.08328139176997805,0.08328139176997805,0.08328139176997805,0.08328139176997805,0.08328139176997805,0.08328139176997805,0.08328139176997805
233,C,0.009478670876980008,0.009478670876980008,0.009478670876980008,0.009478670876980008,0.009478670876980008,0.009478670876980008,0.009478670876980008,0.009478670876980008,0.009478670876980008,0.009478670876980008,0.009478670876980008,0.009478670876980008,0.0022153475332561384,0.0022153475332561384,0.0022153475332561384,0.0022153475332561384,0.0022153475332561384,0.0022153475332561384,0.0022153475332561384,0.0022153475332561384,0.0022153475332561384,0.0022153475332561384,0.0022153475332561384,0.0022153475332561384
234,C,0.007481516100403061,0.007481516100403061,0.007481516100403061,0.007481516100403061,0.007481516100403061,0.007481516100403061,0.007481516100403061,0.007481516100403061,0.007481516100403061,0.007481516100403061,0.007481516100403061,0.007481516100403061,0.04326707703265641,0.04326707703265641,0.04326707703265641,0.04326707703265641,0.04326707703265641,0.04326707703265641,0.04326707703265641,0.04326707703265641,0.04326707703265641,0.04326707703265641,0.04326707703265641,0.04326707703265641
235,G,2.5401443819111965e-08,2.5401443819111965e-08,2.5401443819111965e-08,2.5401443819111965e-08,2.5401443819111965e-08,2.5401443819111965e-08,2.5401443819111965e-08,2.5401443819111965e-08,2.5401443819111965e-08,2.5401443819111965e-08,2.5401443819111965e-08,2.5401443819111965e-08,0.0020647022917540765,0.0020647022917540765,0.0020647022917540765,0.0020647022917540765,0.0020647022917540765,0.0020647022917540765,0.0020647022917540765,0.0020647022917540765,0.0020647022917540765,0.0020647022917540765,0.0020647022917540765,0.0020647022917540765
236,A,0.061528499099025746,0.061528499099025746,0.061528499099025746,0.061528499099025746,0.061528499099025746,0.061528499099025746,0.061528499099025746,0.061528499099025746,0.061528499099025746,0.061528499099025746,0.061528499099025746,0.061528499099025746,0.0687161240475434,0.0687161240475434,0.0687161240475434,0.0687161240475434,0.0687161240475434,0.0687161240475434,0.0687161240475434,0.0687161240475434,0.0687161240475434,0.0687161240475434,0.0687161240475434,0.0687161240475434
237,A,0.06617047170509421,0.06617047170509421,0.06617047170509421,0.06617047170509421,0.06617047170509421,0.06617047170509421,0.06617047170509421,0.06617047170509421,0.06617047170509421,0.06617047170509421,0.06617047170509421,0.06617047170509421,0.004703692513805153,0.004703692513805153,0.004703692513805153,0.004703692513805153,0.004703692513805153,0.004703692513805153,0.004703692513805153,0.004703692513805153,0.004703692513805153,0.004703692513805153,0.004703692513805153,0.004703692513805153
238,G,0.002583392024831919,0.002583392024831919,0.002583392024831919,0.002583392024831919,0.002583392024831919,0.002583392024831919,0.002583392024831919,0.002583392024831919,0.002583392024831919,0.002583392024831919,0.002583392024831919,0.002583392024831919,0.0011615000474388833,0.0011615000474388833,0.0011615000474388833,0.0011615000474388833,0.0011615000474388833,0.0011615000474388833,0.0011615000474388833,0.0011615000474388833,0.0011615000474388833,0.0011615000474388833,0.0011615000474388833,0.0011615000474388833
239,C,0.011221561482615916,0.011221561482615916,0.011221561482615916,0.011221561482615916,0.011221561482615916,0.011221561482615916,0.011221561482615916,0.011221561482615916,0.011221561482615916,0.011221561482615916,0.011221561482615916,0.011221561482615916,0.003838619303164684,0.003838619303164684,0.003838619303164684,0.003838619303164684,0.003838619303164684,0.003838619303164684,0.003838619303164684,0.003838619303164684,0.003838619303164684,0.003838619303164684,0.003838619303164684,0.003838619303164684
240,T,6.416719956762286e-09,6.416719956762286e-09,6.416719956762286e-09,6.416719956762286e-09,6.416719956762286e-09,6.416719956762286e-09,6.416719956762286e-09,6.416719956762286e-09,6.416719956762286e-09,6.416719956762286e-09,6.416719956762286e-09,6.416719956762286e-09,0.00015154742182494946,0.00015154742182494946,0.00015154742182494946,0.00015154742182494946,0.00015154742182494946,0.00015154742182494946,0.00015154742182494946,0.00015154742182494946,0.00015154742182494946,0.00015154742182494946,0.00015154742182494946,0.00015154742182494946
241,G,2.24394013660461e-06,2.24394013660461e-06,2.24394013660461e-06,2.24394013660461e-06,2.24394013660461e-06,2.24394013660461e-06,2.24394013660461e-06,2.24394013660461e-06,2.24394013660461e-06,2.24394013660461e-06,2.24394013660461e-06,2.24394013660461e-06,0.013831706877632148,0.013831706877632148,0.013831706877632148,0.013831706877632148,0.013831706877632148,0.013831706877632148,0.013831706877632148,0.013831706877632148,0.013831706877632148,0.013831706877632148,0.013831706877632148,0.013831706877632148
242,C,0.008599097803404114,0.008599097803404114,0.008599097803404114,0.008599097803404114,0.008599097803404114,0.008599097803404114,0.008599097803404114,0.008599097803404114,0.008599097803404114,0.008599097803404114,0.008599097803404114,0.008599097803404114,0.009227367298963118,0.009227367298963118,0.009227367298963118,0.009227367298963118,0.009227367298963118,0.009227367298963118,0.009227367298963118,0.009227367298963118,0.009227367298963118,0.009227367298963118,0.009227367298963118,0.009227367298963118
243,C,0.028296868245282786,0.028296868245282786,0.028296868245282786,0.028296868245282786,0.028296868245282786,0.028296868245282786,0.028296868245282786,0.028296868245282786,0.028296868245282786,0.028296868245282786,0.028296868245282786,0.028296868245282786,0.011829602647046753,0.011829602647046753,0.011829602647046753,0.011829602647046753,0.011829602647046753,0.011829602647046753,0.011829602647046753,0.011829602647046753,0.011829602647046753,0.011829602647046753,0.011829602647046753,0.011829602647046753
244,A,0.029487210822019848,0.029487210822019848,0.029487210822019848,0.029487210822019848,0.029487210822019848,0.029487210822019848,0.029487210822019848,0.029487210822019848,0.029487210822019848,0.029487210822019848,0.029487210822019848,0.029487210822019848,0.02020223274820741,0.02020223274820741,0.02020223274820741,0.02020223274820741,0.02020223274820741,0.02020223274820741,0.02020223274820741,0.02020223274820741,0.02020223274820741,0.02020223274820741,0.02020223274820741,0.02020223274820741
245,C,0.05530725004996818,0.05530725004996818,0.05530725004996818,0.05530725004996818,0.05530725004996818,0.05530725004996818,0.05530725004996818,0.05530725004996818,0.05530725004996818,0.05530725004996818,0.05530725004996818,0.05530725004996818,0.0007100939738509738,0.0007100939738509738,0.0007100939738509738,0.0007100939738509738,0.0007100939738509738,0.0007100939738509738,0.0007100939738509738,0.0007100939738509738,0.0007100939738509738,0.0007100939738509738,0.0007100939738509738,0.0007100939738509738
246,G,0.0016854827564932008,0.0016854827564932008,0.0016854827564932008,0.0016854827564932008,0.0016854827564932008,0.0016854827564932008,0.0016854827564932008,0.0016854827564932008,0.0016854827564932008,0.0016854827564932008,0.0016854827564932008,0.0016854827564932008,0.004639875730194799,0.004639875730194799,0.004639875730194799,0.004639875730194799,0.004639875730194799,0.004639875730194799,0.004639875730194799,0.004639875730194799,0.004639875730194799,0.004639875730194799,0.004639875730194799,0.004639875730194799
247,C,0.013919691711193284,0.013919691711193284,0.013919691711193284,0.013919691711193284,0.013919691711193284,0.013919691711193284,0.013919691711193284,0.013919691711193284,0.013919691711193284,0.013919691711193284,0.013919691711193284,0.013919691711193284,0.007815933866498868,0.007815933866498868,0.007815933866498868,0.007815933866498868,0.007815933866498868,0.007815933866498868,0.007815933866498868,0.007815933866498868,0.007815933866498868,0.007815933866498868,0.007815933866498868,0.007815933866498868
248,A,0.0008235452696482027,0.0008235452696482027,0.0008235452696482027,0.0008235452696482027,0.0008235452696482027,0.0008235452696482027,0.0008235452696482027,0.0008235452696482027,0.0008235452696482027,0.0008235452696482027,0.0008235452696482027,0.0008235452696482027,0.03360912186329184,0.03360912186329184,0.03360912186329184,0.03360912186329184,0.03360912186329184,0.03360912186329184,0.03360912186329184,0.03360912186329184,0.03360912186329184,0.03360912186329184,0.03360912186329184,0.03360912186329184
249,T,2.1301196730744706e-05,2.1301196730744706e-05,2.1301196730744706e-05,2.1301196730744706e-05,2.1301196730744706e-05,2.1301196730744706e-05,2.1301196730744706e-05,2.1301196730744706e-05,2.1301196730744706e-05,2.1301196730744706e-05,2.1301196730744706e-05,2.1301196730744706e-05,1.0466987881167226e-21,1.0466987881167226e-21,1.0466987881167226e-21,1.0466987881167226e-21,1.0466987881167226e-21,1.0466987881167226e-21,1.0466987881167226e-21,1.0466987881167226e-21,1.0466987881167226e-21,1.0466987881167226e-21,1.0466987881167226e-21,1.0466987881167226e-21
250,C,0.013335124951364066,0.013335124951364066,0.013335124951364066,0.013335124951364066,0.013335124951364066,0.013335124951364066,0.013335124951364066,0.013335124951364066,0.013335124951364066,0.013335124951364066,0.013335124951364066,0.013335124951364066,0.046743616751865745,0.046743616751865745,0.046743616751865745,0.046743616751865745,0.046743616751865745,0.046743616751865745,0.046743616751865745,0.046743616751865745,0.046743616751865745,0.046743616751865745,0.046743616751865745,0.046743616751865745
251,G,6.2859038276035414e-09,6.2859038276035414e-09,6.2859038276035414e-09,6.2859038276035414e-09,6.2859038276035414e-09,6.2859038276035414e-09,6.2859038276035414e-09,6.2859038276035414e-09,6.2859038276035414e-09,6.2859038276035414e-09,6.2859038276035414e-09,6.2859038276035414e-09,0.00013100040210042174,0.00013100040210042174,0.00013100040210042174,0.00013100040210042174,0.00013100040210042174,0.00013100040210042174,0.00013100040210042174,0.00013100040210042174,0.00013100040210042174,0.00013100040210042174,0.00013100040210042174,0.00013100040210042174
252,T,2.0170564732779225e-05,2.0170564732779225e-05,2.0170564732779225e-05,2.0170564732779225e-05,2.0170564732779225e-05,2.0170564732779225e-05,2.0170564732779225e-05,2.0170564732779225e-05,2.0170564732779225e-05,2.0170564732779225e-05,2.0170564732779225e-05,2.0170564732779225e-05,0.0004884944639235631,0.0004884944639235631,0.0004884944639235631,0.0004884944639235631,0.0004884944639235631,0.0004884944639235631,0.0004884944639235631,0.0004884944639235631,0.0004884944639235631,0.0004884944639235631,0.0004884944639235631,0.0004884944639235631
253,T,5.6064021701845865e-06,5.6064021701845865e-06,5.6064021701845865e-06,5.6064021701845865e-06,5.6064021701845865e-06,5.6064021701845865e-06,5.6064021701845865e-06,5.6064021701845865e-06,5.6064021701845865e-06,5.6064021701845865e-06,5.6064021701845865e-06,5.6064021701845865e-06,2.9110623603458393e-05,2.9110623603458393e-05,2.9110623603458393e-05,2.9110623603458393e-05,2.9110623603458393e-05,2.9110623603458393e-05,2.9110623603458393e-05,2.9110623603458393e-05,2.9110623603458393e-05,2.9110623603458393e-05,2.9110623603458393e-05,2.9110623603458393e-05
254,A,0.03083367140239878,0.03083367140239878,0.03083367140239878,0.03083367140239878,0.03083367140239878,0.03083367140239878,0.03083367140239878,0.03083367140239878,0.03083367140239878,0.03083367140239878,0.03083367140239878,0.03083367140239878,0.024290468827926105,0.024290468827926105,0.024290468827926105,0.024290468827926105,0.024290468827926105,0.024290468827926105,0.024290468827926105,0.024290468827926105,0.024290468827926105,0.024290468827926105,0.024290468827926105,0.024290468827926105
255,T,2.7440688260503394e-05,2.7440688260503394e-05,2.7440688260503394e-05,2.7440688260503394e-05,2.7440688260503394e-05,2.7440688260503394e-05,2.7440688260503394e-05,2.7440688260503394e-05,2.7440688260503394e-05,2.7440688260503394e-05,2.7440688260503394e-05,2.7440688260503394e-05,0.0006711899931032482,0.0006711899931032482,0.0006711899931032482,0.0006711899931032482,0.0006711899931032482,0.0006711899931032482,0.0006711899931032482,0.0006711899931032482,0.0006711899931032482,0.0006711899931032482,0.0006711899931032482,0.0006711899931032482
256,G,0.000158703774549738,0.000158703774549738,0.000158703774549738,0.000158703774549738,0.000158703774549738,0.000158703774549738,0.000158703774549738,0.000158703774549738,0.000158703774549738,0.000158703774549738,0.000158703774549738,0.000158703774549738,0.011640986066499475,0.011640986066499475,0.011640986066499475,0.011640986066499475,0.011640986066499475,0.011640986066499475,0.011640986066499475,0.011640986066499475,0.011640986066499475,0.011640986066499475,0.011640986066499475,0.011640986066499475
257,C,0.017900322789221598,0.017900322789221598,0.017900322789221598,0.017900322789221598,0.017900322789221598,0.017900322789221598,0.017900322789221598,0.017900322789221598,0.017900322789221598,0.017900322789221598,0.017900322789221598,0.017900322789221598,0.005889840919149965,0.005889840919149965,0.005889840919149965,0.005889840919149965,0.005889840919149965,0.005889840919149965,0.005889840919149965,0.005889840919149965,0.005889840919149965,0.005889840919149965,0.005889840919149965,0.005889840919149965
258,C,0.03497274291700026,0.03497274291700026,0.03497274291700026,0.03497274291700026,0.03497274291700026,0.03497274291700026,0.03497274291700026,0.03497274291700026,0.03497274291700026,0.03497274291700026,0.03497274291700026,0.03497274291700026,0.08735885498059806,0.08735885498059806,0.08735885498059806,0.08735885498059806,0.08735885498059806,0.08735885498059806,0.08735885498059806,0.08735885498059806,0.08735885498059806,0.08735885498059806,0.08735885498059806,0.08735885498059806
259,A,0.04128810326894848,0.04128810326894848,0.04128810326894848,0.04128810326894848,0.04128810326894848,0.04128810326894848,0.04128810326894848,0.04128810326894848,0.04128810326894848,0.04128810326894848,0.04128810326894848,0.04128810326894848,0.03714396836646218,0.03714396836646218,0.03714396836646218,0.03714396836646218,0.03714396836646218,0.03714396836646218,0.03714396836646218,0.03714396836646218,0.03714396836646218,0.03714396836646218,0.03714396836646218,0.03714396836646218
260,A,0.0320753197971164,0.0320753197971164,0.0320753197971164,0.0320753197971164,0.0320753197971164,0.0320753197971164,0.0320753197971164,0.0320753197971164,0.0320753197971164,0.0320753197971164,0.0320753197971164,0.0320753197971164,0.06056471588140015,0.06056471588140015,0.06056471588140015,0.06056471588140015,0.06056471588140015,0.06056471588140015,0.06056471588140015,0.06056471588140015,0.06056471588140015,0.06056471588140015,0.06056471588140015,0.06056471588140015
261,A,0.05216130502461508,0.05216130502461508,0.05216130502461508,0.05216130502461508,0.05216130502461508,0.05216130502461508,0.05216130502461508,0.05216130502461508,0.05216130502461508,0.05216130502461508,0.05216130502461508,0.05216130502461508,0.10296727350852868,0.10296727350852868,0.10296727350852868,0.10296727350852868,0.10296727350852868,0.10296727350852868,0.10296727350852868,0.10296727350852868,0.10296727350852868,0.10296727350852868,0.10296727350852868,0.10296727350852868
262,G,0.004924239954084995,0.004924239954084995,0.004924239954084995,0.004924239954084995,0.004924239954084995,0.004924239954084995,0.004924239954084995,0.004924239954084995,0.004924239954084995,0.004924239954084995,0.004924239954084995,0.004924239954084995,0.0034328768782600143,0.0034328768782600143,0.0034328768782600143,0.0034328768782600143,0.0034328768782600143,0.0034328768782600143,0.0034328768782600143,0.0034328768782600143,0.0034328768782600143,0.0034328768782600143,0.0034328768782600143,0.0034328768782600143
263,T,3.17200207523182e-05,3.17200207523182e-05,3.17200207523182e-05,3.17200207523182e-05,3.17200207523182e-05,3.17200207523182e-05,3.17200207523182e-05,3.17200207523182e-05,3.17200207523182e-05,3.17200207523182e-05,3.17200207523182e-05,3.17200207523182e-05,3.897569433738688e-07,3.897569433738688e-07,3.897569433738688e-07,3.897569433738688e-07,3.897569433738688e-07,3.897569433738688e-07,3.897569433738688e-07,3.897569433738688e-07,3.897569433738688e-07,3.897569433738688e-07,3.897569433738688e-07,3.897569433738688e-07
264,A,0.018231719196963467,0.018231719196963467,0.018231719196963467,0.018231719196963467,0.018231719196963467,0.018231719196963467,0.018231719196963467,0.018231719196963467,0.018231719196963467,0.018231719196963467,0.018231719196963467,0.018231719196963467,0.0022076425259948142,0.0022076425259948142,0.0022076425259948142,0.0022076425259948142,0.0022076425259948142,0.0022076425259948142,0.0022076425259948142,0.0022076425259948142,0.0022076425259948142,0.0022076425259948142,0.0022076425259948142,0.0022076425259948142
265,G,0.006348500129410761,0.006348500129410761,0.006348500129410761,0.006348500129410761,0.006348500129410761,0.006348500129410761,0.006348500129410761,0.006348500129410761,0.006348500129410761,0.006348500129410761,0.006348500129410761,0.006348500129410761,0.00039671434038549436,0.00039671434038549436,0.00039671434038549436,0.00039671434038549436,0.00039671434038549436,0.00039671434038549436,0.00039671434038549436,0.00039671434038549436,0.00039671434038549436,0.00039671434038549436,0.00039671434038549436,0.00039671434038549436
266,T,1.0430337107265519e-05,1.0430337107265519e-05,1.0430337107265519e-05,1.0430337107265519e-05,1.0430337107265519e-05,1.0430337107265519e-05,1.0430337107265519e-05,1.0430337107265519e-05,1.0430337107265519e-05,1.0430337107265519e-05,1.0430337107265519e-05,1.0430337107265519e-05,7.767274461245017e-25,7.767274461245017e-25,7.767274461245017e-25,7.767274461245017e-25,7.767274461245017e-25,7.767274461245017e-25,7.767274461245017e-25,7.767274461245017e-25,7.767274461245017e-25,7.767274461245017e-25,7.767274461245017e-25,7.767274461245017e-25
267,A,0.05271880161191705,0.05271880161191705,0.05271880161191705,0.05271880161191705,0.05271880161191705,0.05271880161191705,0.05271880161191705,0.05271880161191705,0.05271880161191705,0.05271880161191705,0.05271880161191705,0.05271880161191705,0.01889369871138283,0.01889369871138283,0.01889369871138283,0.01889369871138283,0.01889369871138283,0.01889369871138283,0.01889369871138283,0.01889369871138283,0.01889369871138283,0.01889369871138283,0.01889369871138283,0.01889369871138283
268,C,0.018900378205862857,0.018900378205862857,0.018900378205862857,0.018900378205862857,0.018900378205862857,0.018900378205862857,0.018900378205862857,0.018900378205862857,0.018900378205862857,0.018900378205862857,0.018900378205862857,0.018900378205862857,0.021593799474461807,0.021593799474461807,0.021593799474461807,0.021593799474461807,0.021593799474461807,0.021593799474461807,0.021593799474461807,0.021593799474461807,0.021593799474461807,0.021593799474461807,0.021593799474461807,0.021593799474461807
269,C,0.01683506438911979,0.01683506438911979,0.01683506438911979,0.01683506438911979,0.01683506438911979,0.01683506438911979,0.01683506438911979,0.01683506438911979,0.01683506438911979,0.01683506438911979,0.01683506438911979,0.01683506438911979,0.037357435773272794,0.037357435773272794,0.037357435773272794,0.037357435773272794,0.037357435773272794,0.037357435773272794,0.037357435773272794,0.037357435773272794,0.037357435773272794,0.037357435773272794,0.037357435773272794,0.037357435773272794
270,G,0.0048991831400129054,0.0048991831400129054,0.0048991831400129054,0.0048991831400129054,0.0048991831400129054,0.0048991831400129054,0.0048991831400129054,0.0048991831400129054,0.0048991831400129054,0.0048991831400129054,0.0048991831400129054,0.0048991831400129054,7.556916418080459e-12,7.556916418080459e-12,7.556916418080459e-12,7.556916418080459e-12,7.556916418080459e-12,7.556916418080459e-12,7.556916418080459e-12,7.556916418080459e-12,7.556916418080459e-12,7.556916418080459e-12,7.556916418080459e-12,7.556916418080459e-12
271,G,0.0020555820111446492,0.0020555820111446492,0.0020555820111446492,0.0020555820111446492,0.0020555820111446492,0.0020555820111446492,0.0020555820111446492,0.0020555820111446492,0.0020555820111446492,0.0020555820111446492,0.0020555820111446492,0.0020555820111446492,1.3907361166959283e-05,1.3907361166959283e-05,1.3907361166959283e-05,1.3907361166959283e-05,1.3907361166959283e-05,1.3907361166959283e-05,1.3907361166959283e-05,1.3907361166959283e-05,1.3907361166959283e-05,1.3907361166959283e-05,1.3907361166959283e-05,1.3907361166959283e-05
272,A,0.0839317623495394,0.0839317623495394,0.0839317623495394,0.0839317623495394,0.0839317623495394,0.0839317623495394,0.0839317623495394,0.0839317623495394,0.0839317623495394,0.0839317623495394,0.0839317623495394,0.0839317623495394,0.006854530220118341,0.006854530220118341,0.006854530220118341,0.006854530220118341,0.006854530220118341,0.006854530220118341,0.006854530220118341,0.006854530220118341,0.006854530220118341,0.006854530220118341,0.006854530220118341,0.006854530220118341
273,T,0.0005093141650025168,0.0005093141650025168,0.0005093141650025168,0.0005093141650025168,0.0005093141650025168,0.0005093141650025168,0.0005093141650025168,0.0005093141650025168,0.0005093141650025168,0.0005093141650025168,0.0005093141650025168,0.0005093141650025168,3.439445056537736e-05,3.439445056537736e-05,3.439445056537736e-05,3.439445056537736e-05,3.439445056537736e-05,3.439445056537736e-05,3.439445056537736e-05,3.439445056537736e-05,3.439445056537736e-05,3.439445056537736e-05,3.439445056537736e-05,3.439445056537736e-05
274,G,3.515813526788064e-05,3.515813526788064e-05,3.515813526788064e-05,3.515813526788064e-05,3.515813526788064e-05,3.515813526788064e-05,3.515813526788064e-05,3.515813526788064e-05,3.515813526788064e-05,3.515813526788064e-05,3.515813526788064e-05,3.515813526788064e-05,3.728458087248583e-05,3.728458087248583e-05,3.728458087248583e-05,3.728458087248583e-05,3.728458087248583e-05,3.728458087248583e-05,3.728458087248583e-05,3.728458087248583e-05,3.728458087248583e-05,3.728458087248583e-05,3.728458087248583e-05,3.728458087248583e-05
275,C,0.010622801336794057,0.010622801336794057,0.010622801336794057,0.010622801336794057,0.010622801336794057,0.010622801336794057,0.010622801336794057,0.010622801336794057,0.010622801336794057,0.010622801336794057,0.010622801336794057,0.010622801336794057,0.009103421831651934,0.009103421831651934,0.009103421831651934,0.009103421831651934,0.009103421831651934,0.009103421831651934,0.009103421831651934,0.009103421831651934,0.009103421831651934,0.009103421831651934,0.009103421831651934,0.009103421831651934
276,G,0.0020400100905118433,0.0020400100905118433,0.0020400100905118433,0.0020400100905118433,0.0020400100905118433,0.0020400100905118433,0.0020400100905118433,0.0020400100905118433,0.0020400100905118433,0.0020400100905118433,0.0020400100905118433,0.0020400100905118433,0.0006642629648677084,0.0006642629648677084,0.0006642629648677084,0.0006642629648677084,0.0006642629648677084,0.0006642629648677084,0.0006642629648677084,0.0006642629648677084,0.0006642629648677084,0.0006642629648677084,0.0006642629648677084,0.0006642629648677084
277,C,0.062454337361411864,0.062454337361411864,0.062454337361411864,0.062454337361411864,0.062454337361411864,0.062454337361411864,0.062454337361411864,0.062454337361411864,0.062454337361411864,0.062454337361411864,0.062454337361411864,0.062454337361411864,0.02881279603340568,0.02881279603340568,0.02881279603340568,0.02881279603340568,0.02881279603340568,0.02881279603340568,0.02881279603340568,0.02881279603340568,0.02881279603340568,0.02881279603340568,0.02881279603340568,0.02881279603340568
278,C,0.059332895829171305,0.059332895829171305,0.059332895829171305,0.059332895829171305,0.059332895829171305,0.059332895829171305,0.059332895829171305,0.059332895829171305,0.059332895829171305,0.059332895829171305,0.059332895829171305,0.059332895829171305,0.10028041322390864,0.10028041322390864,0.10028041322390864,0.10028041322390864,0.10028041322390864,0.10028041322390864,0.10028041322390864,0.10028041322390864,0.10028041322390864,0.10028041322390864,0.10028041322390864,0.10028041322390864
279,C,0.02581940974730983,0.02581940974730983,0.02581940974730983,0.02581940974730983,0.02581940974730983,0.02581940974730983,0.02581940974730983,0.02581940974730983,0.02581940974730983,0.02581940974730983,0.02581940974730983,0.02581940974730983,0.013074053910215126,0.013074053910215126,0.013074053910215126,0.013074053910215126,0.013074053910215126,0.013074053910215126,0.013074053910215126,0.013074053910215126,0.013074053910215126,0.013074053910215126,0.013074053910215126,0.013074053910215126
280,A,0.04772517989157816,0.04772517989157816,0.04772517989157816,0.04772517989157816,0.04772517989157816,0.04772517989157816,0.04772517989157816,0.04772517989157816,0.04772517989157816,0.04772517989157816,0.04772517989157816,0.04772517989157816,0.02899444848314566,0.02899444848314566,0.02899444848314566,0.02899444848314566,0.02899444848314566,0.02899444848314566,0.02899444848314566,0.02899444848314566,0.02899444848314566,0.02899444848314566,0.02899444848314566,0.02899444848314566
281,T,4.321125172249385e-05,4.321125172249385e-05,4.321125172249385e-05,4.321125172249385e-05,4.321125172249385e-05,4.321125172249385e-05,4.321125172249385e-05,4.321125172249385e-05,4.321125172249385e-05,4.321125172249385e-05,4.321125172249385e-05,4.321125172249385e-05,0.000978572345587051,0.000978572345587051,0.000978572345587051,0.000978572345587051,0.000978572345587051,0.000978572345587051,0.000978572345587051,0.000978572345587051,0.000978572345587051,0.000978572345587051,0.000978572345587051,0.000978572345587051
282,G,0.0033368974018993425,0.0033368974018993425,0.0033368974018993425,0.0033368974018993425,0.0033368974018993425,0.0033368974018993425,0.0033368974018993425,0.0033368974018993425,0.0033368974018993425,0.0033368974018993425,0.0033368974018993425,0.0033368974018993425,0.0033738911230332324,0.0033738911230332324,0.0033738911230332324,0.0033738911230332324,0.0033738911230332324,0.0033738911230332324,0.0033738911230332324,0.0033738911230332324,0.0033738911230332324,0.0033738911230332324,0.0033738911230332324,0.0033738911230332324
283,T,6.842871755017652e-08,6.842871755017652e-08,6.842871755017652e-08,6.842871755017652e-08,6.842871755017652e-08,6.842871755017652e-08,6.842871755017652e-08,6.842871755017652e-08,6.842871755017652e-08,6.842871755017652e-08,6.842871755017652e-08,6.842871755017652e-08,1.256292656139304e-09,1.256292656139304e-09,1.256292656139304e-09,1.256292656139304e-09,1.256292656139304e-09,1.256292656139304e-09,1.256292656139304e-09,1.256292656139304e-09,1.256292656139304e-09,1.256292656139304e-09,1.256292656139304e-09,1.256292656139304e-09
284,A,0.021826985789082126,0.021826985789082126,0.021826985789082126,0.021826985789082126,0.021826985789082126,0.021826985789082126,0.021826985789082126,0.021826985789082126,0.021826985789082126,0.021826985789082126,0.021826985789082126,0.021826985789082126,0.02298777488533962,0.02298777488533962,0.02298777488533962,0.02298777488533962,0.02298777488533962,0.02298777488533962,0.02298777488533962,0.02298777488533962,0.02298777488533962,0.02298777488533962,0.02298777488533962,0.02298777488533962
285,C,0.019668917687424903,0.019668917687424903,0.019668917687424903,0.019668917687424903,0.019668917687424903,0.019668917687424903,0.019668917687424903,0.019668917687424903,0.019668917687424903,0.019668917687424903,0.019668917687424903,0.019668917687424903,0.02000461134633031,0.02000461134633031,0.02000461134633031,0.02000461134633031,0.02000461134633031,0.02000461134633031,0.02000461134633031,0.02000461134633031,0.02000461134633031,0.02000461134633031,0.02000461134633031,0.02000461134633031
286,C,0.021214217602310254,0.021214217602310254,0.021214217602310254,0.021214217602310254,0.021214217602310254,0.021214217602310254,0.021214217602310254,0.021214217602310254,0.021214217602310254,0.021214217602310254,0.021214217602310254,0.021214217602310254,0.038726416948892936,0.038726416948892936,0.038726416948892936,0.038726416948892936,0.038726416948892936,0.038726416948892936,0.038726416948892936,0.038726416948892936,0.038726416948892936,0.038726416948892936,0.038726416948892936,0.038726416948892936
287,A,0.06589141645097904,0.06589141645097904,0.06589141645097904,0.06589141645097904,0.06589141645097904,0.06589141645097904,0.06589141645097904,0.06589141645097904,0.06589141645097904,0.06589141645097904,0.06589141645097904,0.06589141645097904,0.0385549993933541,0.0385549993933541,0.0385549993933541,0.0385549993933541,0.0385549993933541,0.0385549993933541,0.0385549993933541,0.0385549993933541,0.0385549993933541,0.0385549993933541,0.0385549993933541,0.0385549993933541
288,C,0.034364482255498,0.034364482255498,0.034364482255498,0.034364482255498,0.034364482255498,0.034364482255498,0.034364482255498,0.034364482255498,0.034364482255498,0.034364482255498,0.034364482255498,0.034364482255498,0.05389249111694453,0.05389249111694453,0.05389249111694453,0.05389249111694453,0.05389249111694453,0.05389249111694453,0.05389249111694453,0.05389249111694453,0.05389249111694453,0.05389249111694453,0.05389249111694453,0.05389249111694453
289,C,0.01483190591521891,0.01483190591521891,0.01483190591521891,0.01483190591521891,0.01483190591521891,0.01483190591521891,0.01483190591521891,0.01483190591521891,0.01483190591521891,0.01483190591521891,0.01483190591521891,0.01483190591521891,0.022114502432744983,0.022114502432744983,0.022114502432744983,0.022114502432744983,0.022114502432744983,0.022114502432744983,0.022114502432744983,0.022114502432744983,0.022114502432744983,0.022114502432744983,0.022114502432744983,0.022114502432744983
290,C,0.005056827135157282,0.005056827135157282,0.005056827135157282,0.005056827135157282,0.005056827135157282,0.005056827135157282,0.005056827135157282,0.005056827135157282,0.005056827135157282,0.005056827135157282,0.005056827135157282,0.005056827135157282,0.06954070099814132,0.06954070099814132,0.06954070099814132,0.06954070099814132,0.06954070099814132,0.06954070099814132,0.06954070099814132,0.06954070099814132,0.06954070099814132,0.06954070099814132,0.06954070099814132,0.06954070099814132
291,C,0.04223051953574171,0.04223051953574171,0.04223051953574171,0.04223051953574171,0.04223051953574171,0.04223051953574171,0.04223051953574171,0.04223051953574171,0.04223051953574171,0.04223051953574171,0.04223051953574171,0.04223051953574171,0.005601847705294638,0.005601847705294638,0.005601847705294638,0.005601847705294638,0.005601847705294638,0.005601847705294638,0.005601847705294638,0.005601847705294638,0.005601847705294638,0.005601847705294638,0.005601847705294638,0.005601847705294638
292,G,1.8184554712168246e-05,1.8184554712168246e-05,1.8184554712168246e-05,1.8184554712168246e-05,1.8184554712168246e-05,1.8184554712168246e-05,1.8184554712168246e-05,1.8184554712168246e-05,1.8184554712168246e-05,1.8184554712168246e-05,1.8184554712168246e-05,1.8184554712168246e-05,0.003214030307362926,0.003214030307362926,0.003214030307362926,0.003214030307362926,0.003214030307362926,0.003214030307362926,0.003214030307362926,0.003214030307362926,0.003214030307362926,0.003214030307362926,0.003214030307362926,0.003214030307362926
293,C,0.004234709761611926,0.004234709761611926,0.004234709761611926,0.004234709761611926,0.004234709761611926,0.004234709761611926,0.004234709761611926,0.004234709761611926,0.004234709761611926,0.004234709761611926,0.004234709761611926,0.004234709761611926,0.009958874785153362,0.009958874785153362,0.009958874785153362,0.009958874785153362,0.009958874785153362,0.009958874785153362,0.009958874785153362,0.009958874785153362,0.009958874785153362,0.009958874785153362,0.009958874785153362,0.009958874785153362
294,G,3.670722367082871e-05,3.670722367082871e-05,3.670722367082871e-05,3.670722367082871e-05,3.670722367082871e-05,3.670722367082871e-05,3.670722367082871e-05,3.670722367082871e-05,3.670722367082871e-05,3.670722367082871e-05,3.670722367082871e-05,3.670722367082871e-05,8.453135742736019e-05,8.453135742736019e-05,8.453135742736019e-05,8.453135742736019e-05,8.453135742736019e-05,8.453135742736019e-05,8.453135742736019e-05,8.453135742736019e-05,8.453135742736019e-05,8.453135742736019e-05,8.453135742736019e-05,8.453135742736019e-05
295,A,0.005441001460358398,0.005441001460358398,0.005441001460358398,0.005441001460358398,0.005441001460358398,0.005441001460358398,0.005441001460358398,0.005441001460358398,0.005441001460358398,0.005441001460358398,0.005441001460358398,0.005441001460358398,0.010688772395483446,0.010688772395483446,0.010688772395483446,0.010688772395483446,0.010688772395483446,0.010688772395483446,0.010688772395483446,0.010688772395483446,0.010688772395483446,0.010688772395483446,0.010688772395483446,0.010688772395483446
296,G,0.0027463359632742433,0.0027463359632742433,0.0027463359632742433,0.0027463359632742433,0.0027463359632742433,0.0027463359632742433,0.0027463359632742433,0.0027463359632742433,0.0027463359632742433,0.0027463359632742433,0.0027463359632742433,0.0027463359632742433,0.00102880481827293,0.00102880481827293,0.00102880481827293,0.00102880481827293,0.00102880481827293,0.00102880481827293,0.00102880481827293,0.00102880481827293,0.00102880481827293,0.00102880481827293,0.00102880481827293,0.00102880481827293
297,C,0.039352606412328385,0.039352606412328385,0.039352606412328385,0.039352606412328385,0.039352606412328385,0.039352606412328385,0.039352606412328385,0.039352606412328385,0.039352606412328385,0.039352606412328385,0.039352606412328385,0.039352606412328385,0.02641197285569622,0.02641197285569622,0.02641197285569622,0.02641197285569622,0.02641197285569622,0.02641197285569622,0.02641197285569622,0.02641197285569622,0.02641197285569622,0.02641197285569622,0.02641197285569622,0.02641197285569622
298,C,0.04261063534544111,0.04261063534544111,0.04261063534544111,0.04261063534544111,0.04261063534544111,0.04261063534544111,0.04261063534544111,0.04261063534544111,0.04261063534544111,0.04261063534544111,0.04261063534544111,0.04261063534544111,0.007397431777697634,0.007397431777697634,0.007397431777697634,0.007397431777697634,0.007397431777697634,0.007397431777697634,0.007397431777697634,0.007397431777697634,0.007397431777697634,0.007397431777697634,0.007397431777697634,0.007397431777697634
299,G,2.349008775788767e-09,2.349008775788767e-09,2.349008775788767e-09,2.349008775788767e-09,2.349008775788767e-09,2.349008775788767e-09,2.349008775788767e-09,2.349008775788767e-09,2.349008775788767e-09,2.349008775788767e-09,2.349008775788767e-09,2.349008775788767e-09,0.000584783539015935,0.000584783539015935,0.000584783539015935,0.000584783539015935,0.000584783539015935,0.000584783539015935,0.000584783539015935,0.000584783539015935,0.000584783539015935,0.000584783539015935,0.000584783539015935,0.000584783539015935
300,G,0.00027692107010507557,0.00027692107010507557,0.00027692107010507557,0.00027692107010507557,0.00027692107010507557,0.00027692107010507557,0.00027692107010507557,0.00027692107010507557,0.00027692107010507557,0.00027692107010507557,0.00027692107010507557,0.00027692107010507557,4.934375117289717e-07,4.934375117289717e-07,4.934375117289717e-07,4.934375117289717e-07,4.934375117289717e-07,4.934375117289717e-07,4.934375117289717e-07,4.934375117289717e-07,4.934375117289717e-07,4.934375117289717e-07,4.934375117289717e-07,4.934375117289717e-07
301,T,5.5198433154182135e-05,5.5198433154182135e-05,5.5198433154182135e-05,5.5198433154182135e-05,5.5198433154182135e-05,5.5198433154182135e-05,5.5198433154182135e-05,5.5198433154182135e-05,5.5198433154182135e-05,5.5198433154182135e-05,5.5198433154182135e-05,5.5198433154182135e-05,0.00023523856836195272,0.00023523856836195272,0.00023523856836195272,0.00023523856836195272,0.00023523856836195272,0.00023523856836195272,0.00023523856836195272,0.00023523856836195272,0.00023523856836195272,0.00023523856836195272,0.00023523856836195272,0.00023523856836195272
302,T,0.012025336161326292,0.012025336161326292,0.012025336161326292,0.012025336161326292,0.012025336161326292,0.012025336161326292,0.012025336161326292,0.012025336161326292,0.012025336161326292,0.012025336161326292,0.012025336161326292,0.012025336161326292,0.0002133580708995835,0.0002133580708995835,0.0002133580708995835,0.0002133580708995835,0.0002133580708995835,0.0002133580708995835,0.0002133580708995835,0.0002133580708995835,0.0002133580708995835,0.0002133580708995835,0.0002133580708995835,0.0002133580708995835
303,G,0.005041210609885211,0.005041210609885211,0.005041210609885211,0.005041210609885211,0.005041210609885211,0.005041210609885211,0.005041210609885211,0.005041210609885211,0.005041210609885211,0.005041210609885211,0.005041210609885211,0.005041210609885211,4.882622619803808e-05,4.882622619803808e-05,4.882622619803808e-05,4.882622619803808e-05,4.882622619803808e-05,4.882622619803808e-05,4.882622619803808e-05,4.882622619803808e-05,4.882622619803808e-05,4.882622619803808e-05,4.882622619803808e-05,4.882622619803808e-05
304,C,0.0015369375040413266,0.0015369375040413266,0.0015369375040413266,0.0015369375040413266,0.0015369375040413266,0.0015369375040413266,0.0015369375040413266,0.0015369375040413266,0.0015369375040413266,0.0015369375040413266,0.0015369375040413266,0.0015369375040413266,0.0038084786495235683,0.0038084786495235683,0.0038084786495235683,0.0038084786495235683,0.0038084786495235683,0.0038084786495235683,0.0038084786495235683,0.0038084786495235683,0.0038084786495235683,0.0038084786495235683,0.0038084786495235683,0.0038084786495235683
305,T,5.314448105156671e-07,5.314448105156671e-07,5.314448105156671e-07,5.314448105156671e-07,5.314448105156671e-07,5.314448105156671e-07,5.314448105156671e-07,5.314448105156671e-07,5.314448105156671e-07,5.314448105156671e-07,5.314448105156671e-07,5.314448105156671e-07,7.269645162381046e-07,7.269645162381046e-07,7.269645162381046e-07,7.269645162381046e-07,7.269645162381046e-07,7.269645162381046e-07,7.269645162381046e-07,7.269645162381046e-07,7.269645162381046e-07,7.269645162381046e-07,7.269645162381046e-07,7.269645162381046e-07
306,G,9.348082075434633e-10,9.348082075434633e-10,9.348082075434633e-10,9.348082075434633e-10,9.348082075434633e-10,9.348082075434633e-10,9.348082075434633e-10,9.348082075434633e-10,9.348082075434633e-10,9.348082075434633e-10,9.348082075434633e-10,9.348082075434633e-10,2.6517416337223214e-06,2.6517416337223214e-06,2.6517416337223214e-06,2.6517416337223214e-06,2.6517416337223214e-06,2.6517416337223214e-06,2.6517416337223214e-06,2.6517416337223214e-06,2.6517416337223214e-06,2.6517416337223214e-06,2.6517416337223214e-06,2.6517416337223214e-06
307,G,0.00026747342585962887,0.00026747342585962887,0.00026747342585962887,0.00026747342585962887,0.00026747342585962887,0.00026747342585962887,0.00026747342585962887,0.00026747342585962887,0.00026747342585962887,0.00026747342585962887,0.00026747342585962887,0.00026747342585962887,0.0066589707831733735,0.0066589707831733735,0.0066589707831733735,0.0066589707831733735,0.0066589707831733735,0.0066589707831733735,0.0066589707831733735,0.0066589707831733735,0.0066589707831733735,0.0066589707831733735,0.0066589707831733735,0.0066589707831733735
308,A,0.030449728484856352,0.030449728484856352,0.030449728484856352,0.030449728484856352,0.030449728484856352,0.030449728484856352,0.030449728484856352,0.030449728484856352,0.030449728484856352,0.030449728484856352,0.030449728484856352,0.030449728484856352,0.01180245730946265,0.01180245730946265,0.01180245730946265,0.01180245730946265,0.01180245730946265,0.01180245730946265,0.01180245730946265,0.01180245730946265,0.01180245730946265,0.01180245730946265,0.01180245730946265,0.01180245730946265
309,G,0.00019958957010478282,0.00019958957010478282,0.00019958957010478282,0.00019958957010478282,0.00019958957010478282,0.00019958957010478282,0.00019958957010478282,0.00019958957010478282,0.00019958957010478282,0.00019958957010478282,0.00019958957010478282,0.00019958957010478282,1.004004574330269e-06,1.004004574330269e-06,1.004004574330269e-06,1.004004574330269e-06,1.004004574330269e-06,1.004004574330269e-06,1.004004574330269e-06,1.004004574330269e-06,1.004004574330269e-06,1.004004574330269e-06,1.004004574330269e-06,1.004004574330269e-06
310,C,0.010938793350411279,0.010938793350411279,0.010938793350411279,0.010938793350411279,0.010938793350411279,0.010938793350411279,0.010938793350411279,0.010938793350411279,0.010938793350411279,0.010938793350411279,0.010938793350411279,0.010938793350411279,0.023861671431850803,0.023861671431850803,0.023861671431850803,0.023861671431850803,0.023861671431850803,0.023861671431850803,0.023861671431850803,0.023861671431850803,0.023861671431850803,0.023861671431850803,0.023861671431850803,0.023861671431850803
311,T,1.2596510251109185e-15,1.2596510251109185e-15,1.2596510251109185e-15,1.2596510251109185e-15,1.2596510251109185e-15,1.2596510251109185e-15,1.2596510251109185e-15,1.2596510251109185e-15,1.2596510251109185e-15,1.2596510251109185e-15,1.2596510251109185e-15,1.2596510251109185e-15,3.926716417124833e-08,3.926716417124833e-08,3.926716417124833e-08,3.926716417124833e-08,3.926716417124833e-08,3.926716417124833e-08,3.926716417124833e-08,3.926716417124833e-08,3.926716417124833e-08,3.926716417124833e-08,3.926716417124833e-08,3.926716417124833e-08
312,T,3.461184326712439e-16,3.461184326712439e-16,3.461184326712439e-16,3.461184326712439e-16,3.461184326712439e-16,3.461184326712439e-16,3.461184326712439e-16,3.461184326712439e-16,3.461184326712439e-16,3.461184326712439e-16,3.461184326712439e-16,3.461184326712439e-16,4.396690187003718e-12,4.396690187003718e-12,4.396690187003718e-12,4.396690187003718e-12,4.396690187003718e-12,4.396690187003718e-12,4.396690187003718e-12,4.396690187003718e-12,4.396690187003718e-12,4.396690187003718e-12,4.396690187003718e-12,4.396690187003718e-12
313,C,0.0256392346675801,0.0256392346675801,0.0256392346675801,0.0256392346675801,0.0256392346675801,0.0256392346675801,0.0256392346675801,0.0256392346675801,0.0256392346675801,0.0256392346675801,0.0256392346675801,0.0256392346675801,0.0256392346675801,0.0256392346675801,0.0256392346675801,0.0256392346675801,0.0256392346675801,0.0256392346675801,0.0256392346675801,0.0256392346675801,0.0256392346675801,0.0256392346675801,0.0256392346675801,0.0256392346675801
314,T,2.706890053150968e-11,2.706890053150968e-11,2.706890053150968e-11,2.706890053150968e-11,2.706890053150968e-11,2.706890053150968e-11,2.706890053150968e-11,2.706890053150968e-11,2.706890053150968e-11,2.706890053150968e-11,2.706890053150968e-11,2.706890053150968e-11,2.706890053150968e-11,2.706890053150968e-11,2.706890053150968e-11,2.706890053150968e-11,2.706890053150968e-11,2.706890053150968e-11,2.706890053150968e-11,2.706890053150968e-11,2.706890053150968e-11,2.706890053150968e-11,2.706890053150968e-11,2.706890053150968e-11
315,T,3.105425895474097e-12,3.105425895474097e-12,3.105425895474097e-12,3.105425895474097e-12,3.105425895474097e-12,3.105425895474097e-12,3.105425895474097e-12,3.105425895474097e-12,3.105425895474097e-12,3.105425895474097e-12,3.105425895474097e-12,3.105425895474097e-12,3.105425895474097e-12,3.105425895474097e-12,3.105425895474097e-12,3.105425895474097e-12,3.105425895474097e-12,3.105425895474097e-12,3.105425895474097e-12,3.105425895474097e-12,3.105425895474097e-12,3.105425895474097e-12,3.105425895474097e-12,3.105425895474097e-12
316,G,0.0016797716508988056,0.0016797716508988056,0.0016797716508988056,0.0016797716508988056,0.0016797716508988056,0.0016797716508988056,0.0016797716508988056,0.0016797716508988056,0.0016797716508988056,0.0016797716508988056,0.0016797716508988056,0.0016797716508988056,0.0016797716508988056,0.0016797716508988056,0.0016797716508988056,0.0016797716508988056,0.0016797716508988056,0.0016797716508988056,0.0016797716508988056,0.0016797716508988056,0.0016797716508988056,0.0016797716508988056,0.0016797716508988056,0.0016797716508988056
317,A,0.016326362656604965,0.016326362656604965,0.016326362656604965,0.016326362656604965,0.016326362656604965,0.016326362656604965,0.016326362656604965,0.016326362656604965,0.016326362656604965,0.016326362656604965,0.016326362656604965,0.016326362656604965,0.016326362656604965,0.016326362656604965,0.016326362656604965,0.016326362656604965,0.016326362656604965,0.016326362656604965,0.016326362656604965,0.016326362656604965,0.016326362656604965,0.016326362656604965,0.016326362656604965,0.016326362656604965
318,T,2.118850711560309e-05,2.118850711560309e-05,2.118850711560309e-05,2.118850711560309e-05,2.118850711560309e-05,2.118850711560309e-05,2.118850711560309e-05,2.118850711560309e-05,2.118850711560309e-05,2.118850711560309e-05,2.118850711560309e-05,2.118850711560309e-05,2.118850711560309e-05,2.118850711560309e-05,2.118850711560309e-05,2.118850711560309e-05,2.118850711560309e-05,2.118850711560309e-05,2.118850711560309e-05,2.118850711560309e-05,2.118850711560309e-05,2.118850711560309e-05,2.118850711560309e-05,2.118850711560309e-05
319,T,1.0444725746282703e-05,1.0444725746282703e-05,1.0444725746282703e-05,1.0444725746282703e-05,1.0444725746282703e-05,1.0444725746282703e-05,1.0444725746282703e-05,1.0444725746282703e-05,1.0444725746282703e-05,1.0444725746282703e-05,1.0444725746282703e-05,1.0444725746282703e-05,1.0444725746282703e-05,1.0444725746282703e-05,1.0444725746282703e-05,1.0444725746282703e-05,1.0444725746282703e-05,1.0444725746282703e-05,1.0444725746282703e-05,1.0444725746282703e-05,1.0444725746282703e-05,1.0444725746282703e-05,1.0444725746282703e-05,1.0444725746282703e-05
320,A,0.010477161332335786,0.010477161332335786,0.010477161332335786,0.010477161332335786,0.010477161332335786,0.010477161332335786,0.010477161332335786,0.010477161332335786,0.010477161332335786,0.010477161332335786,0.010477161332335786,0.010477161332335786,0.010477161332335786,0.010477161332335786,0.010477161332335786,0.010477161332335786,0.010477161332335786,0.010477161332335786,0.010477161332335786,0.010477161332335786,0.010477161332335786,0.010477161332335786,0.010477161332335786,0.010477161332335786
321,C,0.010438800735024232,0.010438800735024232,0.010438800735024232,0.010438800735024232,0.010438800735024232,0.010438800735024232,0.010438800735024232,0.010438800735024232,0.010438800735024232,0.010438800735024232,0.010438800735024232,0.010438800735024232,0.010438800735024232,0.010438800735024232,0.010438800735024232,0.010438800735024232,0.010438800735024232,0.010438800735024232,0.010438800735024232,0.010438800735024232,0.010438800735024232,0.010438800735024232,0.010438800735024232,0.010438800735024232
322,T,4.4704301674806693e-07,4.4704301674806693e-07,4.4704301674806693e-07,4.4704301674806693e-07,4.4704301674806693e-07,4.4704301674806693e-07,4.4704301674806693e-07,4.4704301674806693e-07,4.4704301674806693e-07,4.4704301674806693e-07,4.4704301674806693e-07,4.4704301674806693e-07,4.4704301674806693e-07,4.4704301674806693e-07,4.4704301674806693e-07,4.4704301674806693e-07,4.4704301674806693e-07,4.4704301674806693e-07,4.4704301674806693e-07,4.4704301674806693e-07,4.4704301674806693e-07,4.4704301674806693e-07,4.4704301674806693e-07,4.4704301674806693e-07
323,T,2.9047791109963183e-08,2.9047791109963183e-08,2.9047791109963183e-08,2.9047791109963183e-08,2.9047791109963183e-08,2.9047791109963183e-08,2.9047791109963183e-08,2.9047791109963183e-08,2.9047791109963183e-08,2.9047791109963183e-08,2.9047791109963183e-08,2.9047791109963183e-08,2.9047791109963183e-08,2.9047791109963183e-08,2.9047791109963183e-08,2.9047791109963183e-08,2.9047791109963183e-08,2.9047791109963183e-08,2.9047791109963183e-08,2.9047791109963183e-08,2.9047791109963183e-08,2.9047791109963183e-08,2.9047791109963183e-08,2.9047791109963183e-08
324,A,0.07595028875721728,0.07595028875721728,0.07595028875721728,0.07595028875721728,0.07595028875721728,0.07595028875721728,0.07595028875721728,0.07595028875721728,0.07595028875721728,0.07595028875721728,0.07595028875721728,0.07595028875721728,0.07595028875721728,0.07595028875721728,0.07595028875721728,0.07595028875721728,0.07595028875721728,0.07595028875721728,0.07595028875721728,0.07595028875721728,0.07595028875721728,0.07595028875721728,0.07595028875721728,0.07595028875721728
325,A,0.02956794514158666,0.02956794514158666,0.02956794514158666,0.02956794514158666,0.02956794514158666,0.02956794514158666,0.02956794514158666,0.02956794514158666,0.02956794514158666,0.02956794514158666,0.02956794514158666,0.02956794514158666,0.02956794514158666,0.02956794514158666,0.02956794514158666,0.02956794514158666,0.02956794514158666,0.02956794514158666,0.02956794514158666,0.02956794514158666,0.02956794514158666,0.02956794514158666,0.02956794514158666,0.02956794514158666
326,C,0.03365277111358789,0.03365277111358789,0.03365277111358789,0.03365277111358789,0.03365277111358789,0.03365277111358789,0.03365277111358789,0.03365277111358789,0.03365277111358789,0.03365277111358789,0.03365277111358789,0.03365277111358789,0.03365277111358789,0.03365277111358789,0.03365277111358789,0.03365277111358789,0.03365277111358789,0.03365277111358789,0.03365277111358789,0.03365277111358789,0.03365277111358789,0.03365277111358789,0.03365277111358789,0.03365277111358789
327,T,3.0785579134227905e-08,3.0785579134227905e-08,3.0785579134227905e-08,3.0785579134227905e-08,3.0785579134227905e-08,3.0785579134227905e-08,3.0785579134227905e-08,3.0785579134227905e-08,3.0785579134227905e-08,3.0785579134227905e-08,3.0785579134227905e-08,3.0785579134227905e-08,3.0785579134227905e-08,3.0785579134227905e-08,3.0785579134227905e-08,3.0785579134227905e-08,3.0785579134227905e-08,3.0785579134227905e-08,3.0785579134227905e-08,3.0785579134227905e-08,3.0785579134227905e-08,3.0785579134227905e-08,3.0785579134227905e-08,3.0785579134227905e-08
328,C,0.0952689378190594,0.0952689378190594,0.0952689378190594,0.0952689378190594,0.0952689378190594,0.0952689378190594,0.0952689378190594,0.0952689378190594,0.0952689378190594,0.0952689378190594,0.0952689378190594,0.0952689378190594,0.0952689378190594,0.0952689378190594,0.0952689378190594,0.0952689378190594,0.0952689378190594,0.0952689378190594,0.0952689378190594,0.0952689378190594,0.0952689378190594,0.0952689378190594,0.0952689378190594,0.0952689378190594
329,A,0.0020463119837511347,0.0020463119837511347,0.0020463119837511347,0.0020463119837511347,0.0020463119837511347,0.0020463119837511347,0.0020463119837511347,0.0020463119837511347,0.0020463119837511347,0.0020463119837511347,0.0020463119837511347,0.0020463119837511347,0.0020463119837511347,0.0020463119837511347,0.0020463119837511347,0.0020463119837511347,0.0020463119837511347,0.0020463119837511347,0.0020463119837511347,0.0020463119837511347,0.0020463119837511347,0.0020463119837511347,0.0020463119837511347,0.0020463119837511347
330,A,0.024061761753434607,0.024061761753434607,0.024061761753434607,0.024061761753434607,0.024061761753434607,0.024061761753434607,0.024061761753434607,0.024061761753434607,0.024061761753434607,0.024061761753434607,0.024061761753434607,0.024061761753434607,0.024061761753434607,0.024061761753434607,0.024061761753434607,0.024061761753434607,0.024061761753434607,0.024061761753434607,0.024061761753434607,0.024061761753434607,0.024061761753434607,0.024061761753434607,0.024061761753434607,0.024061761753434607
331,G,0.0010247940003352699,0.0010247940003352699,0.0010247940003352699,0.0010247940003352699,0.0010247940003352699,0.0010247940003352699,0.0010247940003352699,0.0010247940003352699,0.0010247940003352699,0.0010247940003352699,0.0010247940003352699,0.0010247940003352699,0.0010247940003352699,0.0010247940003352699,0.0010247940003352699,0.0010247940003352699,0.0010247940003352699,0.0010247940003352699,0.0010247940003352699,0.0010247940003352699,0.0010247940003352699,0.0010247940003352699,0.0010247940003352699,0.0010247940003352699
332,T,6.877152615532925e-05,6.877152615532925e-05,6.877152615532925e-05,6.877152615532925e-05,6.877152615532925e-05,6.877152615532925e-05,6.877152615532925e-05,6.877152615532925e-05,6.877152615532925e-05,6.877152615532925e-05,6.877152615532925e-05,6.877152615532925e-05,6.877152615532925e-05,6.877152615532925e-05,6.877152615532925e-05,6.877152615532925e-05,6.877152615532925e-05,6.877152615532925e-05,6.877152615532925e-05,6.877152615532925e-05,6.877152615532925e-05,6.877152615532925e-05,6.877152615532925e-05,6.877152615532925e-05
333,G,6.181945162860657e-05,6.181945162860657e-05,6.181945162860657e-05,6.181945162860657e-05,6.181945162860657e-05,6.181945162860657e-05,6.181945162860657e-05,6.181945162860657e-05,6.181945162860657e-05,6.181945162860657e-05,6.181945162860657e-05,6.181945162860657e-05,6.181945162860657e-05,6.181945162860657e-05,6.181945162860657e-05,6.181945162860657e-05,6.181945162860657e-05,6.181945162860657e-05,6.181945162860657e-05,6.181945162860657e-05,6.181945162860657e-05,6.181945162860657e-05,6.181945162860657e-05,6.181945162860657e-05
334,T,1.0114411221271392e-05,1.0114411221271392e-05,1.0114411221271392e-05,1.0114411221271392e-05,1.0114411221271392e-05,1.0114411221271392e-05,1.0114411221271392e-05,1.0114411221271392e-05,1.0114411221271392e-05,1.0114411221271392e-05,1.0114411221271392e-05,1.0114411221271392e-05,1.0114411221271392e-05,1.0114411221271392e-05,1.0114411221271392e-05,1.0114411221271392e-05,1.0114411221271392e-05,1.0114411221271392e-05,1.0114411221271392e-05,1.0114411221271392e-05,1.0114411221271392e-05,1.0114411221271392e-05,1.0114411221271392e-05,1.0114411221271392e-05
335,C,0.010787040251633457,0.010787040251633457,0.010787040251633457,0.010787040251633457,0.010787040251633457,0.010787040251633457,0.010787040251633457,0.010787040251633457,0.010787040251633457,0.010787040251633457,0.010787040251633457,0.010787040251633457,0.010787040251633457,0.010787040251633457,0.010787040251633457,0.010787040251633457,0.010787040251633457,0.010787040251633457,0.010787040251633457,0.010787040251633457,0.010787040251633457,0.010787040251633457,0.010787040251633457,0.010787040251633457
336,G,0.00263709272926908,0.00263709272926908,0.00263709272926908,0.00263709272926908,0.00263709272926908,0.00263709272926908,0.00263709272926908,0.00263709272926908,0.00263709272926908,0.00263709272926908,0.00263709272926908,0.00263709272926908,0.00263709272926908,0.00263709272926908,0.00263709272926908,0.00263709272926908,0.00263709272926908,0.00263709272926908,0.00263709272926908,0.00263709272926908,0.00263709272926908,0.00263709272926908,0.00263709272926908,0.00263709272926908
337,A,0.0028949101630458074,0.0028949101630458074,0.0028949101630458074,0.0028949101630458074,0.0028949101630458074,0.0028949101630458074,0.0028949101630458074,0.0028949101630458074,0.0028949101630458074,0.0028949101630458074,0.0028949101630458074,0.0028949101630458074,0.0028949101630458074,0.0028949101630458074,0.0028949101630458074,0.0028949101630458074,0.0028949101630458074,0.0028949101630458074,0.0028949101630458074,0.0028949101630458074,0.0028949101630458074,0.0028949101630458074,0.0028949101630458074,0.0028949101630458074
338,G,0.002860271637446795,0.002860271637446795,0.002860271637446795,0.002860271637446795,0.002860271637446795,0.002860271637446795,0.002860271637446795,0.002860271637446795,0.002860271637446795,0.002860271637446795,0.002860271637446795,0.002860271637446795,0.002860271637446795,0.002860271637446795,0.002860271637446795,0.002860271637446795,0.002860271637446795,0.002860271637446795,0.002860271637446795,0.002860271637446795,0.002860271637446795,0.002860271637446795,0.002860271637446795,0.002860271637446795
339,C,0.027225475842924073,0.027225475842924073,0.027225475842924073,0.027225475842924073,0.027225475842924073,0.027225475842924073,0.027225475842924073,0.027225475842924073,0.027225475842924073,0.027225475842924073,0.027225475842924073,0.027225475842924073,0.0365621442499078,0.0365621442499078,0.0365621442499078,0.0365621442499078,0.0365621442499078,0.0365621442499078,0.0365621442499078,0.0365621442499078,0.0365621442499078,0.0365621442499078,0.0365621442499078,0.0365621442499078
340,G,0.0014654600524551151,0.0014654600524551151,0.0014654600524551151,0.0014654600524551151,0.0014654600524551151,0.0014654600524551151,0.0014654600524551151,0.0014654600524551151,0.0014654600524551151,0.0014654600524551151,0.0014654600524551151,0.0014654600524551151,0.00013688405856255721,0.00013688405856255721,0.00013688405856255721,0.00013688405856255721,0.00013688405856255721,0.00013688405856255721,0.00013688405856255721,0.00013688405856255721,0.00013688405856255721,0.00013688405856255721,0.00013688405856255721,0.00013688405856255721
341,T,4.311609781098605e-09,4.311609781098605e-09,4.311609781098605e-09,4.311609781098605e-09,4.311609781098605e-09,4.311609781098605e-09,4.311609781098605e-09,4.311609781098605e-09,4.311609781098605e-09,4.311609781098605e-09,4.311609781098605e-09,4.311609781098605e-09,1.7541648827415075e-07,1.7541648827415075e-07,1.7541648827415075e-07,1.7541648827415075e-07,1.7541648827415075e-07,1.7541648827415075e-07,1.7541648827415075e-07,1.7541648827415075e-07,1.7541648827415075e-07,1.7541648827415075e-07,1.7541648827415075e-07,1.7541648827415075e-07
342,C,0.06984543052015578,0.06984543052015578,0.06984543052015578,0.06984543052015578,0.06984543052015578,0.06984543052015578,0.06984543052015578,0.06984543052015578,0.06984543052015578,0.06984543052015578,0.06984543052015578,0.06984543052015578,0.02185364040131311,0.02185364040131311,0.02185364040131311,0.02185364040131311,0.02185364040131311,0.02185364040131311,0.02185364040131311,0.02185364040131311,0.02185364040131311,0.02185364040131311,0.02185364040131311,0.02185364040131311
343,C,0.016399502064825867,0.016399502064825867,0.016399502064825867,0.016399502064825867,0.016399502064825867,0.016399502064825867,0.016399502064825867,0.016399502064825867,0.016399502064825867,0.016399502064825867,0.016399502064825867,0.016399502064825867,0.016516048567095796,0.016516048567095796,0.016516048567095796,0.016516048567095796,0.016516048567095796,0.016516048567095796,0.016516048567095796,0.016516048567095796,0.016516048567095796,0.016516048567095796,0.016516048567095796,0.016516048567095796
344,T,0.0007220039422750236,0.0007220039422750236,0.0007220039422750236,0.0007220039422750236,0.0007220039422750236,0.0007220039422750236,0.0007220039422750236,0.0007220039422750236,0.0007220039422750236,0.0007220039422750236,0.0007220039422750236,0.0007220039422750236,8.80497249151481e-05,8.80497249151481e-05,8.80497249151481e-05,8.80497249151481e-05,8.80497249151481e-05,8.80497249151481e-05,8.80497249151481e-05,8.80497249151481e-05,8.80497249151481e-05,8.80497249151481e-05,8.80497249151481e-05,8.80497249151481e-05
345,T,0.006776651092626945,0.006776651092626945,0.006776651092626945,0.006776651092626945,0.006776651092626945,0.006776651092626945,0.006776651092626945,0.006776651092626945,0.006776651092626945,0.006776651092626945,0.006776651092626945,0.006776651092626945,0.0017987670280499566,0.0017987670280499566,0.0017987670280499566,0.0017987670280499566,0.0017987670280499566,0.0017987670280499566,0.0017987670280499566,0.0017987670280499566,0.0017987670280499566,0.0017987670280499566,0.0017987670280499566,0.0017987670280499566
346,T,0.0022991856029178823,0.0022991856029178823,0.0022991856029178823,0.0022991856029178823,0.0022991856029178823,0.0022991856029178823,0.0022991856029178823,0.0022991856029178823,0.0022991856029178823,0.0022991856029178823,0.0022991856029178823,0.0022991856029178823,4.850695064504265e-10,4.850695064504265e-10,4.850695064504265e-10,4.850695064504265e-10,4.850695064504265e-10,4.850695064504265e-10,4.850695064504265e-10,4.850695064504265e-10,4.850695064504265e-10,4.850695064504265e-10,4.850695064504265e-10,4.850695064504265e-10
347,T,0.0002502554256084022,0.0002502554256084022,0.0002502554256084022,0.0002502554256084022,0.0002502554256084022,0.0002502554256084022,0.0002502554256084022,0.0002502554256084022,0.0002502554256084022,0.0002502554256084022,0.0002502554256084022,0.0002502554256084022,2.0559028913363632e-06,2.0559028913363632e-06,2.0559028913363632e-06,2.0559028913363632e-06,2.0559028913363632e-06,2.0559028913363632e-06,2.0559028913363632e-06,2.0559028913363632e-06,2.0559028913363632e-06,2.0559028913363632e-06,2.0559028913363632e-06,2.0559028913363632e-06
348,G,1.912185585359339e-05,1.912185585359339e-05,1.912185585359339e-05,1.912185585359339e-05,1.912185585359339e-05,1.912185585359339e-05,1.912185585359339e-05,1.912185585359339e-05,1.912185585359339e-05,1.912185585359339e-05,1.912185585359339e-05,1.912185585359339e-05,0.001301631930332252,0.001301631930332252,0.001301631930332252,0.001301631930332252,0.001301631930332252,0.001301631930332252,0.001301631930332252,0.001301631930332252,0.001301631930332252,0.001301631930332252,0.001301631930332252,0.001301631930332252
349,C,0.02604252148218391,0.02604252148218391,0.02604252148218391,0.02604252148218391,0.02604252148218391,0.02604252148218391,0.02604252148218391,0.02604252148218391,0.02604252148218391,0.02604252148218391,0.02604252148218391,0.02604252148218391,0.0114267024236862,0.0114267024236862,0.0114267024236862,0.0114267024236862,0.0114267024236862,0.0114267024236862,0.0114267024236862,0.0114267024236862,0.0114267024236862,0.0114267024236862,0.0114267024236862,0.0114267024236862
350,A,0.012588693153677416,0.012588693153677416,0.012588693153677416,0.012588693153677416,0.012588693153677416,0.012588693153677416,0.012588693153677416,0.012588693153677416,0.012588693153677416,0.012588693153677416,0.012588693153677416,0.012588693153677416,0.032272186565103,0.032272186565103,0.032272186565103,0.032272186565103,0.032272186565103,0.032272186565103,0.032272186565103,0.032272186565103,0.032272186565103,0.032272186565103,0.032272186565103,0.032272186565103
351,C,0.016283914659582333,0.016283914659582333,0.016283914659582333,0.016283914659582333,0.016283914659582333,0.016283914659582333,0.016283914659582333,0.016283914659582333,0.016283914659582333,0.016283914659582333,0.016283914659582333,0.016283914659582333,0.012156579605537962,0.012156579605537962,0.012156579605537962,0.012156579605537962,0.012156579605537962,0.012156579605537962,0.012156579605537962,0.012156579605537962,0.012156579605537962,0.012156579605537962,0.012156579605537962,0.012156579605537962
352,C,0.009020105113291628,0.009020105113291628,0.009020105113291628,0.009020105113291628,0.009020105113291628,0.009020105113291628,0.009020105113291628,0.009020105113291628,0.009020105113291628,0.009020105113291628,0.009020105113291628,0.009020105113291628,0.002276989207668763,0.002276989207668763,0.002276989207668763,0.002276989207668763,0.002276989207668763,0.002276989207668763,0.002276989207668763,0.002276989207668763,0.002276989207668763,0.002276989207668763,0.002276989207668763,0.002276989207668763
353,T,6.1108879243675074e-09,6.1108879243675074e-09,6.1108879243675074e-09,6.1108879243675074e-09,6.1108879243675074e-09,6.1108879243675074e-09,6.1108879243675074e-09,6.1108879243675074e-09,6.1108879243675074e-09,6.1108879243675074e-09,6.1108879243675074e-09,6.1108879243675074e-09,0.0008424248733122848,0.0008424248733122848,0.0008424248733122848,0.0008424248733122848,0.0008424248733122848,0.0008424248733122848,0.0008424248733122848,0.0008424248733122848,0.0008424248733122848,0.0008424248733122848,0.0008424248733122848,0.0008424248733122848
354,T,2.9410014320273244e-16,2.9410014320273244e-16,2.9410014320273244e-16,2.9410014320273244e-16,2.9410014320273244e-16,2.9410014320273244e-16,2.9410014320273244e-16,2.9410014320273244e-16,2.9410014320273244e-16,2.9410014320273244e-16,2.9410014320273244e-16,2.9410014320273244e-16,0.00024679750784825785,0.00024679750784825785,0.00024679750784825785,0.00024679750784825785,0.00024679750784825785,0.00024679750784825785,0.00024679750784825785,0.00024679750784825785,0.00024679750784825785,0.00024679750784825785,0.00024679750784825785,0.00024679750784825785
355,A,0.03441075465370486,0.03441075465370486,0.03441075465370486,0.03441075465370486,0.03441075465370486,0.03441075465370486,0.03441075465370486,0.03441075465370486,0.03441075465370486,0.03441075465370486,0.03441075465370486,0.03441075465370486,0.012828311203170564,0.012828311203170564,0.012828311203170564,0.012828311203170564,0.012828311203170564,0.012828311203170564,0.012828311203170564,0.012828311203170564,0.012828311203170564,0.012828311203170564,0.012828311203170564,0.012828311203170564
356,T,9.82382412055609e-28,9.82382412055609e-28,9.82382412055609e-28,9.82382412055609e-28,9.82382412055609e-28,9.82382412055609e-28,9.82382412055609e-28,9.82382412055609e-28,9.82382412055609e-28,9.82382412055609e-28,9.82382412055609e-28,9.82382412055609e-28,0.0023918804024138686,0.0023918804024138686,0.0023918804024138686,0.0023918804024138686,0.0023918804024138686,0.0023918804024138686,0.0023918804024138686,0.0023918804024138686,0.0023918804024138686,0.0023918804024138686,0.0023918804024138686,0.0023918804024138686
357,T,5.339949196484786e-08,5.339949196484786e-08,5.339949196484786e-08,5.339949196484786e-08,5.339949196484786e-08,5.339949196484786e-08,5.339949196484786e-08,5.339949196484786e-08,5.339949196484786e-08,5.339949196484786e-08,5.339949196484786e-08,5.339949196484786e-08,0.0014611087469946914,0.0014611087469946914,0.0014611087469946914,0.0014611087469946914,0.0014611087469946914,0.0014611087469946914,0.0014611087469946914,0.0014611087469946914,0.0014611087469946914,0.0014611087469946914,0.0014611087469946914,0.0014611087469946914
358,G,0.00016884686603982596,0.00016884686603982596,0.00016884686603982596,0.00016884686603982596,0.00016884686603982596,0.00016884686603982596,0.00016884686603982596,0.00016884686603982596,0.00016884686603982596,0.00016884686603982596,0.00016884686603982596,0.00016884686603982596,1.2636452329254771e-06,1.2636452329254771e-06,1.2636452329254771e-06,1.2636452329254771e-06,1.2636452329254771e-06,1.2636452329254771e-06,1.2636452329254771e-06,1.2636452329254771e-06,1.2636452329254771e-06,1.2636452329254771e-06,1.2636452329254771e-06,1.2636452329254771e-06
359,T,0.001314266193899402,0.001314266193899402,0.001314266193899402,0.001314266193899402,0.001314266193899402,0.001314266193899402,0.001314266193899402,0.001314266193899402,0.001314266193899402,0.001314266193899402,0.001314266193899402,0.001314266193899402,1.2304450663873653e-11,1.2304450663873653e-11,1.2304450663873653e-11,1.2304450663873653e-11,1.2304450663873653e-11,1.2304450663873653e-11,1.2304450663873653e-11,1.2304450663873653e-11,1.2304450663873653e-11,1.2304450663873653e-11,1.2304450663873653e-11,1.2304450663873653e-11
360,G,0.007447482205379686,0.007447482205379686,0.007447482205379686,0.007447482205379686,0.007447482205379686,0.007447482205379686,0.007447482205379686,0.007447482205379686,0.007447482205379686,0.007447482205379686,0.007447482205379686,0.007447482205379686,0.00032233532602010207,0.00032233532602010207,0.00032233532602010207,0.00032233532602010207,0.00032233532602010207,0.00032233532602010207,0.00032233532602010207,0.00032233532602010207,0.00032233532602010207,0.00032233532602010207,0.00032233532602010207,0.00032233532602010207
361,G,0.00039383826499312757,0.00039383826499312757,0.00039383826499312757,0.00039383826499312757,0.00039383826499312757,0.00039383826499312757,0.00039383826499312757,0.00039383826499312757,0.00039383826499312757,0.00039383826499312757,0.00039383826499312757,0.00039383826499312757,0.004500924658548443,0.004500924658548443,0.004500924658548443,0.004500924658548443,0.004500924658548443,0.004500924658548443,0.004500924658548443,0.004500924658548443,0.004500924658548443,0.004500924658548443,0.004500924658548443,0.004500924658548443
362,C,0.01271993278074867,0.01271993278074867,0.01271993278074867,0.01271993278074867,0.01271993278074867,0.01271993278074867,0.01271993278074867,0.01271993278074867,0.01271993278074867,0.01271993278074867,0.01271993278074867,0.01271993278074867,0.013563650864558904,0.013563650864558904,0.013563650864558904,0.013563650864558904,0.013563650864558904,0.013563650864558904,0.013563650864558904,0.013563650864558904,0.013563650864558904,0.013563650864558904,0.013563650864558904,0.013563650864558904
363,G,0.008030524490295784,0.008030524490295784,0.008030524490295784,0.008030524490295784,0.008030524490295784,0.008030524490295784,0.008030524490295784,0.008030524490295784,0.008030524490295784,0.008030524490295784,0.008030524490295784,0.008030524490295784,0.0001525722296214681,0.0001525722296214681,0.0001525722296214681,0.0001525722296214681,0.0001525722296214681,0.0001525722296214681,0.0001525722296214681,0.0001525722296214681,0.0001525722296214681,0.0001525722296214681,0.0001525722296214681,0.0001525722296214681
364,A,0.009286909634449676,0.009286909634449676,0.009286909634449676,0.009286909634449676,0.009286909634449676,0.009286909634449676,0.009286909634449676,0.009286909634449676,0.009286909634449676,0.009286909634449676,0.009286909634449676,0.009286909634449676,0.0008057148467397208,0.0008057148467397208,0.0008057148467397208,0.0008057148467397208,0.0008057148467397208,0.0008057148467397208,0.0008057148467397208,0.0008057148467397208,0.0008057148467397208,0.0008057148467397208,0.0008057148467397208,0.0008057148467397208
365,C,0.020848678191923965,0.020848678191923965,0.020848678191923965,0.020848678191923965,0.020848678191923965,0.020848678191923965,0.020848678191923965,0.020848678191923965,0.020848678191923965,0.020848678191923965,0.020848678191923965,0.020848678191923965,0.006583897228241569,0.006583897228241569,0.006583897228241569,0.006583897228241569,0.006583897228241569,0.006583897228241569,0.006583897228241569,0.006583897228241569,0.006583897228241569,0.006583897228241569,0.006583897228241569,0.006583897228241569
366,C,0.020902680217962804,0.020902680217962804,0.020902680217962804,0.020902680217962804,0.020902680217962804,0.020902680217962804,0.020902680217962804,0.020902680217962804,0.020902680217962804,0.020902680217962804,0.020902680217962804,0.020902680217962804,0.045978268340714654,0.045978268340714654,0.045978268340714654,0.045978268340714654,0.045978268340714654,0.045978268340714654,0.045978268340714654,0.045978268340714654,0.045978268340714654,0.045978268340714654,0.045978268340714654,0.045978268340714654
367,T,2.9807154405675723e-05,2.9807154405675723e-05,2.9807154405675723e-05,2.9807154405675723e-05,2.9807154405675723e-05,2.9807154405675723e-05,2.9807154405675723e-05,2.9807154405675723e-05,2.9807154405675723e-05,2.9807154405675723e-05,2.9807154405675723e-05,2.9807154405675723e-05,9.916055330161188e-19,9.916055330161188e-19,9.916055330161188e-19,9.916055330161188e-19,9.916055330161188e-19,9.916055330161188e-19,9.916055330161188e-19,9.916055330161188e-19,9.916055330161188e-19,9.916055330161188e-19,9.916055330161188e-19,9.916055330161188e-19
368,C,0.035682327726805005,0.035682327726805005,0.035682327726805005,0.035682327726805005,0.035682327726805005,0.035682327726805005,0.035682327726805005,0.035682327726805005,0.035682327726805005,0.035682327726805005,0.035682327726805005,0.035682327726805005,0.020277828054310568,0.020277828054310568,0.020277828054310568,0.020277828054310568,0.020277828054310568,0.020277828054310568,0.020277828054310568,0.020277828054310568,0.020277828054310568,0.020277828054310568,0.020277828054310568,0.020277828054310568
369,A,0.0010886936616930892,0.0010886936616930892,0.0010886936616930892,0.0010886936616930892,0.0010886936616930892,0.0010886936616930892,0.0010886936616930892,0.0010886936616930892,0.0010886936616930892,0.0010886936616930892,0.0010886936616930892,0.0010886936616930892,0.02054385031076922,0.02054385031076922,0.02054385031076922,0.02054385031076922,0.02054385031076922,0.02054385031076922,0.02054385031076922,0.02054385031076922,0.02054385031076922,0.02054385031076922,0.02054385031076922,0.02054385031076922
370,C,0.03961912052122343,0.03961912052122343,0.03961912052122343,0.03961912052122343,0.03961912052122343,0.03961912052122343,0.03961912052122343,0.03961912052122343,0.03961912052122343,0.03961912052122343,0.03961912052122343,0.03961912052122343,0.007705713504039248,0.007705713504039248,0.007705713504039248,0.007705713504039248,0.007705713504039248,0.007705713504039248,0.007705713504039248,0.007705713504039248,0.007705713504039248,0.007705713504039248,0.007705713504039248,0.007705713504039248
371,A,0.01608007475049648,0.01608007475049648,0.01608007475049648,0.01608007475049648,0.01608007475049648,0.01608007475049648,0.01608007475049648,0.01608007475049648,0.01608007475049648,0.01608007475049648,0.01608007475049648,0.01608007475049648,0.04240319668358736,0.04240319668358736,0.04240319668358736,0.04240319668358736,0.04240319668358736,0.04240319668358736,0.04240319668358736,0.04240319668358736,0.04240319668358736,0.04240319668358736,0.04240319668358736,0.04240319668358736
372,G,0.0051954331324245255,0.0051954331324245255,0.0051954331324245255,0.0051954331324245255,0.0051954331324245255,0.0051954331324245255,0.0051954331324245255,0.0051954331324245255,0.0051954331324245255,0.0051954331324245255,0.0051954331324245255,0.0051954331324245255,2.717603855067044e-06,2.717603855067044e-06,2.717603855067044e-06,2.717603855067044e-06,2.717603855067044e-06,2.717603855067044e-06,2.717603855067044e-06,2.717603855067044e-06,2.717603855067044e-06,2.717603855067044e-06,2.717603855067044e-06,2.717603855067044e-06
373,G,0.0032398456038279307,0.0032398456038279307,0.0032398456038279307,0.0032398456038279307,0.0032398456038279307,0.0032398456038279307,0.0032398456038279307,0.0032398456038279307,0.0032398456038279307,0.0032398456038279307,0.0032398456038279307,0.0032398456038279307,0.0009702986264592217,0.0009702986264592217,0.0009702986264592217,0.0009702986264592217,0.0009702986264592217,0.0009702986264592217,0.0009702986264592217,0.0009702986264592217,0.0009702986264592217,0.0009702986264592217,0.0009702986264592217,0.0009702986264592217
374,G,0.00016619551587385115,0.00016619551587385115,0.00016619551587385115,0.00016619551587385115,0.00016619551587385115,0.00016619551587385115,0.00016619551587385115,0.00016619551587385115,0.00016619551587385115,0.00016619551587385115,0.00016619551587385115,0.00016619551587385115,0.0011303049976851686,0.0011303049976851686,0.0011303049976851686,0.0011303049976851686,0.0011303049976851686,0.0011303049976851686,0.0011303049976851686,0.0011303049976851686,0.0011303049976851686,0.0011303049976851686,0.0011303049976851686,0.0011303049976851686
375,A,0.015078030114182586,0.015078030114182586,0.015078030114182586,0.015078030114182586,0.015078030114182586,0.015078030114182586,0.015078030114182586,0.015078030114182586,0.015078030114182586,0.015078030114182586,0.015078030114182586,0.015078030114182586,0.039528992595713075,0.039528992595713075,0.039528992595713075,0.039528992595713075,0.039528992595713075,0.039528992595713075,0.039528992595713075,0.039528992595713075,0.039528992595713075,0.039528992595713075,0.039528992595713075,0.039528992595713075
376,C,0.012008266511053125,0.012008266511053125,0.012008266511053125,0.012008266511053125,0.012008266511053125,0.012008266511053125,0.012008266511053125,0.012008266511053125,0.012008266511053125,0.012008266511053125,0.012008266511053125,0.012008266511053125,0.02078678400945672,0.02078678400945672,0.02078678400945672,0.02078678400945672,0.02078678400945672,0.02078678400945672,0.02078678400945672,0.02078678400945672,0.02078678400945672,0.02078678400945672,0.02078678400945672,0.02078678400945672
377,T,9.976604986088937e-07,9.976604986088937e-07,9.976604986088937e-07,9.976604986088937e-07,9.976604986088937e-07,9.976604986088937e-07,9.976604986088937e-07,9.976604986088937e-07,9.976604986088937e-07,9.976604986088937e-07,9.976604986088937e-07,9.976604986088937e-07,0.0008407701517103127,0.0008407701517103127,0.0008407701517103127,0.0008407701517103127,0.0008407701517103127,0.0008407701517103127,0.0008407701517103127,0.0008407701517103127,0.0008407701517103127,0.0008407701517103127,0.0008407701517103127,0.0008407701517103127
378,A,0.05629077044003041,0.05629077044003041,0.05629077044003041,0.05629077044003041,0.05629077044003041,0.05629077044003041,0.05629077044003041,0.05629077044003041,0.05629077044003041,0.05629077044003041,0.05629077044003041,0.05629077044003041,0.01850649006589342,0.01850649006589342,0.01850649006589342,0.01850649006589342,0.01850649006589342,0.01850649006589342,0.01850649006589342,0.01850649006589342,0.01850649006589342,0.01850649006589342,0.01850649006589342,0.01850649006589342
379,C,0.035764990539962585,0.035764990539962585,0.035764990539962585,0.035764990539962585,0.035764990539962585,0.035764990539962585,0.035764990539962585,0.035764990539962585,0.035764990539962585,0.035764990539962585,0.035764990539962585,0.035764990539962585,0.0008189953983029478,0.0008189953983029478,0.0008189953983029478,0.0008189953983029478,0.0008189953983029478,0.0008189953983029478,0.0008189953983029478,0.0008189953983029478,0.0008189953983029478,0.0008189953983029478,0.0008189953983029478,0.0008189953983029478
380,C,0.044146540509889476,0.044146540509889476,0.044146540509889476,0.044146540509889476,0.044146540509889476,0.044146540509889476,0.044146540509889476,0.044146540509889476,0.044146540509889476,0.044146540509889476,0.044146540509889476,0.044146540509889476,0.02148592864894275,0.02148592864894275,0.02148592864894275,0.02148592864894275,0.02148592864894275,0.02148592864894275,0.02148592864894275,0.02148592864894275,0.02148592864894275,0.02148592864894275,0.02148592864894275,0.02148592864894275
381,G,0.02190879083935042,0.02190879083935042,0.02190879083935042,0.02190879083935042,0.02190879083935042,0.02190879083935042,0.02190879083935042,0.02190879083935042,0.02190879083935042,0.02190879083935042,0.02190879083935042,0.02190879083935042,0.0026050394641152276,0.0026050394641152276,0.0026050394641152276,0.0026050394641152276,0.0026050394641152276,0.0026050394641152276,0.0026050394641152276,0.0026050394641152276,0.0026050394641152276,0.0026050394641152276,0.0026050394641152276,0.0026050394641152276
382,A,0.05889259853153105,0.05889259853153105,0.05889259853153105,0.05889259853153105,0.05889259853153105,0.05889259853153105,0.05889259853153105,0.05889259853153105,0.05889259853153105,0.05889259853153105,0.05889259853153105,0.05889259853153105,0.043622106241987944,0.043622106241987944,0.043622106241987944,0.043622106241987944,0.043622106241987944,0.043622106241987944,0.043622106241987944,0.043622106241987944,0.043622106241987944,0.043622106241987944,0.043622106241987944,0.043622106241987944
383,C,0.01658105044560432,0.01658105044560432,0.01658105044560432,0.01658105044560432,0.01658105044560432,0.01658105044560432,0.01658105044560432,0.01658105044560432,0.01658105044560432,0.01658105044560432,0.01658105044560432,0.01658105044560432,0.008434908731878502,0.008434908731878502,0.008434908731878502,0.008434908731878502,0.008434908731878502,0.008434908731878502,0.008434908731878502,0.008434908731878502,0.008434908731878502,0.008434908731878502,0.008434908731878502,0.008434908731878502
384,A,0.04365881944225691,0.04365881944225691,0.04365881944225691,0.04365881944225691,0.04365881944225691,0.04365881944225691,0.04365881944225691,0.04365881944225691,0.04365881944225691,0.04365881944225691,0.04365881944225691,0.04365881944225691,0.07662700926502487,0.07662700926502487,0.07662700926502487,0.07662700926502487,0.07662700926502487,0.07662700926502487,0.07662700926502487,0.07662700926502487,0.07662700926502487,0.07662700926502487,0.07662700926502487,0.07662700926502487
385,C,0.0037162944325982313,0.0037162944325982313,0.0037162944325982313,0.0037162944325982313,0.0037162944325982313,0.0037162944325982313,0.0037162944325982313,0.0037162944325982313,0.0037162944325982313,0.0037162944325982313,0.0037162944325982313,0.0037162944325982313,0.03406396369653764,0.03406396369653764,0.03406396369653764,0.03406396369653764,0.03406396369653764,0.03406396369653764,0.03406396369653764,0.03406396369653764,0.03406396369653764,0.03406396369653764,0.03406396369653764,0.03406396369653764
386,C,0.0023110463194763397,0.0023110463194763397,0.0023110463194763397,0.0023110463194763397,0.0023110463194763397,0.0023110463194763397,0.0023110463194763397,0.0023110463194763397,0.0023110463194763397,0.0023110463194763397,0.0023110463194763397,0.0023110463194763397,0.06726635484916976,0.06726635484916976,0.06726635484916976,0.06726635484916976,0.06726635484916976,0.06726635484916976,0.06726635484916976,0.06726635484916976,0.06726635484916976,0.06726635484916976,0.06726635484916976,0.06726635484916976
387,C,0.0050009139961449366,0.0050009139961449366,0.0050009139961449366,0.0050009139961449366,0.0050009139961449366,0.0050009139961449366,0.0050009139961449366,0.0050009139961449366,0.0050009139961449366,0.0050009139961449366,0.0050009139961449366,0.0050009139961449366,0.0010171394492330197,0.0010171394492330197,0.0010171394492330197,0.0010171394492330197,0.0010171394492330197,0.0010171394492330197,0.0010171394492330197,0.0010171394492330197,0.0010171394492330197,0.0010171394492330197,0.0010171394492330197,0.0010171394492330197
388,T,2.0291271036440764e-05,2.0291271036440764e-05,2.0291271036440764e-05,2.0291271036440764e-05,2.0291271036440764e-05,2.0291271036440764e-05,2.0291271036440764e-05,2.0291271036440764e-05,2.0291271036440764e-05,2.0291271036440764e-05,2.0291271036440764e-05,2.0291271036440764e-05,2.4949618189143404e-10,2.4949618189143404e-10,2.4949618189143404e-10,2.4949618189143404e-10,2.4949618189143404e-10,2.4949618189143404e-10,2.4949618189143404e-10,2.4949618189143404e-10,2.4949618189143404e-10,2.4949618189143404e-10,2.4949618189143404e-10,2.4949618189143404e-10
389,T,1.503311765778323e-13,1.503311765778323e-13,1.503311765778323e-13,1.503311765778323e-13,1.503311765778323e-13,1.503311765778323e-13,1.503311765778323e-13,1.503311765778323e-13,1.503311765778323e-13,1.503311765778323e-13,1.503311765778323e-13,1.503311765778323e-13,2.7512254519037893e-13,2.7512254519037893e-13,2.7512254519037893e-13,2.7512254519037893e-13,2.7512254519037893e-13,2.7512254519037893e-13,2.7512254519037893e-13,2.7512254519037893e-13,2.7512254519037893e-13,2.7512254519037893e-13,2.7512254519037893e-13,2.7512254519037893e-13
390,A,0.005937394318763025,0.005937394318763025,0.005937394318763025,0.005937394318763025,0.005937394318763025,0.005937394318763025,0.005937394318763025,0.005937394318763025,0.005937394318763025,0.005937394318763025,0.005937394318763025,0.005937394318763025,0.09934808350914275,0.09934808350914275,0.09934808350914275,0.09934808350914275,0.09934808350914275,0.09934808350914275,0.09934808350914275,0.09934808350914275,0.09934808350914275,0.09934808350914275,0.09934808350914275,0.09934808350914275
391,G,0.00017723493725488285,0.00017723493725488285,0.00017723493725488285,0.00017723493725488285,0.00017723493725488285,0.00017723493725488285,0.00017723493725488285,0.00017723493725488285,0.00017723493725488285,0.00017723493725488285,0.00017723493725488285,0.00017723493725488285,4.163377270913052e-08,4.163377270913052e-08,4.163377270913052e-08,4.163377270913052e-08,4.163377270913052e-08,4.163377270913052e-08,4.163377270913052e-08,4.163377270913052e-08,4.163377270913052e-08,4.163377270913052e-08,4.163377270913052e-08,4.163377270913052e-08
392,G,0.00919947632783187,0.00919947632783187,0.00919947632783187,0.00919947632783187,0.00919947632783187,0.00919947632783187,0.00919947632783187,0.00919947632783187,0.00919947632783187,0.00919947632783187,0.00919947632783187,0.00919947632783187,9.212348343301716e-06,9.212348343301716e-06,9.212348343301716e-06,9.212348343301716e-06,9.212348343301716e-06,9.212348343301716e-06,9.212348343301716e-06,9.212348343301716e-06,9.212348343301716e-06,9.212348343301716e-06,9.212348343301716e-06,9.212348343301716e-06
393,T,0.00017661360807722716,0.00017661360807722716,0.00017661360807722716,0.00017661360807722716,0.00017661360807722716,0.00017661360807722716,0.00017661360807722716,0.00017661360807722716,0.00017661360807722716,0.00017661360807722716,0.00017661360807722716,0.00017661360807722716,1.0818379662557332e-32,1.0818379662557332e-32,1.0818379662557332e-32,1.0818379662557332e-32,1.0818379662557332e-32,1.0818379662557332e-32,1.0818379662557332e-32,1.0818379662557332e-32,1.0818379662557332e-32,1.0818379662557332e-32,1.0818379662557332e-32,1.0818379662557332e-32
394,T,3.820232331664637e-09,3.820232331664637e-09,3.820232331664637e-09,3.820232331664637e-09,3.820232331664637e-09,3.820232331664637e-09,3.820232331664637e-09,3.820232331664637e-09,3.820232331664637e-09,3.820232331664637e-09,3.820232331664637e-09,3.820232331664637e-09,2.076187832045755e-15,2.076187832045755e-15,2.076187832045755e-15,2.076187832045755e-15,2.076187832045755e-15,2.076187832045755e-15,2.076187832045755e-15,2.076187832045755e-15,2.076187832045755e-15,2.076187832045755e-15,2.076187832045755e-15,2.076187832045755e-15
395,A,0.05502670879919339,0.05502670879919339,0.05502670879919339,0.05502670879919339,0.05502670879919339,0.05502670879919339,0.05502670879919339,0.05502670879919339,0.05502670879919339,0.05502670879919339,0.05502670879919339,0.05502670879919339,0.02625291978820944,0.02625291978820944,0.02625291978820944,0.02625291978820944,0.02625291978820944,0.02625291978820944,0.02625291978820944,0.02625291978820944,0.02625291978820944,0.02625291978820944,0.02625291978820944,0.02625291978820944
396,A,0.015017988106928918,0.015017988106928918,0.015017988106928918,0.015017988106928918,0.015017988106928918,0.015017988106928918,0.015017988106928918,0.015017988106928918,0.015017988106928918,0.015017988106928918,0.015017988106928918,0.015017988106928918,0.07187942289078446,0.07187942289078446,0.07187942289078446,0.07187942289078446,0.07187942289078446,0.07187942289078446,0.07187942289078446,0.07187942289078446,0.07187942289078446,0.07187942289078446,0.07187942289078446,0.07187942289078446
397,T,1.7860596603772324e-05,1.7860596603772324e-05,1.7860596603772324e-05,1.7860596603772324e-05,1.7860596603772324e-05,1.7860596603772324e-05,1.7860596603772324e-05,1.7860596603772324e-05,1.7860596603772324e-05,1.7860596603772324e-05,1.7860596603772324e-05,1.7860596603772324e-05,1.0900116924184927e-08,1.0900116924184927e-08,1.0900116924184927e-08,1.0900116924184927e-08,1.0900116924184927e-08,1.0900116924184927e-08,1.0900116924184927e-08,1.0900116924184927e-08,1.0900116924184927e-08,1.0900116924184927e-08,1.0900116924184927e-08,1.0900116924184927e-08
398,A,0.028262841792985733,0.028262841792985733,0.028262841792985733,0.028262841792985733,0.028262841792985733,0.028262841792985733,0.028262841792985733,0.028262841792985733,0.028262841792985733,0.028262841792985733,0.028262841792985733,0.028262841792985733,0.08858883820886276,0.08858883820886276,0.08858883820886276,0.08858883820886276,0.08858883820886276,0.08858883820886276,0.08858883820886276,0.08858883820886276,0.08858883820886276,0.08858883820886276,0.08858883820886276,0.08858883820886276
399,G,5.626211964550382e-06,5.626211964550382e-06,5.626211964550382e-06,5.626211964550382e-06,5.626211964550382e-06,5.626211964550382e-06,5.626211964550382e-06,5.626211964550382e-06,5.626211964550382e-06,5.626211964550382e-06,5.626211964550382e-06,5.626211964550382e-06,0.0008733505186893867,0.0008733505186893867,0.0008733505186893867,0.0008733505186893867,0.0008733505186893867,0.0008733505186893867,0.0008733505186893867,0.0008733505186893867,0.0008733505186893867,0.0008733505186893867,0.0008733505186893867,0.0008733505186893867
400,A,0.0034095232850170068,0.0034095232850170068,0.0034095232850170068,0.0034095232850170068,0.0034095232850170068,0.0034095232850170068,0.0034095232850170068,0.0034095232850170068,0.0034095232850170068,0.0034095232850170068,0.0034095232850170068,0.0034095232850170068,0.0032653157047565296,0.0032653157047565296,0.0032653157047565296,0.0032653157047565296,0.0032653157047565296,0.0032653157047565296,0.0032653157047565296,0.0032653157047565296,0.0032653157047565296,0.0032653157047565296,0.0032653157047565296,0.0032653157047565296
401,G,0.0022049049408285116,0.0022049049408285116,0.0022049049408285116,0.0022049049408285116,0.0022049049408285116,0.0022049049408285116,0.0022049049408285116,0.0022049049408285116,0.0022049049408285116,0.0022049049408285116,0.0022049049408285116,0.0022049049408285116,0.00016798777694654367,0.00016798777694654367,0.00016798777694654367,0.00016798777694654367,0.00016798777694654367,0.00016798777694654367,0.00016798777694654367,0.00016798777694654367,0.00016798777694654367,0.00016798777694654367,0.00016798777694654367,0.00016798777694654367
402,A,0.0069558400811676,0.0069558400811676,0.0069558400811676,0.0069558400811676,0.0069558400811676,0.0069558400811676,0.0069558400811676,0.0069558400811676,0.0069558400811676,0.0069558400811676,0.0069558400811676,0.0069558400811676,0.016540095331948543,0.016540095331948543,0.016540095331948543,0.016540095331948543,0.016540095331948543,0.016540095331948543,0.016540095331948543,0.016540095331948543,0.016540095331948543,0.016540095331948543,0.016540095331948543,0.016540095331948543
403,C,0.008580028233527777,0.008580028233527777,0.008580028233527777,0.008580028233527777,0.008580028233527777,0.008580028233527777,0.008580028233527777,0.008580028233527777,0.008580028233527777,0.008580028233527777,0.008580028233527777,0.008580028233527777,0.014420277809005358,0.014420277809005358,0.014420277809005358,0.014420277809005358,0.014420277809005358,0.014420277809005358,0.014420277809005358,0.014420277809005358,0.014420277809005358,0.014420277809005358,0.014420277809005358,0.014420277809005358
404,A,0.004798551794203426,0.004798551794203426,0.004798551794203426,0.004798551794203426,0.004798551794203426,0.004798551794203426,0.004798551794203426,0.004798551794203426,0.004798551794203426,0.004798551794203426,0.004798551794203426,0.004798551794203426,0.15476398750497147,0.15476398750497147,0.15476398750497147,0.15476398750497147,0.15476398750497147,0.15476398750497147,0.15476398750497147,0.15476398750497147,0.15476398750497147,0.15476398750497147,0.15476398750497147,0.15476398750497147
405,C,0.03553563940064753,0.03553563940064753,0.03553563940064753,0.03553563940064753,0.03553563940064753,0.03553563940064753,0.03553563940064753,0.03553563940064753,0.03553563940064753,0.03553563940064753,0.03553563940064753,0.03553563940064753,0.012806200726522533,0.012806200726522533,0.012806200726522533,0.012806200726522533,0.012806200726522533,0.012806200726522533,0.012806200726522533,0.012806200726522533,0.012806200726522533,0.012806200726522533,0.012806200726522533,0.012806200726522533
406,C,0.0179396833310011,0.0179396833310011,0.0179396833310011,0.0179396833310011,0.0179396833310011,0.0179396833310011,0.0179396833310011,0.0179396833310011,0.0179396833310011,0.0179396833310011,0.0179396833310011,0.0179396833310011,0.05200885972052466,0.05200885972052466,0.05200885972052466,0.05200885972052466,0.05200885972052466,0.05200885972052466,0.05200885972052466,0.05200885972052466,0.05200885972052466,0.05200885972052466,0.05200885972052466,0.05200885972052466
407,C,0.0036893006177996577,0.0036893006177996577,0.0036893006177996577,0.0036893006177996577,0.0036893006177996577,0.0036893006177996577,0.0036893006177996577,0.0036893006177996577,0.0036893006177996577,0.0036893006177996577,0.0036893006177996577,0.0036893006177996577,0.006388125198124163,0.006388125198124163,0.006388125198124163,0.006388125198124163,0.006388125198124163,0.006388125198124163,0.006388125198124163,0.006388125198124163,0.006388125198124163,0.006388125198124163,0.006388125198124163,0.006388125198124163
408,G,1.3048111502441641e-05,1.3048111502441641e-05,1.3048111502441641e-05,1.3048111502441641e-05,1.3048111502441641e-05,1.3048111502441641e-05,1.3048111502441641e-05,1.3048111502441641e-05,1.3048111502441641e-05,1.3048111502441641e-05,1.3048111502441641e-05,1.3048111502441641e-05,1.8435908834298352e-05,1.8435908834298352e-05,1.8435908834298352e-05,1.8435908834298352e-05,1.8435908834298352e-05,1.8435908834298352e-05,1.8435908834298352e-05,1.8435908834298352e-05,1.8435908834298352e-05,1.8435908834298352e-05,1.8435908834298352e-05,1.8435908834298352e-05
409,G,0.00041273247516629056,0.00041273247516629056,0.00041273247516629056,0.00041273247516629056,0.00041273247516629056,0.00041273247516629056,0.00041273247516629056,0.00041273247516629056,0.00041273247516629056,0.00041273247516629056,0.00041273247516629056,0.00041273247516629056,1.4289899469869203e-07,1.4289899469869203e-07,1.4289899469869203e-07,1.4289899469869203e-07,1.4289899469869203e-07,1.4289899469869203e-07,1.4289899469869203e-07,1.4289899469869203e-07,1.4289899469869203e-07,1.4289899469869203e-07,1.4289899469869203e-07,1.4289899469869203e-07
410,A,0.005817451544343689,0.005817451544343689,0.005817451544343689,0.005817451544343689,0.005817451544343689,0.005817451544343689,0.005817451544343689,0.005817451544343689,0.005817451544343689,0.005817451544343689,0.005817451544343689,0.005817451544343689,0.006399463613203905,0.006399463613203905,0.006399463613203905,0.006399463613203905,0.006399463613203905,0.006399463613203905,0.006399463613203905,0.006399463613203905,0.006399463613203905,0.006399463613203905,0.006399463613203905,0.006399463613203905
411,G,1.524747438265362e-06,1.524747438265362e-06,1.524747438265362e-06,1.524747438265362e-06,1.524747438265362e-06,1.524747438265362e-06,1.524747438265362e-06,1.524747438265362e-06,1.524747438265362e-06,1.524747438265362e-06,1.524747438265362e-06,1.524747438265362e-06,0.010846289409585349,0.010846289409585349,0.010846289409585349,0.010846289409585349,0.010846289409585349,0.010846289409585349,0.010846289409585349,0.010846289409585349,0.010846289409585349,0.010846289409585349,0.010846289409585349,0.010846289409585349
412,C,0.009702505335793424,0.009702505335793424,0.009702505335793424,0.009702505335793424,0.009702505335793424,0.009702505335793424,0.009702505335793424,0.009702505335793424,0.009702505335793424,0.009702505335793424,0.009702505335793424,0.009702505335793424,0.005898732220446099,0.005898732220446099,0.005898732220446099,0.005898732220446099,0.005898732220446099,0.005898732220446099,0.005898732220446099,0.005898732220446099,0.005898732220446099,0.005898732220446099,0.005898732220446099,0.005898732220446099
413,C,0.01826103327582687,0.01826103327582687,0.01826103327582687,0.01826103327582687,0.01826103327582687,0.01826103327582687,0.01826103327582687,0.01826103327582687,0.01826103327582687,0.01826103327582687,0.01826103327582687,0.01826103327582687,0.0062415447549686465,0.0062415447549686465,0.0062415447549686465,0.0062415447549686465,0.0062415447549686465,0.0062415447549686465,0.0062415447549686465,0.0062415447549686465,0.0062415447549686465,0.0062415447549686465,0.0062415447549686465,0.0062415447549686465
414,C,0.017249179011340172,0.017249179011340172,0.017249179011340172,0.017249179011340172,0.017249179011340172,0.017249179011340172,0.017249179011340172,0.017249179011340172,0.017249179011340172,0.017249179011340172,0.017249179011340172,0.017249179011340172,0.006063414320996196,0.006063414320996196,0.006063414320996196,0.006063414320996196,0.006063414320996196,0.006063414320996196,0.006063414320996196,0.006063414320996196,0.006063414320996196,0.006063414320996196,0.006063414320996196,0.006063414320996196
415,A,0.04390412025167996,0.04390412025167996,0.04390412025167996,0.04390412025167996,0.04390412025167996,0.04390412025167996,0.04390412025167996,0.04390412025167996,0.04390412025167996,0.04390412025167996,0.04390412025167996,0.04390412025167996,0.053839392056562935,0.053839392056562935,0.053839392056562935,0.053839392056562935,0.053839392056562935,0.053839392056562935,0.053839392056562935,0.053839392056562935,0.053839392056562935,0.053839392056562935,0.053839392056562935,0.053839392056562935
416,A,0.055391185757899634,0.055391185757899634,0.055391185757899634,0.055391185757899634,0.055391185757899634,0.055391185757899634,0.055391185757899634,0.055391185757899634,0.055391185757899634,0.055391185757899634,0.055391185757899634,0.055391185757899634,0.019650251850536225,0.019650251850536225,0.019650251850536225,0.019650251850536225,0.019650251850536225,0.019650251850536225,0.019650251850536225,0.019650251850536225,0.019650251850536225,0.019650251850536225,0.019650251850536225,0.019650251850536225
417,A,0.017281551129121633,0.017281551129121633,0.017281551129121633,0.017281551129121633,0.017281551129121633,0.017281551129121633,0.017281551129121633,0.017281551129121633,0.017281551129121633,0.017281551129121633,0.017281551129121633,0.017281551129121633,0.02920300792957799,0.02920300792957799,0.02920300792957799,0.02920300792957799,0.02920300792957799,0.02920300792957799,0.02920300792957799,0.02920300792957799,0.02920300792957799,0.02920300792957799,0.02920300792957799,0.02920300792957799
418,C,0.008956345762990259,0.008956345762990259,0.008956345762990259,0.008956345762990259,0.008956345762990259,0.008956345762990259,0.008956345762990259,0.008956345762990259,0.008956345762990259,0.008956345762990259,0.008956345762990259,0.008956345762990259,0.05493687530854252,0.05493687530854252,0.05493687530854252,0.05493687530854252,0.05493687530854252,0.05493687530854252,0.05493687530854252,0.05493687530854252,0.05493687530854252,0.05493687530854252,0.05493687530854252,0.05493687530854252
419,A,0.028402827149481415,0.028402827149481415,0.028402827149481415,0.028402827149481415,0.028402827149481415,0.028402827149481415,0.028402827149481415,0.028402827149481415,0.028402827149481415,0.028402827149481415,0.028402827149481415,0.028402827149481415,0.044579784612342466,0.044579784612342466,0.044579784612342466,0.044579784612342466,0.044579784612342466,0.044579784612342466,0.044579784612342466,0.044579784612342466,0.044579784612342466,0.044579784612342466,0.044579784612342466,0.044579784612342466
420,T,0.0012415347098339608,0.0012415347098339608,0.0012415347098339608,0.0012415347098339608,0.0012415347098339608,0.0012415347098339608,0.0012415347098339608,0.0012415347098339608,0.0012415347098339608,0.0012415347098339608,0.0012415347098339608,0.0012415347098339608,3.922236437215313e-22,3.922236437215313e-22,3.922236437215313e-22,3.922236437215313e-22,3.922236437215313e-22,3.922236437215313e-22,3.922236437215313e-22,3.922236437215313e-22,3.922236437215313e-22,3.922236437215313e-22,3.922236437215313e-22,3.922236437215313e-22
421,C,0.017864330473785037,0.017864330473785037,0.017864330473785037,0.017864330473785037,0.017864330473785037,0.017864330473785037,0.017864330473785037,0.017864330473785037,0.017864330473785037,0.017864330473785037,0.017864330473785037,0.017864330473785037,0.018061966938382905,0.018061966938382905,0.018061966938382905,0.018061966938382905,0.018061966938382905,0.018061966938382905,0.018061966938382905,0.018061966938382905,0.018061966938382905,0.018061966938382905,0.018061966938382905,0.018061966938382905
422,C,0.013074406674753366,0.013074406674753366,0.013074406674753366,0.013074406674753366,0.013074406674753366,0.013074406674753366,0.013074406674753366,0.013074406674753366,0.013074406674753366,0.013074406674753366,0.013074406674753366,0.013074406674753366,0.04280458539861269,0.04280458539861269,0.04280458539861269,0.04280458539861269,0.04280458539861269,0.04280458539861269,0.04280458539861269,0.04280458539861269,0.04280458539861269,0.04280458539861269,0.04280458539861269,0.04280458539861269
423,G,0.000355645474560582,0.000355645474560582,0.000355645474560582,0.000355645474560582,0.000355645474560582,0.000355645474560582,0.000355645474560582,0.000355645474560582,0.000355645474560582,0.000355645474560582,0.000355645474560582,0.000355645474560582,0.0008875127433798973,0.0008875127433798973,0.0008875127433798973,0.0008875127433798973,0.0008875127433798973,0.0008875127433798973,0.0008875127433798973,0.0008875127433798973,0.0008875127433798973,0.0008875127433798973,0.0008875127433798973,0.0008875127433798973
424,T,8.514560659124168e-12,8.514560659124168e-12,8.514560659124168e-12,8.514560659124168e-12,8.514560659124168e-12,8.514560659124168e-12,8.514560659124168e-12,8.514560659124168e-12,8.514560659124168e-12,8.514560659124168e-12,8.514560659124168e-12,8.514560659124168e-12,3.6758046756316025e-06,3.6758046756316025e-06,3.6758046756316025e-06,3.6758046756316025e-06,3.6758046756316025e-06,3.6758046756316025e-06,3.6758046756316025e-06,3.6758046756316025e-06,3.6758046756316025e-06,3.6758046756316025e-06,3.6758046756316025e-06,3.6758046756316025e-06
425,T,4.4026150617678526e-11,4.4026150617678526e-11,4.4026150617678526e-11,4.4026150617678526e-11,4.4026150617678526e-11,4.4026150617678526e-11,4.4026150617678526e-11,4.4026150617678526e-11,4.4026150617678526e-11,4.4026150617678526e-11,4.4026150617678526e-11,4.4026150617678526e-11,1.3659084411275554e-07,1.3659084411275554e-07,1.3659084411275554e-07,1.3659084411275554e-07,1.3659084411275554e-07,1.3659084411275554e-07,1.3659084411275554e-07,1.3659084411275554e-07,1.3659084411275554e-07,1.3659084411275554e-07,1.3659084411275554e-07,1.3659084411275554e-07
426,G,0.008455996910712922,0.008455996910712922,0.008455996910712922,0.008455996910712922,0.008455996910712922,0.008455996910712922,0.008455996910712922,0.008455996910712922,0.008455996910712922,0.008455996910712922,0.008455996910712922,0.008455996910712922,0.00646280206047835,0.00646280206047835,0.00646280206047835,0.00646280206047835,0.00646280206047835,0.00646280206047835,0.00646280206047835,0.00646280206047835,0.00646280206047835,0.00646280206047835,0.00646280206047835,0.00646280206047835
427,T,1.631625919345735e-05,1.631625919345735e-05,1.631625919345735e-05,1.631625919345735e-05,1.631625919345735e-05,1.631625919345735e-05,1.631625919345735e-05,1.631625919345735e-05,1.631625919345735e-05,1.631625919345735e-05,1.631625919345735e-05,1.631625919345735e-05,3.4086930812601094e-18,3.4086930812601094e-18,3.4086930812601094e-18,3.4086930812601094e-18,3.4086930812601094e-18,3.4086930812601094e-18,3.4086930812601094e-18,3.4086930812601094e-18,3.4086930812601094e-18,3.4086930812601094e-18,3.4086930812601094e-18,3.4086930812601094e-18
428,C,0.005039701031622841,0.005039701031622841,0.005039701031622841,0.005039701031622841,0.005039701031622841,0.005039701031622841,0.005039701031622841,0.005039701031622841,0.005039701031622841,0.005039701031622841,0.005039701031622841,0.005039701031622841,0.006704391234982252,0.006704391234982252,0.006704391234982252,0.006704391234982252,0.006704391234982252,0.006704391234982252,0.006704391234982252,0.006704391234982252,0.006704391234982252,0.006704391234982252,0.006704391234982252,0.006704391234982252
429,C,0.02517633140412539,0.02517633140412539,0.02517633140412539,0.02517633140412539,0.02517633140412539,0.02517633140412539,0.02517633140412539,0.02517633140412539,0.02517633140412539,0.02517633140412539,0.02517633140412539,0.02517633140412539,0.022499647892744692,0.022499647892744692,0.022499647892744692,0.022499647892744692,0.022499647892744692,0.022499647892744692,0.022499647892744692,0.022499647892744692,0.022499647892744692,0.022499647892744692,0.022499647892744692,0.022499647892744692
430,A,0.05546798358926919,0.05546798358926919,0.05546798358926919,0.05546798358926919,0.05546798358926919,0.05546798358926919,0.05546798358926919,0.05546798358926919,0.05546798358926919,0.05546798358926919,0.05546798358926919,0.05546798358926919,0.021530219279410193,0.021530219279410193,0.021530219279410193,0.021530219279410193,0.021530219279410193,0.021530219279410193,0.021530219279410193,0.021530219279410193,0.021530219279410193,0.021530219279410193,0.021530219279410193,0.021530219279410193
431,C,0.0025890919451298598,0.0025890919451298598,0.0025890919451298598,0.0025890919451298598,0.0025890919451298598,0.0025890919451298598,0.0025890919451298598,0.0025890919451298598,0.0025890919451298598,0.0025890919451298598,0.0025890919451298598,0.0025890919451298598,0.0029364826242676027,0.0029364826242676027,0.0029364826242676027,0.0029364826242676027,0.0029364826242676027,0.0029364826242676027,0.0029364826242676027,0.0029364826242676027,0.0029364826242676027,0.0029364826242676027,0.0029364826242676027,0.0029364826242676027
432,G,7.750196679799554e-05,7.750196679799554e-05,7.750196679799554e-05,7.750196679799554e-05,7.750196679799554e-05,7.750196679799554e-05,7.750196679799554e-05,7.750196679799554e-05,7.750196679799554e-05,7.750196679799554e-05,7.750196679799554e-05,7.750196679799554e-05,2.7751111322965914e-05,2.7751111322965914e-05,2.7751111322965914e-05,2.7751111322965914e-05,2.7751111322965914e-05,2.7751111322965914e-05,2.7751111322965914e-05,2.7751111322965914e-05,2.7751111322965914e-05,2.7751111322965914e-05,2.7751111322965914e-05,2.7751111322965914e-05
433,A,0.09999020645017807,0.09999020645017807,0.09999020645017807,0.09999020645017807,0.09999020645017807,0.09999020645017807,0.09999020645017807,0.09999020645017807,0.09999020645017807,0.09999020645017807,0.09999020645017807,0.09999020645017807,0.0016260134319359006,0.0016260134319359006,0.0016260134319359006,0.0016260134319359006,0.0016260134319359006,0.0016260134319359006,0.0016260134319359006,0.0016260134319359006,0.0016260134319359006,0.0016260134319359006,0.0016260134319359006,0.0016260134319359006
434,T,3.839391735968986e-06,3.839391735968986e-06,3.839391735968986e-06,3.839391735968986e-06,3.839391735968986e-06,3.839391735968986e-06,3.839391735968986e-06,3.839391735968986e-06,3.839391735968986e-06,3.839391735968986e-06,3.839391735968986e-06,3.839391735968986e-06,4.784854468138352e-10,4.784854468138352e-10,4.784854468138352e-10,4.784854468138352e-10,4.784854468138352e-10,4.784854468138352e-10,4.784854468138352e-10,4.784854468138352e-10,4.784854468138352e-10,4.784854468138352e-10,4.784854468138352e-10,4.784854468138352e-10
435,A,0.09932778855814112,0.09932778855814112,0.09932778855814112,0.09932778855814112,0.09932778855814112,0.09932778855814112,0.09932778855814112,0.09932778855814112,0.09932778855814112,0.09932778855814112,0.09932778855814112,0.09932778855814112,0.006182979700888817,0.006182979700888817,0.006182979700888817,0.006182979700888817,0.006182979700888817,0.006182979700888817,0.006182979700888817,0.006182979700888817,0.006182979700888817,0.006182979700888817,0.006182979700888817,0.006182979700888817
436,T,4.9540334728089e-07,4.9540334728089e-07,4.9540334728089e-07,4.9540334728089e-07,4.9540334728089e-07,4.9540334728089e-07,4.9540334728089e-07,4.9540334728089e-07,4.9540334728089e-07,4.9540334728089e-07,4.9540334728089e-07,4.9540334728089e-07,2.1936782217989117e-06,2.1936782217989117e-06,2.1936782217989117e-06,2.1936782217989117e-06,2.1936782217989117e-06,2.1936782217989117e-06,2.1936782217989117e-06,2.1936782217989117e-06,2.1936782217989117e-06,2.1936782217989117e-06,2.1936782217989117e-06,2.1936782217989117e-06
437,T,2.6069238121360978e-08,2.6069238121360978e-08,2.6069238121360978e-08,2.6069238121360978e-08,2.6069238121360978e-08,2.6069238121360978e-08,2.6069238121360978e-08,2.6069238121360978e-08,2.6069238121360978e-08,2.6069238121360978e-08,2.6069238121360978e-08,2.6069238121360978e-08,7.771533680924259e-17,7.771533680924259e-17,7.771533680924259e-17,7.771533680924259e-17,7.771533680924259e-17,7.771533680924259e-17,7.771533680924259e-17,7.771533680924259e-17,7.771533680924259e-17,7.771533680924259e-17,7.771533680924259e-17,7.771533680924259e-17
438,G,0.00011102862266247725,0.00011102862266247725,0.00011102862266247725,0.00011102862266247725,0.00011102862266247725,0.00011102862266247725,0.00011102862266247725,0.00011102862266247725,0.00011102862266247725,0.00011102862266247725,0.00011102862266247725,0.00011102862266247725,0.005947874608154457,0.005947874608154457,0.005947874608154457,0.005947874608154457,0.005947874608154457,0.005947874608154457,0.005947874608154457,0.005947874608154457,0.005947874608154457,0.005947874608154457,0.005947874608154457,0.005947874608154457
439,A,0.010677522897558972,0.010677522897558972,0.010677522897558972,0.010677522897558972,0.010677522897558972,0.010677522897558972,0.010677522897558972,0.010677522897558972,0.010677522897558972,0.010677522897558972,0.010677522897558972,0.010677522897558972,0.006745170740622285,0.006745170740622285,0.006745170740622285,0.006745170740622285,0.006745170740622285,0.006745170740622285,0.006745170740622285,0.006745170740622285,0.006745170740622285,0.006745170740622285,0.006745170740622285,0.006745170740622285
440,G,0.0008077550849156593,0.0008077550849156593,0.0008077550849156593,0.0008077550849156593,0.0008077550849156593,0.0008077550849156593,0.0008077550849156593,0.0008077550849156593,0.0008077550849156593,0.0008077550849156593,0.0008077550849156593,0.0008077550849156593,1.3728383138417341e-05,1.3728383138417341e-05,1.3728383138417341e-05,1.3728383138417341e-05,1.3728383138417341e-05,1.3728383138417341e-05,1.3728383138417341e-05,1.3728383138417341e-05,1.3728383138417341e-05,1.3728383138417341e-05,1.3728383138417341e-05,1.3728383138417341e-05
441,G,0.0010076548530190178,0.0010076548530190178,0.0010076548530190178,0.0010076548530190178,0.0010076548530190178,0.0010076548530190178,0.0010076548530190178,0.0010076548530190178,0.0010076548530190178,0.0010076548530190178,0.0010076548530190178,0.0010076548530190178,0.0033129266029262245,0.0033129266029262245,0.0033129266029262245,0.0033129266029262245,0.0033129266029262245,0.0033129266029262245,0.0033129266029262245,0.0033129266029262245,0.0033129266029262245,0.0033129266029262245,0.0033129266029262245,0.0033129266029262245
442,G,4.357268234433078e-05,4.357268234433078e-05,4.357268234433078e-05,4.357268234433078e-05,4.357268234433078e-05,4.357268234433078e-05,4.357268234433078e-05,4.357268234433078e-05,4.357268234433078e-05,4.357268234433078e-05,4.357268234433078e-05,4.357268234433078e-05,1.4276305809985903e-05,1.4276305809985903e-05,1.4276305809985903e-05,1.4276305809985903e-05,1.4276305809985903e-05,1.4276305809985903e-05,1.4276305809985903e-05,1.4276305809985903e-05,1.4276305809985903e-05,1.4276305809985903e-05,1.4276305809985903e-05,1.4276305809985903e-05
443,C,0.02905214560232877,0.02905214560232877,0.02905214560232877,0.02905214560232877,0.02905214560232877,0.02905214560232877,0.02905214560232877,0.02905214560232877,0.02905214560232877,0.02905214560232877,0.02905214560232877,0.02905214560232877,0.005543264189005393,0.005543264189005393,0.005543264189005393,0.005543264189005393,0.005543264189005393,0.005543264189005393,0.005543264189005393,0.005543264189005393,0.005543264189005393,0.005543264189005393,0.005543264189005393,0.005543264189005393
444,G,0.0004962171458414221,0.0004962171458414221,0.0004962171458414221,0.0004962171458414221,0.0004962171458414221,0.0004962171458414221,0.0004962171458414221,0.0004962171458414221,0.0004962171458414221,0.0004962171458414221,0.0004962171458414221,0.0004962171458414221,5.28642606510194e-05,5.28642606510194e-05,5.28642606510194e-05,5.28642606510194e-05,5.28642606510194e-05,5.28642606510194e-05,5.28642606510194e-05,5.28642606510194e-05,5.28642606510194e-05,5.28642606510194e-05,5.28642606510194e-05,5.28642606510194e-05
445,A,0.03272956253058537,0.03272956253058537,0.03272956253058537,0.03272956253058537,0.03272956253058537,0.03272956253058537,0.03272956253058537,0.03272956253058537,0.03272956253058537,0.03272956253058537,0.03272956253058537,0.03272956253058537,0.0067916075583442604,0.0067916075583442604,0.0067916075583442604,0.0067916075583442604,0.0067916075583442604,0.0067916075583442604,0.0067916075583442604,0.0067916075583442604,0.0067916075583442604,0.0067916075583442604,0.0067916075583442604,0.0067916075583442604
446,G,7.924151843937953e-05,7.924151843937953e-05,7.924151843937953e-05,7.924151843937953e-05,7.924151843937953e-05,7.924151843937953e-05,7.924151843937953e-05,7.924151843937953e-05,7.924151843937953e-05,7.924151843937953e-05,7.924151843937953e-05,7.924151843937953e-05,0.003634711367599578,0.003634711367599578,0.003634711367599578,0.003634711367599578,0.003634711367599578,0.003634711367599578,0.003634711367599578,0.003634711367599578,0.003634711367599578,0.003634711367599578,0.003634711367599578,0.003634711367599578
447,A,0.03710005235595982,0.03710005235595982,0.03710005235595982,0.03710005235595982,0.03710005235595982,0.03710005235595982,0.03710005235595982,0.03710005235595982,0.03710005235595982,0.03710005235595982,0.03710005235595982,0.03710005235595982,0.001877181131653768,0.001877181131653768,0.001877181131653768,0.001877181131653768,0.001877181131653768,0.001877181131653768,0.001877181131653768,0.001877181131653768,0.001877181131653768,0.001877181131653768,0.001877181131653768,0.001877181131653768
448,C,0.03795362864430077,0.03795362864430077,0.03795362864430077,0.03795362864430077,0.03795362864430077,0.03795362864430077,0.03795362864430077,0.03795362864430077,0.03795362864430077,0.03795362864430077,0.03795362864430077,0.03795362864430077,0.04503398072563582,0.04503398072563582,0.04503398072563582,0.04503398072563582,0.04503398072563582,0.04503398072563582,0.04503398072563582,0.04503398072563582,0.04503398072563582,0.04503398072563582,0.04503398072563582,0.04503398072563582
449,C,0.0094486724306211,0.0094486724306211,0.0094486724306211,0.0094486724306211,0.0094486724306211,0.0094486724306211,0.0094486724306211,0.0094486724306211,0.0094486724306211,0.0094486724306211,0.0094486724306211,0.0094486724306211,0.027851055741604656,0.027851055741604656,0.027851055741604656,0.027851055741604656,0.027851055741604656,0.027851055741604656,0.027851055741604656,0.027851055741604656,0.027851055741604656,0.027851055741604656,0.027851055741604656,0.027851055741604656
450,T,3.912905699221123e-08,3.912905699221123e-08,3.912905699221123e-08,3.912905699221123e-08,3.912905699221123e-08,3.912905699221123e-08,3.912905699221123e-08,3.912905699221123e-08,3.912905699221123e-08,3.912905699221123e-08,3.912905699221123e-08,3.912905699221123e-08,0.00018316782494824907,0.00018316782494824907,0.00018316782494824907,0.00018316782494824907,0.00018316782494824907,0.00018316782494824907,0.00018316782494824907,0.00018316782494824907,0.00018316782494824907,0.00018316782494824907,0.00018316782494824907,0.00018316782494824907
451,A,0.011556226841039373,0.011556226841039373,0.011556226841039373,0.011556226841039373,0.011556226841039373,0.011556226841039373,0.011556226841039373,0.011556226841039373,0.011556226841039373,0.011556226841039373,0.011556226841039373,0.011556226841039373,0.0056646710978503064,0.0056646710978503064,0.0056646710978503064,0.0056646710978503064,0.0056646710978503064,0.0056646710978503064,0.0056646710978503064,0.0056646710978503064,0.0056646710978503064,0.0056646710978503064,0.0056646710978503064,0.0056646710978503064
452,G,0.00406198080304563,0.00406198080304563,0.00406198080304563,0.00406198080304563,0.00406198080304563,0.00406198080304563,0.00406198080304563,0.00406198080304563,0.00406198080304563,0.00406198080304563,0.00406198080304563,0.00406198080304563,0.0037455725578853442,0.0037455725578853442,0.0037455725578853442,0.0037455725578853442,0.0037455725578853442,0.0037455725578853442,0.0037455725578853442,0.0037455725578853442,0.0037455725578853442,0.0037455725578853442,0.0037455725578853442,0.0037455725578853442
453,T,0.000864785169519238,0.000864785169519238,0.000864785169519238,0.000864785169519238,0.000864785169519238,0.000864785169519238,0.000864785169519238,0.000864785169519238,0.000864785169519238,0.000864785169519238,0.000864785169519238,0.000864785169519238,1.851335796144475e-09,1.851335796144475e-09,1.851335796144475e-09,1.851335796144475e-09,1.851335796144475e-09,1.851335796144475e-09,1.851335796144475e-09,1.851335796144475e-09,1.851335796144475e-09,1.851335796144475e-09,1.851335796144475e-09,1.851335796144475e-09
454,A,0.025892054920864428,0.025892054920864428,0.025892054920864428,0.025892054920864428,0.025892054920864428,0.025892054920864428,0.025892054920864428,0.025892054920864428,0.025892054920864428,0.025892054920864428,0.025892054920864428,0.025892054920864428,0.08582208332595828,0.08582208332595828,0.08582208332595828,0.08582208332595828,0.08582208332595828,0.08582208332595828,0.08582208332595828,0.08582208332595828,0.08582208332595828,0.08582208332595828,0.08582208332595828,0.08582208332595828
455,T,0.004455619351836096,0.004455619351836096,0.004455619351836096,0.004455619351836096,0.004455619351836096,0.004455619351836096,0.004455619351836096,0.004455619351836096,0.004455619351836096,0.004455619351836096,0.004455619351836096,0.004455619351836096,0.004134913706043313,0.004134913706043313,0.004134913706043313,0.004134913706043313,0.004134913706043313,0.004134913706043313,0.004134913706043313,0.004134913706043313,0.004134913706043313,0.004134913706043313,0.004134913706043313,0.004134913706043313
456,A,0.09249813516592667,0.09249813516592667,0.09249813516592667,0.09249813516592667,0.09249813516592667,0.09249813516592667,0.09249813516592667,0.09249813516592667,0.09249813516592667,0.09249813516592667,0.09249813516592667,0.09249813516592667,0.041584891976858405,0.041584891976858405,0.041584891976858405,0.041584891976858405,0.041584891976858405,0.041584891976858405,0.041584891976858405,0.041584891976858405,0.041584891976858405,0.041584891976858405,0.041584891976858405,0.041584891976858405
457,T,3.137013925835923e-11,3.137013925835923e-11,3.137013925835923e-11,3.137013925835923e-11,3.137013925835923e-11,3.137013925835923e-11,3.137013925835923e-11,3.137013925835923e-11,3.137013925835923e-11,3.137013925835923e-11,3.137013925835923e-11,3.137013925835923e-11,2.2669125616436115e-12,2.2669125616436115e-12,2.2669125616436115e-12,2.2669125616436115e-12,2.2669125616436115e-12,2.2669125616436115e-12,2.2669125616436115e-12,2.2669125616436115e-12,2.2669125616436115e-12,2.2669125616436115e-12,2.2669125616436115e-12,2.2669125616436115e-12
458,A,0.018582047851965985,0.018582047851965985,0.018582047851965985,0.018582047851965985,0.018582047851965985,0.018582047851965985,0.018582047851965985,0.018582047851965985,0.018582047851965985,0.018582047851965985,0.018582047851965985,0.018582047851965985,0.04866063108327433,0.04866063108327433,0.04866063108327433,0.04866063108327433,0.04866063108327433,0.04866063108327433,0.04866063108327433,0.04866063108327433,0.04866063108327433,0.04866063108327433,0.04866063108327433,0.04866063108327433
459,T,1.0722181872517105e-09,1.0722181872517105e-09,1.0722181872517105e-09,1.0722181872517105e-09,1.0722181872517105e-09,1.0722181872517105e-09,1.0722181872517105e-09,1.0722181872517105e-09,1.0722181872517105e-09,1.0722181872517105e-09,1.0722181872517105e-09,1.0722181872517105e-09,0.004993755882155362,0.004993755882155362,0.004993755882155362,0.004993755882155362,0.004993755882155362,0.004993755882155362,0.004993755882155362,0.004993755882155362,0.004993755882155362,0.004993755882155362,0.004993755882155362,0.004993755882155362
460,A,0.005294407150416316,0.005294407150416316,0.005294407150416316,0.005294407150416316,0.005294407150416316,0.005294407150416316,0.005294407150416316,0.005294407150416316,0.005294407150416316,0.005294407150416316,0.005294407150416316,0.005294407150416316,0.07484898384124646,0.07484898384124646,0.07484898384124646,0.07484898384124646,0.07484898384124646,0.07484898384124646,0.07484898384124646,0.07484898384124646,0.07484898384124646,0.07484898384124646,0.07484898384124646,0.07484898384124646
461,G,0.00017119427340298724,0.00017119427340298724,0.00017119427340298724,0.00017119427340298724,0.00017119427340298724,0.00017119427340298724,0.00017119427340298724,0.00017119427340298724,0.00017119427340298724,0.00017119427340298724,0.00017119427340298724,0.00017119427340298724,0.0001617206628571212,0.0001617206628571212,0.0001617206628571212,0.0001617206628571212,0.0001617206628571212,0.0001617206628571212,0.0001617206628571212,0.0001617206628571212,0.0001617206628571212,0.0001617206628571212,0.0001617206628571212,0.0001617206628571212
462,C,0.03442782727549871,0.03442782727549871,0.03442782727549871,0.03442782727549871,0.03442782727549871,0.03442782727549871,0.03442782727549871,0.03442782727549871,0.03442782727549871,0.03442782727549871,0.03442782727549871,0.03442782727549871,0.02072368159798346,0.02072368159798346,0.02072368159798346,0.02072368159798346,0.02072368159798346,0.02072368159798346,0.02072368159798346,0.02072368159798346,0.02072368159798346,0.02072368159798346,0.02072368159798346,0.02072368159798346
463,T,3.205126751672201e-47,3.205126751672201e-47,3.205126751672201e-47,3.205126751672201e-47,3.205126751672201e-47,3.205126751672201e-47,3.205126751672201e-47,3.205126751672201e-47,3.205126751672201e-47,3.205126751672201e-47,3.205126751672201e-47,3.205126751672201e-47,1.2203461127142669e-05,1.2203461127142669e-05,1.2203461127142669e-05,1.2203461127142669e-05,1.2203461127142669e-05,1.2203461127142669e-05,1.2203461127142669e-05,1.2203461127142669e-05,1.2203461127142669e-05,1.2203461127142669e-05,1.2203461127142669e-05,1.2203461127142669e-05
464,A,0.024760826622797286,0.024760826622797286,0.024760826622797286,0.024760826622797286,0.024760826622797286,0.024760826622797286,0.024760826622797286,0.024760826622797286,0.024760826622797286,0.024760826622797286,0.024760826622797286,0.024760826622797286,0.0012852046080172575,0.0012852046080172575,0.0012852046080172575,0.0012852046080172575,0.0012852046080172575,0.0012852046080172575,0.0012852046080172575,0.0012852046080172575,0.0012852046080172575,0.0012852046080172575,0.0012852046080172575,0.0012852046080172575
465,G,0.000321511634165335,0.000321511634165335,0.000321511634165335,0.000321511634165335,0.000321511634165335,0.000321511634165335,0.000321511634165335,0.000321511634165335,0.000321511634165335,0.000321511634165335,0.000321511634165335,0.000321511634165335,4.0126540763582786e-05,4.0126540763582786e-05,4.0126540763582786e-05,4.0126540763582786e-05,4.0126540763582786e-05,4.0126540763582786e-05,4.0126540763582786e-05,4.0126540763582786e-05,4.0126540763582786e-05,4.0126540763582786e-05,4.0126540763582786e-05,4.0126540763582786e-05
466,T,2.261372678588607e-08,2.261372678588607e-08,2.261372678588607e-08,2.261372678588607e-08,2.261372678588607e-08,2.261372678588607e-08,2.261372678588607e-08,2.261372678588607e-08,2.261372678588607e-08,2.261372678588607e-08,2.261372678588607e-08,2.261372678588607e-08,2.261372678588607e-08,2.261372678588607e-08,2.261372678588607e-08,2.261372678588607e-08,2.261372678588607e-08,2.261372678588607e-08,2.261372678588607e-08,2.261372678588607e-08,2.261372678588607e-08,2.261372678588607e-08,2.261372678588607e-08,2.261372678588607e-08
467,T,1.3222183325097404e-11,1.3222183325097404e-11,1.3222183325097404e-11,1.3222183325097404e-11,1.3222183325097404e-11,1.3222183325097404e-11,1.3222183325097404e-11,1.3222183325097404e-11,1.3222183325097404e-11,1.3222183325097404e-11,1.3222183325097404e-11,1.3222183325097404e-11,1.3222183325097404e-11,1.3222183325097404e-11,1.3222183325097404e-11,1.3222183325097404e-11,1.3222183325097404e-11,1.3222183325097404e-11,1.3222183325097404e-11,1.3222183325097404e-11,1.3222183325097404e-11,1.3222183325097404e-11,1.3222183325097404e-11,1.3222183325097404e-11
468,A,0.0027593079858121766,0.0027593079858121766,0.0027593079858121766,0.0027593079858121766,0.0027593079858121766,0.0027593079858121766,0.0027593079858121766,0.0027593079858121766,0.0027593079858121766,0.0027593079858121766,0.0027593079858121766,0.0027593079858121766,0.0027593079858121766,0.0027593079858121766,0.0027593079858121766,0.0027593079858121766,0.0027593079858121766,0.0027593079858121766,0.0027593079858121766,0.0027593079858121766,0.0027593079858121766,0.0027593079858121766,0.0027593079858121766,0.0027593079858121766
469,G,0.0013527537209470474,0.0013527537209470474,0.0013527537209470474,0.0013527537209470474,0.0013527537209470474,0.0013527537209470474,0.0013527537209470474,0.0013527537209470474,0.0013527537209470474,0.0013527537209470474,0.0013527537209470474,0.0013527537209470474,0.0013527537209470474,0.0013527537209470474,0.0013527537209470474,0.0013527537209470474,0.0013527537209470474,0.0013527537209470474,0.0013527537209470474,0.0013527537209470474,0.0013527537209470474,0.0013527537209470474,0.0013527537209470474,0.0013527537209470474
470,A,0.045494673580198645,0.045494673580198645,0.045494673580198645,0.045494673580198645,0.045494673580198645,0.045494673580198645,0.045494673580198645,0.045494673580198645,0.045494673580198645,0.045494673580198645,0.045494673580198645,0.045494673580198645,0.045494673580198645,0.045494673580198645,0.045494673580198645,0.045494673580198645,0.045494673580198645,0.045494673580198645,0.045494673580198645,0.045494673580198645,0.045494673580198645,0.045494673580198645,0.045494673580198645,0.045494673580198645
471,T,0.0030328638681108785,0.0030328638681108785,0.0030328638681108785,0.0030328638681108785,0.0030328638681108785,0.0030328638681108785,0.0030328638681108785,0.0030328638681108785,0.0030328638681108785,0.0030328638681108785,0.0030328638681108785,0.0030328638681108785,0.0030328638681108785,0.0030328638681108785,0.0030328638681108785,0.0030328638681108785,0.0030328638681108785,0.0030328638681108785,0.0030328638681108785,0.0030328638681108785,0.0030328638681108785,0.0030328638681108785,0.0030328638681108785,0.0030328638681108785
472,C,0.0026936229906305144,0.0026936229906305144,0.0026936229906305144,0.0026936229906305144,0.0026936229906305144,0.0026936229906305144,0.0026936229906305144,0.0026936229906305144,0.0026936229906305144,0.0026936229906305144,0.0026936229906305144,0.0026936229906305144,0.0026936229906305144,0.0026936229906305144,0.0026936229906305144,0.0026936229906305144,0.0026936229906305144,0.0026936229906305144,0.0026936229906305144,0.0026936229906305144,0.0026936229906305144,0.0026936229906305144,0.0026936229906305144,0.0026936229906305144
473,T,0.0028558891427571823,0.0028558891427571823,0.0028558891427571823,0.0028558891427571823,0.0028558891427571823,0.0028558891427571823,0.0028558891427571823,0.0028558891427571823,0.0028558891427571823,0.0028558891427571823,0.0028558891427571823,0.0028558891427571823,0.0028558891427571823,0.0028558891427571823,0.0028558891427571823,0.0028558891427571823,0.0028558891427571823,0.0028558891427571823,0.0028558891427571823,0.0028558891427571823,0.0028558891427571823,0.0028558891427571823,0.0028558891427571823,0.0028558891427571823
474,A,0.008874450676954044,0.008874450676954044,0.008874450676954044,0.008874450676954044,0.008874450676954044,0.008874450676954044,0.008874450676954044,0.008874450676954044,0.008874450676954044,0.008874450676954044,0.008874450676954044,0.008874450676954044,0.008874450676954044,0.008874450676954044,0.008874450676954044,0.008874450676954044,0.008874450676954044,0.008874450676954044,0.008874450676954044,0.008874450676954044,0.008874450676954044,0.008874450676954044,0.008874450676954044,0.008874450676954044
475,T,3.140971635258551e-08,3.140971635258551e-08,3.140971635258551e-08,3.140971635258551e-08,3.140971635258551e-08,3.140971635258551e-08,3.140971635258551e-08,3.140971635258551e-08,3.140971635258551e-08,3.140971635258551e-08,3.140971635258551e-08,3.140971635258551e-08,3.140971635258551e-08,3.140971635258551e-08,3.140971635258551e-08,3.140971635258551e-08,3.140971635258551e-08,3.140971635258551e-08,3.140971635258551e-08,3.140971635258551e-08,3.140971635258551e-08,3.140971635258551e-08,3.140971635258551e-08,3.140971635258551e-08
476,T,4.642509695747202e-05,4.642509695747202e-05,4.642509695747202e-05,4.642509695747202e-05,4.642509695747202e-05,4.642509695747202e-05,4.642509695747202e-05,4.642509695747202e-05,4.642509695747202e-05,4.642509695747202e-05,4.642509695747202e-05,4.642509695747202e-05,4.642509695747202e-05,4.642509695747202e-05,4.642509695747202e-05,4.642509695747202e-05,4.642509695747202e-05,4.642509695747202e-05,4.642509695747202e-05,4.642509695747202e-05,4.642509695747202e-05,4.642509695747202e-05,4.642509695747202e-05,4.642509695747202e-05
477,G,2.798220914625358e-09,2.798220914625358e-09,2.798220914625358e-09,2.798220914625358e-09,2.798220914625358e-09,2.798220914625358e-09,2.798220914625358e-09,2.798220914625358e-09,2.798220914625358e-09,2.798220914625358e-09,2.798220914625358e-09,2.798220914625358e-09,2.798220914625358e-09,2.798220914625358e-09,2.798220914625358e-09,2.798220914625358e-09,2.798220914625358e-09,2.798220914625358e-09,2.798220914625358e-09,2.798220914625358e-09,2.798220914625358e-09,2.798220914625358e-09,2.798220914625358e-09,2.798220914625358e-09
478,C,0.04271269253965734,0.04271269253965734,0.04271269253965734,0.04271269253965734,0.04271269253965734,0.04271269253965734,0.04271269253965734,0.04271269253965734,0.04271269253965734,0.04271269253965734,0.04271269253965734,0.04271269253965734,0.04271269253965734,0.04271269253965734,0.04271269253965734,0.04271269253965734,0.04271269253965734,0.04271269253965734,0.04271269253965734,0.04271269253965734,0.04271269253965734,0.04271269253965734,0.04271269253965734,0.04271269253965734
479,A,0.05473325308252411,0.05473325308252411,0.05473325308252411,0.05473325308252411,0.05473325308252411,0.05473325308252411,0.05473325308252411,0.05473325308252411,0.05473325308252411,0.05473325308252411,0.05473325308252411,0.05473325308252411,0.05473325308252411,0.05473325308252411,0.05473325308252411,0.05473325308252411,0.05473325308252411,0.05473325308252411,0.05473325308252411,0.05473325308252411,0.05473325308252411,0.05473325308252411,0.05473325308252411,0.05473325308252411
480,A,0.00570417110947658,0.00570417110947658,0.00570417110947658,0.00570417110947658,0.00570417110947658,0.00570417110947658,0.00570417110947658,0.00570417110947658,0.00570417110947658,0.00570417110947658,0.00570417110947658,0.00570417110947658,0.00570417110947658,0.00570417110947658,0.00570417110947658,0.00570417110947658,0.00570417110947658,0.00570417110947658,0.00570417110947658,0.00570417110947658,0.00570417110947658,0.00570417110947658,0.00570417110947658,0.00570417110947658
481,G,2.0470600272592046e-06,2.0470600272592046e-06,2.0470600272592046e-06,2.0470600272592046e-06,2.0470600272592046e-06,2.0470600272592046e-06,2.0470600272592046e-06,2.0470600272592046e-06,2.0470600272592046e-06,2.0470600272592046e-06,2.0470600272592046e-06,2.0470600272592046e-06,2.0470600272592046e-06,2.0470600272592046e-06,2.0470600272592046e-06,2.0470600272592046e-06,2.0470600272592046e-06,2.0470600272592046e-06,2.0470600272592046e-06,2.0470600272592046e-06,2.0470600272592046e-06,2.0470600272592046e-06,2.0470600272592046e-06,2.0470600272592046e-06
482,A,0.0055508485788262375,0.0055508485788262375,0.0055508485788262375,0.0055508485788262375,0.0055508485788262375,0.0055508485788262375,0.0055508485788262375,0.0055508485788262375,0.0055508485788262375,0.0055508485788262375,0.0055508485788262375,0.0055508485788262375,0.0055508485788262375,0.0055508485788262375,0.0055508485788262375,0.0055508485788262375,0.0055508485788262375,0.0055508485788262375,0.0055508485788262375,0.0055508485788262375,0.0055508485788262375,0.0055508485788262375,0.0055508485788262375,0.0055508485788262375
483,C,0.04647712536646383,0.04647712536646383,0.04647712536646383,0.04647712536646383,0.04647712536646383,0.04647712536646383,0.04647712536646383,0.04647712536646383,0.04647712536646383,0.04647712536646383,0.04647712536646383,0.04647712536646383,0.04647712536646383,0.04647712536646383,0.04647712536646383,0.04647712536646383,0.04647712536646383,0.04647712536646383,0.04647712536646383,0.04647712536646383,0.04647712536646383,0.04647712536646383,0.04647712536646383,0.04647712536646383
484,C,0.03271501469072483,0.03271501469072483,0.03271501469072483,0.03271501469072483,0.03271501469072483,0.03271501469072483,0.03271501469072483,0.03271501469072483,0.03271501469072483,0.03271501469072483,0.03271501469072483,0.03271501469072483,0.03271501469072483,0.03271501469072483,0.03271501469072483,0.03271501469072483,0.03271501469072483,0.03271501469072483,0.03271501469072483,0.03271501469072483,0.03271501469072483,0.03271501469072483,0.03271501469072483,0.03271501469072483
485,T,2.7348469747836093e-09,2.7348469747836093e-09,2.7348469747836093e-09,2.7348469747836093e-09,2.7348469747836093e-09,2.7348469747836093e-09,2.7348469747836093e-09,2.7348469747836093e-09,2.7348469747836093e-09,2.7348469747836093e-09,2.7348469747836093e-09,2.7348469747836093e-09,2.7348469747836093e-09,2.7348469747836093e-09,2.7348469747836093e-09,2.7348469747836093e-09,2.7348469747836093e-09,2.7348469747836093e-09,2.7348469747836093e-09,2.7348469747836093e-09,2.7348469747836093e-09,2.7348469747836093e-09,2.7348469747836093e-09,2.7348469747836093e-09
486,G,8.803815490057191e-08,8.803815490057191e-08,8.803815490057191e-08,8.803815490057191e-08,8.803815490057191e-08,8.803815490057191e-08,8.803815490057191e-08,8.803815490057191e-08,8.803815490057191e-08,8.803815490057191e-08,8.803815490057191e-08,8.803815490057191e-08,8.803815490057191e-08,8.803815490057191e-08,8.803815490057191e-08,8.803815490057191e-08,8.803815490057191e-08,8.803815490057191e-08,8.803815490057191e-08,8.803815490057191e-08,8.803815490057191e-08,8.803815490057191e-08,8.803815490057191e-08,8.803815490057191e-08
487,A,0.002179024280479118,0.002179024280479118,0.002179024280479118,0.002179024280479118,0.002179024280479118,0.002179024280479118,0.002179024280479118,0.002179024280479118,0.002179024280479118,0.002179024280479118,0.002179024280479118,0.002179024280479118,0.002179024280479118,0.002179024280479118,0.002179024280479118,0.002179024280479118,0.002179024280479118,0.002179024280479118,0.002179024280479118,0.002179024280479118,0.002179024280479118,0.002179024280479118,0.002179024280479118,0.002179024280479118
488,T,0.0019456219995212319,0.0019456219995212319,0.0019456219995212319,0.0019456219995212319,0.0019456219995212319,0.0019456219995212319,0.0019456219995212319,0.0019456219995212319,0.0019456219995212319,0.0019456219995212319,0.0019456219995212319,0.0019456219995212319,6.212075466861016e-15,6.212075466861016e-15,6.212075466861016e-15,6.212075466861016e-15,6.212075466861016e-15,6.212075466861016e-15,6.212075466861016e-15,6.212075466861016e-15,6.212075466861016e-15,6.212075466861016e-15,6.212075466861016e-15,6.212075466861016e-15
489,T,0.00022885375011271492,0.00022885375011271492,0.00022885375011271492,0.00022885375011271492,0.00022885375011271492,0.00022885375011271492,0.00022885375011271492,0.00022885375011271492,0.00022885375011271492,0.00022885375011271492,0.00022885375011271492,0.00022885375011271492,0.002558457932027545,0.002558457932027545,0.002558457932027545,0.002558457932027545,0.002558457932027545,0.002558457932027545,0.002558457932027545,0.002558457932027545,0.002558457932027545,0.002558457932027545,0.002558457932027545,0.002558457932027545
490,T,4.926870423225317e-08,4.926870423225317e-08,4.926870423225317e-08,4.926870423225317e-08,4.926870423225317e-08,4.926870423225317e-08,4.926870423225317e-08,4.926870423225317e-08,4.926870423225317e-08,4.926870423225317e-08,4.926870423225317e-08,4.926870423225317e-08,0.0001434847572517242,0.0001434847572517242,0.0001434847572517242,0.0001434847572517242,0.0001434847572517242,0.0001434847572517242,0.0001434847572517242,0.0001434847572517242,0.0001434847572517242,0.0001434847572517242,0.0001434847572517242,0.0001434847572517242
491,T,9.24894029976337e-06,9.24894029976337e-06,9.24894029976337e-06,9.24894029976337e-06,9.24894029976337e-06,9.24894029976337e-06,9.24894029976337e-06,9.24894029976337e-06,9.24894029976337e-06,9.24894029976337e-06,9.24894029976337e-06,9.24894029976337e-06,3.5295093257273153e-07,3.5295093257273153e-07,3.5295093257273153e-07,3.5295093257273153e-07,3.5295093257273153e-07,3.5295093257273153e-07,3.5295093257273153e-07,3.5295093257273153e-07,3.5295093257273153e-07,3.5295093257273153e-07,3.5295093257273153e-07,3.5295093257273153e-07
492,A,0.0025458188499248727,0.0025458188499248727,0.0025458188499248727,0.0025458188499248727,0.0025458188499248727,0.0025458188499248727,0.0025458188499248727,0.0025458188499248727,0.0025458188499248727,0.0025458188499248727,0.0025458188499248727,0.0025458188499248727,0.01246931921324905,0.01246931921324905,0.01246931921324905,0.01246931921324905,0.01246931921324905,0.01246931921324905,0.01246931921324905,0.01246931921324905,0.01246931921324905,0.01246931921324905,0.01246931921324905,0.01246931921324905
493,T,2.0798720814200237e-10,2.0798720814200237e-10,2.0798720814200237e-10,2.0798720814200237e-10,2.0798720814200237e-10,2.0798720814200237e-10,2.0798720814200237e-10,2.0798720814200237e-10,2.0798720814200237e-10,2.0798720814200237e-10,2.0798720814200237e-10,2.0798720814200237e-10,0.001118256769953719,0.001118256769953719,0.001118256769953719,0.001118256769953719,0.001118256769953719,0.001118256769953719,0.001118256769953719,0.001118256769953719,0.001118256769953719,0.001118256769953719,0.001118256769953719,0.001118256769953719
494,T,2.3402727526095117e-24,2.3402727526095117e-24,2.3402727526095117e-24,2.3402727526095117e-24,2.3402727526095117e-24,2.3402727526095117e-24,2.3402727526095117e-24,2.3402727526095117e-24,2.3402727526095117e-24,2.3402727526095117e-24,2.3402727526095117e-24,2.3402727526095117e-24,1.779251506328001e-10,1.779251506328001e-10,1.779251506328001e-10,1.779251506328001e-10,1.779251506328001e-10,1.779251506328001e-10,1.779251506328001e-10,1.779251506328001e-10,1.779251506328001e-10,1.779251506328001e-10,1.779251506328001e-10,1.779251506328001e-10
495,C,0.0306313365057969,0.0306313365057969,0.0306313365057969,0.0306313365057969,0.0306313365057969,0.0306313365057969,0.0306313365057969,0.0306313365057969,0.0306313365057969,0.0306313365057969,0.0306313365057969,0.0306313365057969,0.03838198566712691,0.03838198566712691,0.03838198566712691,0.03838198566712691,0.03838198566712691,0.03838198566712691,0.03838198566712691,0.03838198566712691,0.03838198566712691,0.03838198566712691,0.03838198566712691,0.03838198566712691
496,A,0.030092741612368565,0.030092741612368565,0.030092741612368565,0.030092741612368565,0.030092741612368565,0.030092741612368565,0.030092741612368565,0.030092741612368565,0.030092741612368565,0.030092741612368565,0.030092741612368565,0.030092741612368565,0.04984934437809725,0.04984934437809725,0.04984934437809725,0.04984934437809725,0.04984934437809725,0.04984934437809725,0.04984934437809725,0.04984934437809725,0.04984934437809725,0.04984934437809725,0.04984934437809725,0.04984934437809725
497,C,0.008680701854044681,0.008680701854044681,0.008680701854044681,0.008680701854044681,0.008680701854044681,0.008680701854044681,0.008680701854044681,0.008680701854044681,0.008680701854044681,0.008680701854044681,0.008680701854044681,0.008680701854044681,0.036595570723652764,0.036595570723652764,0.036595570723652764,0.036595570723652764,0.036595570723652764,0.036595570723652764,0.036595570723652764,0.036595570723652764,0.036595570723652764,0.036595570723652764,0.036595570723652764,0.036595570723652764
498,T,0.004860069174366793,0.004860069174366793,0.004860069174366793,0.004860069174366793,0.004860069174366793,0.004860069174366793,0.004860069174366793,0.004860069174366793,0.004860069174366793,0.004860069174366793,0.004860069174366793,0.004860069174366793,6.072370095891477e-08,6.072370095891477e-08,6.072370095891477e-08,6.072370095891477e-08,6.072370095891477e-08,6.072370095891477e-08,6.072370095891477e-08,6.072370095891477e-08,6.072370095891477e-08,6.072370095891477e-08,6.072370095891477e-08,6.072370095891477e-08
499,A,0.009729465939763376,0.009729465939763376,0.009729465939763376,0.009729465939763376,0.009729465939763376,0.009729465939763376,0.009729465939763376,0.009729465939763376,0.009729465939763376,0.009729465939763376,0.009729465939763376,0.009729465939763376,0.016030526820308876,0.016030526820308876,0.016030526820308876,0.016030526820308876,0.016030526820308876,0.016030526820308876,0.016030526820308876,0.016030526820308876,0.016030526820308876,0.016030526820308876,0.016030526820308876,0.016030526820308876
500,G,0.0015809019248624893,0.0015809019248624893,0.0015809019248624893,0.0015809019248624893,0.0015809019248624893,0.0015809019248624893,0.0015809019248624893,0.0015809019248624893,0.0015809019248624893,0.0015809019248624893,0.0015809019248624893,0.0015809019248624893,0.00048522366970433286,0.00048522366970433286,0.00048522366970433286,0.00048522366970433286,0.00048522366970433286,0.00048522366970433286,0.00048522366970433286,0.00048522366970433286,0.00048522366970433286,0.00048522366970433286,0.00048522366970433286,0.00048522366970433286
501,T,0.004085987263718462,0.004085987263718462,0.004085987263718462,0.004085987263718462,0.004085987263718462,0.004085987263718462,0.004085987263718462,0.004085987263718462,0.004085987263718462,0.004085987263718462,0.004085987263718462,0.004085987263718462,2.1532493655655872e-11,2.1532493655655872e-11,2.1532493655655872e-11,2.1532493655655872e-11,2.1532493655655872e-11,2.1532493655655872e-11,2.1532493655655872e-11,2.1532493655655872e-11,2.1532493655655872e-11,2.1532493655655872e-11,2.1532493655655872e-11,2.1532493655655872e-11
502,A,0.009289633262234977,0.009289633262234977,0.009289633262234977,0.009289633262234977,0.009289633262234977,0.009289633262234977,0.009289633262234977,0.009289633262234977,0.009289633262234977,0.009289633262234977,0.009289633262234977,0.009289633262234977,0.002335260933825836,0.002335260933825836,0.002335260933825836,0.002335260933825836,0.002335260933825836,0.002335260933825836,0.002335260933825836,0.002335260933825836,0.002335260933825836,0.002335260933825836,0.002335260933825836,0.002335260933825836
503,G,0.0021106460477110386,0.0021106460477110386,0.0021106460477110386,0.0021106460477110386,0.0021106460477110386,0.0021106460477110386,0.0021106460477110386,0.0021106460477110386,0.0021106460477110386,0.0021106460477110386,0.0021106460477110386,0.0021106460477110386,0.0006433824068197834,0.0006433824068197834,0.0006433824068197834,0.0006433824068197834,0.0006433824068197834,0.0006433824068197834,0.0006433824068197834,0.0006433824068197834,0.0006433824068197834,0.0006433824068197834,0.0006433824068197834,0.0006433824068197834
504,A,0.009145075147638789,0.009145075147638789,0.009145075147638789,0.009145075147638789,0.009145075147638789,0.009145075147638789,0.009145075147638789,0.009145075147638789,0.009145075147638789,0.009145075147638789,0.009145075147638789,0.009145075147638789,0.0031685969520843294,0.0031685969520843294,0.0031685969520843294,0.0031685969520843294,0.0031685969520843294,0.0031685969520843294,0.0031685969520843294,0.0031685969520843294,0.0031685969520843294,0.0031685969520843294,0.0031685969520843294,0.0031685969520843294
505,A,0.025103737775411947,0.025103737775411947,0.025103737775411947,0.025103737775411947,0.025103737775411947,0.025103737775411947,0.025103737775411947,0.025103737775411947,0.025103737775411947,0.025103737775411947,0.025103737775411947,0.025103737775411947,0.028783167144143307,0.028783167144143307,0.028783167144143307,0.028783167144143307,0.028783167144143307,0.028783167144143307,0.028783167144143307,0.028783167144143307,0.028783167144143307,0.028783167144143307,0.028783167144143307,0.028783167144143307
506,A,0.08882822022007993,0.08882822022007993,0.08882822022007993,0.08882822022007993,0.08882822022007993,0.08882822022007993,0.08882822022007993,0.08882822022007993,0.08882822022007993,0.08882822022007993,0.08882822022007993,0.08882822022007993,0.031679051906016775,0.031679051906016775,0.031679051906016775,0.031679051906016775,0.031679051906016775,0.031679051906016775,0.031679051906016775,0.031679051906016775,0.031679051906016775,0.031679051906016775,0.031679051906016775,0.031679051906016775
507,C,0.015969320487225207,0.015969320487225207,0.015969320487225207,0.015969320487225207,0.015969320487225207,0.015969320487225207,0.015969320487225207,0.015969320487225207,0.015969320487225207,0.015969320487225207,0.015969320487225207,0.015969320487225207,0.02527886001262873,0.02527886001262873,0.02527886001262873,0.02527886001262873,0.02527886001262873,0.02527886001262873,0.02527886001262873,0.02527886001262873,0.02527886001262873,0.02527886001262873,0.02527886001262873,0.02527886001262873
508,A,0.029772551533244613,0.029772551533244613,0.029772551533244613,0.029772551533244613,0.029772551533244613,0.029772551533244613,0.029772551533244613,0.029772551533244613,0.029772551533244613,0.029772551533244613,0.029772551533244613,0.029772551533244613,0.03222363237942941,0.03222363237942941,0.03222363237942941,0.03222363237942941,0.03222363237942941,0.03222363237942941,0.03222363237942941,0.03222363237942941,0.03222363237942941,0.03222363237942941,0.03222363237942941,0.03222363237942941
509,C,0.02745954841140256,0.02745954841140256,0.02745954841140256,0.02745954841140256,0.02745954841140256,0.02745954841140256,0.02745954841140256,0.02745954841140256,0.02745954841140256,0.02745954841140256,0.02745954841140256,0.02745954841140256,0.05335314839460588,0.05335314839460588,0.05335314839460588,0.05335314839460588,0.05335314839460588,0.05335314839460588,0.05335314839460588,0.05335314839460588,0.05335314839460588,0.05335314839460588,0.05335314839460588,0.05335314839460588
510,C,0.0017525378006285044,0.0017525378006285044,0.0017525378006285044,0.0017525378006285044,0.0017525378006285044,0.0017525378006285044,0.0017525378006285044,0.0017525378006285044,0.0017525378006285044,0.0017525378006285044,0.0017525378006285044,0.0017525378006285044,0.016919054961077852,0.016919054961077852,0.016919054961077852,0.016919054961077852,0.016919054961077852,0.016919054961077852,0.016919054961077852,0.016919054961077852,0.016919054961077852,0.016919054961077852,0.016919054961077852,0.016919054961077852
511,C,0.015212956698456704,0.015212956698456704,0.015212956698456704,0.015212956698456704,0.015212956698456704,0.015212956698456704,0.015212956698456704,0.015212956698456704,0.015212956698456704,0.015212956698456704,0.015212956698456704,0.015212956698456704,0.03147292487460506,0.03147292487460506,0.03147292487460506,0.03147292487460506,0.03147292487460506,0.03147292487460506,0.03147292487460506,0.03147292487460506,0.03147292487460506,0.03147292487460506,0.03147292487460506,0.03147292487460506
512,T,0.0007799664483452374,0.0007799664483452374,0.0007799664483452374,0.0007799664483452374,0.0007799664483452374,0.0007799664483452374,0.0007799664483452374,0.0007799664483452374,0.0007799664483452374,0.0007799664483452374,0.0007799664483452374,0.0007799664483452374,1.2518655233245187e-20,1.2518655233245187e-20,1.2518655233245187e-20,1.2518655233245187e-20,1.2518655233245187e-20,1.2518655233245187e-20,1.2518655233245187e-20,1.2518655233245187e-20,1.2518655233245187e-20,1.2518655233245187e-20,1.2518655233245187e-20,1.2518655233245187e-20
513,C,0.048338387587456476,0.048338387587456476,0.048338387587456476,0.048338387587456476,0.048338387587456476,0.048338387587456476,0.048338387587456476,0.048338387587456476,0.048338387587456476,0.048338387587456476,0.048338387587456476,0.048338387587456476,0.007428069083937512,0.007428069083937512,0.007428069083937512,0.007428069083937512,0.007428069083937512,0.007428069083937512,0.007428069083937512,0.007428069083937512,0.007428069083937512,0.007428069083937512,0.007428069083937512,0.007428069083937512
514,G,1.5469088512676145e-05,1.5469088512676145e-05,1.5469088512676145e-05,1.5469088512676145e-05,1.5469088512676145e-05,1.5469088512676145e-05,1.5469088512676145e-05,1.5469088512676145e-05,1.5469088512676145e-05,1.5469088512676145e-05,1.5469088512676145e-05,1.5469088512676145e-05,0.015365598602220781,0.015365598602220781,0.015365598602220781,0.015365598602220781,0.015365598602220781,0.015365598602220781,0.015365598602220781,0.015365598602220781,0.015365598602220781,0.015365598602220781,0.015365598602220781,0.015365598602220781
515,A,0.00907891277268161,0.00907891277268161,0.00907891277268161,0.00907891277268161,0.00907891277268161,0.00907891277268161,0.00907891277268161,0.00907891277268161,0.00907891277268161,0.00907891277268161,0.00907891277268161,0.00907891277268161,0.016023890969585442,0.016023890969585442,0.016023890969585442,0.016023890969585442,0.016023890969585442,0.016023890969585442,0.016023890969585442,0.016023890969585442,0.016023890969585442,0.016023890969585442,0.016023890969585442,0.016023890969585442
516,G,5.031562026776818e-06,5.031562026776818e-06,5.031562026776818e-06,5.031562026776818e-06,5.031562026776818e-06,5.031562026776818e-06,5.031562026776818e-06,5.031562026776818e-06,5.031562026776818e-06,5.031562026776818e-06,5.031562026776818e-06,5.031562026776818e-06,0.00031953370179430045,0.00031953370179430045,0.00031953370179430045,0.00031953370179430045,0.00031953370179430045,0.00031953370179430045,0.00031953370179430045,0.00031953370179430045,0.00031953370179430045,0.00031953370179430045,0.00031953370179430045,0.00031953370179430045
517,T,1.487745829602985e-10,1.487745829602985e-10,1.487745829602985e-10,1.487745829602985e-10,1.487745829602985e-10,1.487745829602985e-10,1.487745829602985e-10,1.487745829602985e-10,1.487745829602985e-10,1.487745829602985e-10,1.487745829602985e-10,1.487745829602985e-10,6.587123476701276e-09,6.587123476701276e-09,6.587123476701276e-09,6.587123476701276e-09,6.587123476701276e-09,6.587123476701276e-09,6.587123476701276e-09,6.587123476701276e-09,6.587123476701276e-09,6.587123476701276e-09,6.587123476701276e-09,6.587123476701276e-09
518,A,0.03069881757223404,0.03069881757223404,0.03069881757223404,0.03069881757223404,0.03069881757223404,0.03069881757223404,0.03069881757223404,0.03069881757223404,0.03069881757223404,0.03069881757223404,0.03069881757223404,0.03069881757223404,0.02102118295852632,0.02102118295852632,0.02102118295852632,0.02102118295852632,0.02102118295852632,0.02102118295852632,0.02102118295852632,0.02102118295852632,0.02102118295852632,0.02102118295852632,0.02102118295852632,0.02102118295852632
519,A,0.02898964894503828,0.02898964894503828,0.02898964894503828,0.02898964894503828,0.02898964894503828,0.02898964894503828,0.02898964894503828,0.02898964894503828,0.02898964894503828,0.02898964894503828,0.02898964894503828,0.02898964894503828,0.04525550646692083,0.04525550646692083,0.04525550646692083,0.04525550646692083,0.04525550646692083,0.04525550646692083,0.04525550646692083,0.04525550646692083,0.04525550646692083,0.04525550646692083,0.04525550646692083,0.04525550646692083
520,T,0.009598770820740952,0.009598770820740952,0.009598770820740952,0.009598770820740952,0.009598770820740952,0.009598770820740952,0.009598770820740952,0.009598770820740952,0.009598770820740952,0.009598770820740952,0.009598770820740952,0.009598770820740952,1.2100603208520137e-10,1.2100603208520137e-10,1.2100603208520137e-10,1.2100603208520137e-10,1.2100603208520137e-10,1.2100603208520137e-10,1.2100603208520137e-10,1.2100603208520137e-10,1.2100603208520137e-10,1.2100603208520137e-10,1.2100603208520137e-10,1.2100603208520137e-10
521,A,0.017998073693891982,0.017998073693891982,0.017998073693891982,0.017998073693891982,0.017998073693891982,0.017998073693891982,0.017998073693891982,0.017998073693891982,0.017998073693891982,0.017998073693891982,0.017998073693891982,0.017998073693891982,0.06352528954180374,0.06352528954180374,0.06352528954180374,0.06352528954180374,0.06352528954180374,0.06352528954180374,0.06352528954180374,0.06352528954180374,0.06352528954180374,0.06352528954180374,0.06352528954180374,0.06352528954180374
522,A,0.018381384526759425,0.018381384526759425,0.018381384526759425,0.018381384526759425,0.018381384526759425,0.018381384526759425,0.018381384526759425,0.018381384526759425,0.018381384526759425,0.018381384526759425,0.018381384526759425,0.018381384526759425,0.004487608379871268,0.004487608379871268,0.004487608379871268,0.004487608379871268,0.004487608379871268,0.004487608379871268,0.004487608379871268,0.004487608379871268,0.004487608379871268,0.004487608379871268,0.004487608379871268,0.004487608379871268
523,C,0.005584496519236657,0.005584496519236657,0.005584496519236657,0.005584496519236657,0.005584496519236657,0.005584496519236657,0.005584496519236657,0.005584496519236657,0.005584496519236657,0.005584496519236657,0.005584496519236657,0.005584496519236657,0.06979234167954833,0.06979234167954833,0.06979234167954833,0.06979234167954833,0.06979234167954833,0.06979234167954833,0.06979234167954833,0.06979234167954833,0.06979234167954833,0.06979234167954833,0.06979234167954833,0.06979234167954833
524,G,1.5660636498281225e-05,1.5660636498281225e-05,1.5660636498281225e-05,1.5660636498281225e-05,1.5660636498281225e-05,1.5660636498281225e-05,1.5660636498281225e-05,1.5660636498281225e-05,1.5660636498281225e-05,1.5660636498281225e-05,1.5660636498281225e-05,1.5660636498281225e-05,0.00497914721595686,0.00497914721595686,0.00497914721595686,0.00497914721595686,0.00497914721595686,0.00497914721595686,0.00497914721595686,0.00497914721595686,0.00497914721595686,0.00497914721595686,0.00497914721595686,0.00497914721595686
525,C,0.01517091460802915,0.01517091460802915,0.01517091460802915,0.01517091460802915,0.01517091460802915,0.01517091460802915,0.01517091460802915,0.01517091460802915,0.01517091460802915,0.01517091460802915,0.01517091460802915,0.01517091460802915,0.021197757754277357,0.021197757754277357,0.021197757754277357,0.021197757754277357,0.021197757754277357,0.021197757754277357,0.021197757754277357,0.021197757754277357,0.021197757754277357,0.021197757754277357,0.021197757754277357,0.021197757754277357
526,C,0.05672743171900408,0.05672743171900408,0.05672743171900408,0.05672743171900408,0.05672743171900408,0.05672743171900408,0.05672743171900408,0.05672743171900408,0.05672743171900408,0.05672743171900408,0.05672743171900408,0.05672743171900408,0.012131378346807439,0.012131378346807439,0.012131378346807439,0.012131378346807439,0.012131378346807439,0.012131378346807439,0.012131378346807439,0.012131378346807439,0.012131378346807439,0.012131378346807439,0.012131378346807439,0.012131378346807439
527,G,0.002714684231695717,0.002714684231695717,0.002714684231695717,0.002714684231695717,0.002714684231695717,0.002714684231695717,0.002714684231695717,0.002714684231695717,0.002714684231695717,0.002714684231695717,0.002714684231695717,0.002714684231695717,0.004727429523269458,0.004727429523269458,0.004727429523269458,0.004727429523269458,0.004727429523269458,0.004727429523269458,0.004727429523269458,0.004727429523269458,0.004727429523269458,0.004727429523269458,0.004727429523269458,0.004727429523269458
528,G,0.0006147687067231997,0.0006147687067231997,0.0006147687067231997,0.0006147687067231997,0.0006147687067231997,0.0006147687067231997,0.0006147687067231997,0.0006147687067231997,0.0006147687067231997,0.0006147687067231997,0.0006147687067231997,0.0006147687067231997,0.0036627728958256874,0.0036627728958256874,0.0036627728958256874,0.0036627728958256874,0.0036627728958256874,0.0036627728958256874,0.0036627728958256874,0.0036627728958256874,0.0036627728958256874,0.0036627728958256874,0.0036627728958256874,0.0036627728958256874
529,C,0.0334130051404973,0.0334130051404973,0.0334130051404973,0.0334130051404973,0.0334130051404973,0.0334130051404973,0.0334130051404973,0.0334130051404973,0.0334130051404973,0.0334130051404973,0.0334130051404973,0.0334130051404973,0.0048542957817063305,0.0048542957817063305,0.0048542957817063305,0.0048542957817063305,0.0048542957817063305,0.0048542957817063305,0.0048542957817063305,0.0048542957817063305,0.0048542957817063305,0.0048542957817063305,0.0048542957817063305,0.0048542957817063305
530,A,0.009258575881460967,0.009258575881460967,0.009258575881460967,0.009258575881460967,0.009258575881460967,0.009258575881460967,0.009258575881460967,0.009258575881460967,0.009258575881460967,0.009258575881460967,0.009258575881460967,0.009258575881460967,0.07358528473104976,0.07358528473104976,0.07358528473104976,0.07358528473104976,0.07358528473104976,0.07358528473104976,0.07358528473104976,0.07358528473104976,0.07358528473104976,0.07358528473104976,0.07358528473104976,0.07358528473104976
531,G,0.0003513421087667481,0.0003513421087667481,0.0003513421087667481,0.0003513421087667481,0.0003513421087667481,0.0003513421087667481,0.0003513421087667481,0.0003513421087667481,0.0003513421087667481,0.0003513421087667481,0.0003513421087667481,0.0003513421087667481,0.0023282742890631146,0.0023282742890631146,0.0023282742890631146,0.0023282742890631146,0.0023282742890631146,0.0023282742890631146,0.0023282742890631146,0.0023282742890631146,0.0023282742890631146,0.0023282742890631146,0.0023282742890631146,0.0023282742890631146
532,T,5.971508826195656e-19,5.971508826195656e-19,5.971508826195656e-19,5.971508826195656e-19,5.971508826195656e-19,5.971508826195656e-19,5.971508826195656e-19,5.971508826195656e-19,5.971508826195656e-19,5.971508826195656e-19,5.971508826195656e-19,5.971508826195656e-19,0.0023834327865821826,0.0023834327865821826,0.0023834327865821826,0.0023834327865821826,0.0023834327865821826,0.0023834327865821826,0.0023834327865821826,0.0023834327865821826,0.0023834327865821826,0.0023834327865821826,0.0023834327865821826,0.0023834327865821826
533,G,2.4718179080727317e-07,2.4718179080727317e-07,2.4718179080727317e-07,2.4718179080727317e-07,2.4718179080727317e-07,2.4718179080727317e-07,2.4718179080727317e-07,2.4718179080727317e-07,2.4718179080727317e-07,2.4718179080727317e-07,2.4718179080727317e-07,2.4718179080727317e-07,0.011218315715123033,0.011218315715123033,0.011218315715123033,0.011218315715123033,0.011218315715123033,0.011218315715123033,0.011218315715123033,0.011218315715123033,0.011218315715123033,0.011218315715123033,0.011218315715123033,0.011218315715123033
534,A,0.00941668181099708,0.00941668181099708,0.00941668181099708,0.00941668181099708,0.00941668181099708,0.00941668181099708,0.00941668181099708,0.00941668181099708,0.00941668181099708,0.00941668181099708,0.00941668181099708,0.00941668181099708,0.03200980867293579,0.03200980867293579,0.03200980867293579,0.03200980867293579,0.03200980867293579,0.03200980867293579,0.03200980867293579,0.03200980867293579,0.03200980867293579,0.03200980867293579,0.03200980867293579,0.03200980867293579
535,A,0.04691333691951786,0.04691333691951786,0.04691333691951786,0.04691333691951786,0.04691333691951786,0.04691333691951786,0.04691333691951786,0.04691333691951786,0.04691333691951786,0.04691333691951786,0.04691333691951786,0.04691333691951786,0.03449010058182836,0.03449010058182836,0.03449010058182836,0.03449010058182836,0.03449010058182836,0.03449010058182836,0.03449010058182836,0.03449010058182836,0.03449010058182836,0.03449010058182836,0.03449010058182836,0.03449010058182836
536,C,0.01997785922163869,0.01997785922163869,0.01997785922163869,0.01997785922163869,0.01997785922163869,0.01997785922163869,0.01997785922163869,0.01997785922163869,0.01997785922163869,0.01997785922163869,0.01997785922163869,0.01997785922163869,0.0334262823627128,0.0334262823627128,0.0334262823627128,0.0334262823627128,0.0334262823627128,0.0334262823627128,0.0334262823627128,0.0334262823627128,0.0334262823627128,0.0334262823627128,0.0334262823627128,0.0334262823627128
537,C,0.024873102596261357,0.024873102596261357,0.024873102596261357,0.024873102596261357,0.024873102596261357,0.024873102596261357,0.024873102596261357,0.024873102596261357,0.024873102596261357,0.024873102596261357,0.024873102596261357,0.024873102596261357,0.021258237651030822,0.021258237651030822,0.021258237651030822,0.021258237651030822,0.021258237651030822,0.021258237651030822,0.021258237651030822,0.021258237651030822,0.021258237651030822,0.021258237651030822,0.021258237651030822,0.021258237651030822
538,A,0.028594533100527474,0.028594533100527474,0.028594533100527474,0.028594533100527474,0.028594533100527474,0.028594533100527474,0.028594533100527474,0.028594533100527474,0.028594533100527474,0.028594533100527474,0.028594533100527474,0.028594533100527474,0.013524965033864956,0.013524965033864956,0.013524965033864956,0.013524965033864956,0.013524965033864956,0.013524965033864956,0.013524965033864956,0.013524965033864956,0.013524965033864956,0.013524965033864956,0.013524965033864956,0.013524965033864956
539,A,0.029491176433625334,0.029491176433625334,0.029491176433625334,0.029491176433625334,0.029491176433625334,0.029491176433625334,0.029491176433625334,0.029491176433625334,0.029491176433625334,0.029491176433625334,0.029491176433625334,0.029491176433625334,0.03205007305144071,0.03205007305144071,0.03205007305144071,0.03205007305144071,0.03205007305144071,0.03205007305144071,0.03205007305144071,0.03205007305144071,0.03205007305144071,0.03205007305144071,0.03205007305144071,0.03205007305144071
540,T,0.019036579580165868,0.019036579580165868,0.019036579580165868,0.019036579580165868,0.019036579580165868,0.019036579580165868,0.019036579580165868,0.019036579580165868,0.019036579580165868,0.019036579580165868,0.019036579580165868,0.019036579580165868,2.878920844139158e-11,2.878920844139158e-11,2.878920844139158e-11,2.878920844139158e-11,2.878920844139158e-11,2.878920844139158e-11,2.878920844139158e-11,2.878920844139158e-11,2.878920844139158e-11,2.878920844139158e-11,2.878920844139158e-11,2.878920844139158e-11
541,A,0.027350781379672586,0.027350781379672586,0.027350781379672586,0.027350781379672586,0.027350781379672586,0.027350781379672586,0.027350781379672586,0.027350781379672586,0.027350781379672586,0.027350781379672586,0.027350781379672586,0.027350781379672586,0.025442367926911593,0.025442367926911593,0.025442367926911593,0.025442367926911593,0.025442367926911593,0.025442367926911593,0.025442367926911593,0.025442367926911593,0.025442367926911593,0.025442367926911593,0.025442367926911593,0.025442367926911593
542,C,0.027562689110403996,0.027562689110403996,0.027562689110403996,0.027562689110403996,0.027562689110403996,0.027562689110403996,0.027562689110403996,0.027562689110403996,0.027562689110403996,0.027562689110403996,0.027562689110403996,0.027562689110403996,0.012341164361716003,0.012341164361716003,0.012341164361716003,0.012341164361716003,0.012341164361716003,0.012341164361716003,0.012341164361716003,0.012341164361716003,0.012341164361716003,0.012341164361716003,0.012341164361716003,0.012341164361716003
543,C,0.0010495787034609952,0.0010495787034609952,0.0010495787034609952,0.0010495787034609952,0.0010495787034609952,0.0010495787034609952,0.0010495787034609952,0.0010495787034609952,0.0010495787034609952,0.0010495787034609952,0.0010495787034609952,0.0010495787034609952,0.01884752857028512,0.01884752857028512,0.01884752857028512,0.01884752857028512,0.01884752857028512,0.01884752857028512,0.01884752857028512,0.01884752857028512,0.01884752857028512,0.01884752857028512,0.01884752857028512,0.01884752857028512
544,C,0.004145195737638216,0.004145195737638216,0.004145195737638216,0.004145195737638216,0.004145195737638216,0.004145195737638216,0.004145195737638216,0.004145195737638216,0.004145195737638216,0.004145195737638216,0.004145195737638216,0.004145195737638216,0.007034197591413877,0.007034197591413877,0.007034197591413877,0.007034197591413877,0.007034197591413877,0.007034197591413877,0.007034197591413877,0.007034197591413877,0.007034197591413877,0.007034197591413877,0.007034197591413877,0.007034197591413877
545,C,0.035585586117770615,0.035585586117770615,0.035585586117770615,0.035585586117770615,0.035585586117770615,0.035585586117770615,0.035585586117770615,0.035585586117770615,0.035585586117770615,0.035585586117770615,0.035585586117770615,0.035585586117770615,0.011968740289158251,0.011968740289158251,0.011968740289158251,0.011968740289158251,0.011968740289158251,0.011968740289158251,0.011968740289158251,0.011968740289158251,0.011968740289158251,0.011968740289158251,0.011968740289158251,0.011968740289158251
546,T,5.291321523624619e-12,5.291321523624619e-12,5.291321523624619e-12,5.291321523624619e-12,5.291321523624619e-12,5.291321523624619e-12,5.291321523624619e-12,5.291321523624619e-12,5.291321523624619e-12,5.291321523624619e-12,5.291321523624619e-12,5.291321523624619e-12,5.4287697619883224e-08,5.4287697619883224e-08,5.4287697619883224e-08,5.4287697619883224e-08,5.4287697619883224e-08,5.4287697619883224e-08,5.4287697619883224e-08,5.4287697619883224e-08,5.4287697619883224e-08,5.4287697619883224e-08,5.4287697619883224e-08,5.4287697619883224e-08
547,T,0.0002542331272156964,0.0002542331272156964,0.0002542331272156964,0.0002542331272156964,0.0002542331272156964,0.0002542331272156964,0.0002542331272156964,0.0002542331272156964,0.0002542331272156964,0.0002542331272156964,0.0002542331272156964,0.0002542331272156964,0.0002542331272156964,0.0002542331272156964,0.0002542331272156964,0.0002542331272156964,0.0002542331272156964,0.0002542331272156964,0.0002542331272156964,0.0002542331272156964,0.0002542331272156964,0.0002542331272156964,0.0002542331272156964,0.0002542331272156964
548,G,2.4817606754668098e-05,2.4817606754668098e-05,2.4817606754668098e-05,2.4817606754668098e-05,2.4817606754668098e-05,2.4817606754668098e-05,2.4817606754668098e-05,2.4817606754668098e-05,2.4817606754668098e-05,2.4817606754668098e-05,2.4817606754668098e-05,2.4817606754668098e-05,2.4817606754668098e-05,2.4817606754668098e-05,2.4817606754668098e-05,2.4817606754668098e-05,2.4817606754668098e-05,2.4817606754668098e-05,2.4817606754668098e-05,2.4817606754668098e-05,2.4817606754668098e-05,2.4817606754668098e-05,2.4817606754668098e-05,2.4817606754668098e-05
549,T,0.0005157684750336898,0.0005157684750336898,0.0005157684750336898,0.0005157684750336898,0.0005157684750336898,0.0005157684750336898,0.0005157684750336898,0.0005157684750336898,0.0005157684750336898,0.0005157684750336898,0.0005157684750336898,0.0005157684750336898,0.0005157684750336898,0.0005157684750336898,0.0005157684750336898,0.0005157684750336898,0.0005157684750336898,0.0005157684750336898,0.0005157684750336898,0.0005157684750336898,0.0005157684750336898,0.0005157684750336898,0.0005157684750336898,0.0005157684750336898
550,G,5.3526392431758715e-06,5.3526392431758715e-06,5.3526392431758715e-06,5.3526392431758715e-06,5.3526392431758715e-06,5.3526392431758715e-06,5.3526392431758715e-06,5.3526392431758715e-06,5.3526392431758715e-06,5.3526392431758715e-06,5.3526392431758715e-06,5.3526392431758715e-06,5.3526392431758715e-06,5.3526392431758715e-06,5.3526392431758715e-06,5.3526392431758715e-06,5.3526392431758715e-06,5.3526392431758715e-06,5.3526392431758715e-06,5.3526392431758715e-06,5.3526392431758715e-06,5.3526392431758715e-06,5.3526392431758715e-06,5.3526392431758715e-06
551,G,0.0014203955777229182,0.0014203955777229182,0.0014203955777229182,0.0014203955777229182,0.0014203955777229182,0.0014203955777229182,0.0014203955777229182,0.0014203955777229182,0.0014203955777229182,0.0014203955777229182,0.0014203955777229182,0.0014203955777229182,0.0014203955777229182,0.0014203955777229182,0.0014203955777229182,0.0014203955777229182,0.0014203955777229182,0.0014203955777229182,0.0014203955777229182,0.0014203955777229182,0.0014203955777229182,0.0014203955777229182,0.0014203955777229182,0.0014203955777229182
552,G,1.1696429716600668e-05,1.1696429716600668e-05,1.1696429716600668e-05,1.1696429716600668e-05,1.1696429716600668e-05,1.1696429716600668e-05,1.1696429716600668e-05,1.1696429716600668e-05,1.1696429716600668e-05,1.1696429716600668e-05,1.1696429716600668e-05,1.1696429716600668e-05,1.1696429716600668e-05,1.1696429716600668e-05,1.1696429716600668e-05,1.1696429716600668e-05,1.1696429716600668e-05,1.1696429716600668e-05,1.1696429716600668e-05,1.1696429716600668e-05,1.1696429716600668e-05,1.1696429716600668e-05,1.1696429716600668e-05,1.1696429716600668e-05
553,C,0.0012477640083460879,0.0012477640083460879,0.0012477640083460879,0.0012477640083460879,0.0012477640083460879,0.0012477640083460879,0.0012477640083460879,0.0012477640083460879,0.0012477640083460879,0.0012477640083460879,0.0012477640083460879,0.0012477640083460879,0.0012477640083460879,0.0012477640083460879,0.0012477640083460879,0.0012477640083460879,0.0012477640083460879,0.0012477640083460879,0.0012477640083460879,0.0012477640083460879,0.0012477640083460879,0.0012477640083460879,0.0012477640083460879,0.0012477640083460879
554,T,1.135516759786804e-07,1.135516759786804e-07,1.135516759786804e-07,1.135516759786804e-07,1.135516759786804e-07,1.135516759786804e-07,1.135516759786804e-07,1.135516759786804e-07,1.135516759786804e-07,1.135516759786804e-07,1.135516759786804e-07,1.135516759786804e-07,1.135516759786804e-07,1.135516759786804e-07,1.135516759786804e-07,1.135516759786804e-07,1.135516759786804e-07,1.135516759786804e-07,1.135516759786804e-07,1.135516759786804e-07,1.135516759786804e-07,1.135516759786804e-07,1.135516759786804e-07,1.135516759786804e-07
555,G,4.034872277818518e-06,4.034872277818518e-06,4.034872277818518e-06,4.034872277818518e-06,4.034872277818518e-06,4.034872277818518e-06,4.034872277818518e-06,4.034872277818518e-06,4.034872277818518e-06,4.034872277818518e-06,4.034872277818518e-06,4.034872277818518e-06,4.034872277818518e-06,4.034872277818518e-06,4.034872277818518e-06,4.034872277818518e-06,4.034872277818518e-06,4.034872277818518e-06,4.034872277818518e-06,4.034872277818518e-06,4.034872277818518e-06,4.034872277818518e-06,4.034872277818518e-06,4.034872277818518e-06
556,G,0.00010567653316020248,0.00010567653316020248,0.00010567653316020248,0.00010567653316020248,0.00010567653316020248,0.00010567653316020248,0.00010567653316020248,0.00010567653316020248,0.00010567653316020248,0.00010567653316020248,0.00010567653316020248,0.00010567653316020248,0.00010567653316020248,0.00010567653316020248,0.00010567653316020248,0.00010567653316020248,0.00010567653316020248,0.00010567653316020248,0.00010567653316020248,0.00010567653316020248,0.00010567653316020248,0.00010567653316020248,0.00010567653316020248,0.00010567653316020248
557,A,0.027849159779037635,0.027849159779037635,0.027849159779037635,0.027849159779037635,0.027849159779037635,0.027849159779037635,0.027849159779037635,0.027849159779037635,0.027849159779037635,0.027849159779037635,0.027849159779037635,0.027849159779037635,0.027849159779037635,0.027849159779037635,0.027849159779037635,0.027849159779037635,0.027849159779037635,0.027849159779037635,0.027849159779037635,0.027849159779037635,0.027849159779037635,0.027849159779037635,0.027849159779037635,0.027849159779037635
558,A,0.03407686940162512,0.03407686940162512,0.03407686940162512,0.03407686940162512,0.03407686940162512,0.03407686940162512,0.03407686940162512,0.03407686940162512,0.03407686940162512,0.03407686940162512,0.03407686940162512,0.03407686940162512,0.03407686940162512,0.03407686940162512,0.03407686940162512,0.03407686940162512,0.03407686940162512,0.03407686940162512,0.03407686940162512,0.03407686940162512,0.03407686940162512,0.03407686940162512,0.03407686940162512,0.03407686940162512
559,A,0.009964292169834377,0.009964292169834377,0.009964292169834377,0.009964292169834377,0.009964292169834377,0.009964292169834377,0.009964292169834377,0.009964292169834377,0.009964292169834377,0.009964292169834377,0.009964292169834377,0.009964292169834377,0.009964292169834377,0.009964292169834377,0.009964292169834377,0.009964292169834377,0.009964292169834377,0.009964292169834377,0.009964292169834377,0.009964292169834377,0.009964292169834377,0.009964292169834377,0.009964292169834377,0.009964292169834377
560,A,0.02024844281388469,0.02024844281388469,0.02024844281388469,0.02024844281388469,0.02024844281388469,0.02024844281388469,0.02024844281388469,0.02024844281388469,0.02024844281388469,0.02024844281388469,0.02024844281388469,0.02024844281388469,0.02024844281388469,0.02024844281388469,0.02024844281388469,0.02024844281388469,0.02024844281388469,0.02024844281388469,0.02024844281388469,0.02024844281388469,0.02024844281388469,0.02024844281388469,0.02024844281388469,0.02024844281388469
561,A,0.050069943257692054,0.050069943257692054,0.050069943257692054,0.050069943257692054,0.050069943257692054,0.050069943257692054,0.050069943257692054,0.050069943257692054,0.050069943257692054,0.050069943257692054,0.050069943257692054,0.050069943257692054,0.050069943257692054,0.050069943257692054,0.050069943257692054,0.050069943257692054,0.050069943257692054,0.050069943257692054,0.050069943257692054,0.050069943257692054,0.050069943257692054,0.050069943257692054,0.050069943257692054,0.050069943257692054
562,A,0.08262982680891334,0.08262982680891334,0.08262982680891334,0.08262982680891334,0.08262982680891334,0.08262982680891334,0.08262982680891334,0.08262982680891334,0.08262982680891334,0.08262982680891334,0.08262982680891334,0.08262982680891334,0.08262982680891334,0.08262982680891334,0.08262982680891334,0.08262982680891334,0.08262982680891334,0.08262982680891334,0.08262982680891334,0.08262982680891334,0.08262982680891334,0.08262982680891334,0.08262982680891334,0.08262982680891334
563,A,0.024519338842179383,0.024519338842179383,0.024519338842179383,0.024519338842179383,0.024519338842179383,0.024519338842179383,0.024519338842179383,0.024519338842179383,0.024519338842179383,0.024519338842179383,0.024519338842179383,0.024519338842179383,0.024519338842179383,0.024519338842179383,0.024519338842179383,0.024519338842179383,0.024519338842179383,0.024519338842179383,0.024519338842179383,0.024519338842179383,0.024519338842179383,0.024519338842179383,0.024519338842179383,0.024519338842179383
564,T,3.1370759358210465e-09,3.1370759358210465e-09,3.1370759358210465e-09,3.1370759358210465e-09,3.1370759358210465e-09,3.1370759358210465e-09,3.1370759358210465e-09,3.1370759358210465e-09,3.1370759358210465e-09,3.1370759358210465e-09,3.1370759358210465e-09,3.1370759358210465e-09,3.1370759358210465e-09,3.1370759358210465e-09,3.1370759358210465e-09,3.1370759358210465e-09,3.1370759358210465e-09,3.1370759358210465e-09,3.1370759358210465e-09,3.1370759358210465e-09,3.1370759358210465e-09,3.1370759358210465e-09,3.1370759358210465e-09,3.1370759358210465e-09
565,C,0.02058463037299032,0.02058463037299032,0.02058463037299032,0.02058463037299032,0.02058463037299032,0.02058463037299032,0.02058463037299032,0.02058463037299032,0.02058463037299032,0.02058463037299032,0.02058463037299032,0.02058463037299032,0.02058463037299032,0.02058463037299032,0.02058463037299032,0.02058463037299032,0.02058463037299032,0.02058463037299032,0.02058463037299032,0.02058463037299032,0.02058463037299032,0.02058463037299032,0.02058463037299032,0.02058463037299032
566,G,0.0003414007157896265,0.0003414007157896265,0.0003414007157896265,0.0003414007157896265,0.0003414007157896265,0.0003414007157896265,0.0003414007157896265,0.0003414007157896265,0.0003414007157896265,0.0003414007157896265,0.0003414007157896265,0.0003414007157896265,0.0003414007157896265,0.0003414007157896265,0.0003414007157896265,0.0003414007157896265,0.0003414007157896265,0.0003414007157896265,0.0003414007157896265,0.0003414007157896265,0.0003414007157896265,0.0003414007157896265,0.0003414007157896265,0.0003414007157896265
567,T,0.00028104717850584165,0.00028104717850584165,0.00028104717850584165,0.00028104717850584165,0.00028104717850584165,0.00028104717850584165,0.00028104717850584165,0.00028104717850584165,0.00028104717850584165,0.00028104717850584165,0.00028104717850584165,0.00028104717850584165,0.00028104717850584165,0.00028104717850584165,0.00028104717850584165,0.00028104717850584165,0.00028104717850584165,0.00028104717850584165,0.00028104717850584165,0.00028104717850584165,0.00028104717850584165,0.00028104717850584165,0.00028104717850584165,0.00028104717850584165
568,C,0.01093381639800993,0.01093381639800993,0.01093381639800993,0.01093381639800993,0.01093381639800993,0.01093381639800993,0.01093381639800993,0.01093381639800993,0.01093381639800993,0.01093381639800993,0.01093381639800993,0.01093381639800993,0.01093381639800993,0.01093381639800993,0.01093381639800993,0.01093381639800993,0.01093381639800993,0.01093381639800993,0.01093381639800993,0.01093381639800993,0.01093381639800993,0.01093381639800993,0.01093381639800993,0.01093381639800993
569,A,0.0012030207991170238,0.0012030207991170238,0.0012030207991170238,0.0012030207991170238,0.0012030207991170238,0.0012030207991170238,0.0012030207991170238,0.0012030207991170238,0.0012030207991170238,0.0012030207991170238,0.0012030207991170238,0.0012030207991170238,0.0012030207991170238,0.0012030207991170238,0.0012030207991170238,0.0012030207991170238,0.0012030207991170238,0.0012030207991170238,0.0012030207991170238,0.0012030207991170238,0.0012030207991170238,0.0012030207991170238,0.0012030207991170238,0.0012030207991170238
570,G,0.0005515213060067307,0.0005515213060067307,0.0005515213060067307,0.0005515213060067307,0.0005515213060067307,0.0005515213060067307,0.0005515213060067307,0.0005515213060067307,0.0005515213060067307,0.0005515213060067307,0.0005515213060067307,0.0005515213060067307,0.0005515213060067307,0.0005515213060067307,0.0005515213060067307,0.0005515213060067307,0.0005515213060067307,0.0005515213060067307,0.0005515213060067307,0.0005515213060067307,0.0005515213060067307,0.0005515213060067307,0.0005515213060067307,0.0005515213060067307
571,T,1.1340767551823431e-11,1.1340767551823431e-11,1.1340767551823431e-11,1.1340767551823431e-11,1.1340767551823431e-11,1.1340767551823431e-11,1.1340767551823431e-11,1.1340767551823431e-11,1.1340767551823431e-11,1.1340767551823431e-11,1.1340767551823431e-11,1.1340767551823431e-11,1.1340767551823431e-11,1.1340767551823431e-11,1.1340767551823431e-11,1.1340767551823431e-11,1.1340767551823431e-11,1.1340767551823431e-11,1.1340767551823431e-11,1.1340767551823431e-11,1.1340767551823431e-11,1.1340767551823431e-11,1.1340767551823431e-11,1.1340767551823431e-11
572,C,0.0048024537463850075,0.0048024537463850075,0.0048024537463850075,0.0048024537463850075,0.0048024537463850075,0.0048024537463850075,0.0048024537463850075,0.0048024537463850075,0.0048024537463850075,0.0048024537463850075,0.0048024537463850075,0.0048024537463850075,0.0048024537463850075,0.0048024537463850075,0.0048024537463850075,0.0048024537463850075,0.0048024537463850075,0.0048024537463850075,0.0048024537463850075,0.0048024537463850075,0.0048024537463850075,0.0048024537463850075,0.0048024537463850075,0.0048024537463850075
573,G,0.0047515838312923745,0.0047515838312923745,0.0047515838312923745,0.0047515838312923745,0.0047515838312923745,0.0047515838312923745,0.0047515838312923745,0.0047515838312923745,0.0047515838312923745,0.0047515838312923745,0.0047515838312923745,0.0047515838312923745,0.0047515838312923745,0.0047515838312923745,0.0047515838312923745,0.0047515838312923745,0.0047515838312923745,0.0047515838312923745,0.0047515838312923745,0.0047515838312923745,0.0047515838312923745,0.0047515838312923745,0.0047515838312923745,0.0047515838312923745
574,A,0.008082143126804246,0.008082143126804246,0.008082143126804246,0.008082143126804246,0.008082143126804246,0.008082143126804246,0.008082143126804246,0.008082143126804246,0.008082143126804246,0.008082143126804246,0.008082143126804246,0.008082143126804246,0.008082143126804246,0.008082143126804246,0.008082143126804246,0.008082143126804246,0.008082143126804246,0.008082143126804246,0.008082143126804246,0.008082143126804246,0.008082143126804246,0.008082143126804246,0.008082143126804246,0.008082143126804246
575,A,0.06962299439845797,0.06962299439845797,0.06962299439845797,0.06962299439845797,0.06962299439845797,0.06962299439845797,0.06962299439845797,0.06962299439845797,0.06962299439845797,0.06962299439845797,0.06962299439845797,0.06962299439845797,0.06962299439845797,0.06962299439845797,0.06962299439845797,0.06962299439845797,0.06962299439845797,0.06962299439845797,0.06962299439845797,0.06962299439845797,0.06962299439845797,0.06962299439845797,0.06962299439845797,0.06962299439845797
576,G,7.081330726687567e-12,7.081330726687567e-12,7.081330726687567e-12,7.081330726687567e-12,7.081330726687567e-12,7.081330726687567e-12,7.081330726687567e-12,7.081330726687567e-12,7.081330726687567e-12,7.081330726687567e-12,7.081330726687567e-12,7.081330726687567e-12,7.081330726687567e-12,7.081330726687567e-12,7.081330726687567e-12,7.081330726687567e-12,7.081330726687567e-12,7.081330726687567e-12,7.081330726687567e-12,7.081330726687567e-12,7.081330726687567e-12,7.081330726687567e-12,7.081330726687567e-12,7.081330726687567e-12
577,G,4.5124947596399567e-10,4.5124947596399567e-10,4.5124947596399567e-10,4.5124947596399567e-10,4.5124947596399567e-10,4.5124947596399567e-10,4.5124947596399567e-10,4.5124947596399567e-10,4.5124947596399567e-10,4.5124947596399567e-10,4.5124947596399567e-10,4.5124947596399567e-10,4.5124947596399567e-10,4.5124947596399567e-10,4.5124947596399567e-10,4.5124947596399567e-10,4.5124947596399567e-10,4.5124947596399567e-10,4.5124947596399567e-10,4.5124947596399567e-10,4.5124947596399567e-10,4.5124947596399567e-10,4.5124947596399567e-10,4.5124947596399567e-10
578,C,0.02269027421182376,0.02269027421182376,0.02269027421182376,0.02269027421182376,0.02269027421182376,0.02269027421182376,0.02269027421182376,0.02269027421182376,0.02269027421182376,0.02269027421182376,0.02269027421182376,0.02269027421182376,0.02269027421182376,0.02269027421182376,0.02269027421182376,0.02269027421182376,0.02269027421182376,0.02269027421182376,0.02269027421182376,0.02269027421182376,0.02269027421182376,0.02269027421182376,0.02269027421182376,0.02269027421182376
579,C,0.03893149778769716,0.03893149778769716,0.03893149778769716,0.03893149778769716,0.03893149778769716,0.03893149778769716,0.03893149778769716,0.03893149778769716,0.03893149778769716,0.03893149778769716,0.03893149778769716,0.03893149778769716,0.03893149778769716,0.03893149778769716,0.03893149778769716,0.03893149778769716,0.03893149778769716,0.03893149778769716,0.03893149778769716,0.03893149778769716,0.03893149778769716,0.03893149778769716,0.03893149778769716,0.03893149778769716
580,G,0.0004597028500329076,0.0004597028500329076,0.0004597028500329076,0.0004597028500329076,0.0004597028500329076,0.0004597028500329076,0.0004597028500329076,0.0004597028500329076,0.0004597028500329076,0.0004597028500329076,0.0004597028500329076,0.0004597028500329076,0.0004597028500329076,0.0004597028500329076,0.0004597028500329076,0.0004597028500329076,0.0004597028500329076,0.0004597028500329076,0.0004597028500329076,0.0004597028500329076,0.0004597028500329076,0.0004597028500329076,0.0004597028500329076,0.0004597028500329076
581,T,1.9341025974549444e-10,1.9341025974549444e-10,1.9341025974549444e-10,1.9341025974549444e-10,1.9341025974549444e-10,1.9341025974549444e-10,1.9341025974549444e-10,1.9341025974549444e-10,1.9341025974549444e-10,1.9341025974549444e-10,1.9341025974549444e-10,1.9341025974549444e-10,1.9341025974549444e-10,1.9341025974549444e-10,1.9341025974549444e-10,1.9341025974549444e-10,1.9341025974549444e-10,1.9341025974549444e-10,1.9341025974549444e-10,1.9341025974549444e-10,1.9341025974549444e-10,1.9341025974549444e-10,1.9341025974549444e-10,1.9341025974549444e-10
582,C,0.0019664345429161573,0.0019664345429161573,0.0019664345429161573,0.0019664345429161573,0.0019664345429161573,0.0019664345429161573,0.0019664345429161573,0.0019664345429161573,0.0019664345429161573,0.0019664345429161573,0.0019664345429161573,0.0019664345429161573,0.0019664345429161573,0.0019664345429161573,0.0019664345429161573,0.0019664345429161573,0.0019664345429161573,0.0019664345429161573,0.0019664345429161573,0.0019664345429161573,0.0019664345429161573,0.0019664345429161573,0.0019664345429161573,0.0019664345429161573
583,G,0.02046761530093625,0.02046761530093625,0.02046761530093625,0.02046761530093625,0.02046761530093625,0.02046761530093625,0.02046761530093625,0.02046761530093625,0.02046761530093625,0.02046761530093625,0.02046761530093625,0.02046761530093625,0.02046761530093625,0.02046761530093625,0.02046761530093625,0.02046761530093625,0.02046761530093625,0.02046761530093625,0.02046761530093625,0.02046761530093625,0.02046761530093625,0.02046761530093625,0.02046761530093625,0.02046761530093625
584,C,0.02373987094822966,0.02373987094822966,0.02373987094822966,0.02373987094822966,0.02373987094822966,0.02373987094822966,0.02373987094822966,0.02373987094822966,0.02373987094822966,0.02373987094822966,0.02373987094822966,0.02373987094822966,0.02373987094822966,0.02373987094822966,0.02373987094822966,0.02373987094822966,0.02373987094822966,0.02373987094822966,0.02373987094822966,0.02373987094822966,0.02373987094822966,0.02373987094822966,0.02373987094822966,0.02373987094822966
585,T,7.558969303249879e-07,7.558969303249879e-07,7.558969303249879e-07,7.558969303249879e-07,7.558969303249879e-07,7.558969303249879e-07,7.558969303249879e-07,7.558969303249879e-07,7.558969303249879e-07,7.558969303249879e-07,7.558969303249879e-07,7.558969303249879e-07,7.558969303249879e-07,7.558969303249879e-07,7.558969303249879e-07,7.558969303249879e-07,7.558969303249879e-07,7.558969303249879e-07,7.558969303249879e-07,7.558969303249879e-07,7.558969303249879e-07,7.558969303249879e-07,7.558969303249879e-07,7.558969303249879e-07
586,G,0.00030404748387862244,0.00030404748387862244,0.00030404748387862244,0.00030404748387862244,0.00030404748387862244,0.00030404748387862244,0.00030404748387862244,0.00030404748387862244,0.00030404748387862244,0.00030404748387862244,0.00030404748387862244,0.00030404748387862244,0.00030404748387862244,0.00030404748387862244,0.00030404748387862244,0.00030404748387862244,0.00030404748387862244,0.00030404748387862244,0.00030404748387862244,0.00030404748387862244,0.00030404748387862244,0.00030404748387862244,0.00030404748387862244,0.00030404748387862244
587,G,0.001559633755844715,0.001559633755844715,0.001559633755844715,0.001559633755844715,0.001559633755844715,0.001559633755844715,0.001559633755844715,0.001559633755844715,0.001559633755844715,0.001559633755844715,0.001559633755844715,0.001559633755844715,0.001559633755844715,0.001559633755844715,0.001559633755844715,0.001559633755844715,0.001559633755844715,0.001559633755844715,0.001559633755844715,0.001559633755844715,0.001559633755844715,0.001559633755844715,0.001559633755844715,0.001559633755844715
588,C,0.010534701925967576,0.010534701925967576,0.010534701925967576,0.010534701925967576,0.010534701925967576,0.010534701925967576,0.010534701925967576,0.010534701925967576,0.010534701925967576,0.010534701925967576,0.010534701925967576,0.010534701925967576,0.010534701925967576,0.010534701925967576,0.010534701925967576,0.010534701925967576,0.010534701925967576,0.010534701925967576,0.010534701925967576,0.010534701925967576,0.010534701925967576,0.010534701925967576,0.010534701925967576,0.010534701925967576
589,G,0.0012689623797830468,0.0012689623797830468,0.0012689623797830468,0.0012689623797830468,0.0012689623797830468,0.0012689623797830468,0.0012689623797830468,0.0012689623797830468,0.0012689623797830468,0.0012689623797830468,0.0012689623797830468,0.0012689623797830468,0.0012689623797830468,0.0012689623797830468,0.0012689623797830468,0.0012689623797830468,0.0012689623797830468,0.0012689623797830468,0.0012689623797830468,0.0012689623797830468,0.0012689623797830468,0.0012689623797830468,0.0012689623797830468,0.0012689623797830468
590,A,0.03573242845648464,0.03573242845648464,0.03573242845648464,0.03573242845648464,0.03573242845648464,0.03573242845648464,0.03573242845648464,0.03573242845648464,0.03573242845648464,0.03573242845648464,0.03573242845648464,0.03573242845648464,0.03573242845648464,0.03573242845648464,0.03573242845648464,0.03573242845648464,0.03573242845648464,0.03573242845648464,0.03573242845648464,0.03573242845648464,0.03573242845648464,0.03573242845648464,0.03573242845648464,0.03573242845648464
591,G,0.022649796551513408,0.022649796551513408,0.022649796551513408,0.022649796551513408,0.022649796551513408,0.022649796551513408,0.022649796551513408,0.022649796551513408,0.022649796551513408,0.022649796551513408,0.022649796551513408,0.022649796551513408,0.022649796551513408,0.022649796551513408,0.022649796551513408,0.022649796551513408,0.022649796551513408,0.022649796551513408,0.022649796551513408,0.022649796551513408,0.022649796551513408,0.022649796551513408,0.022649796551513408,0.022649796551513408
592,T,7.8461807039151e-33,7.8461807039151e-33,7.8461807039151e-33,7.8461807039151e-33,7.8461807039151e-33,7.8461807039151e-33,7.8461807039151e-33,7.8461807039151e-33,7.8461807039151e-33,7.8461807039151e-33,7.8461807039151e-33,7.8461807039151e-33,7.8461807039151e-33,7.8461807039151e-33,7.8461807039151e-33,7.8461807039151e-33,7.8461807039151e-33,7.8461807039151e-33,7.8461807039151e-33,7.8461807039151e-33,7.8461807039151e-33,7.8461807039151e-33,7.8461807039151e-33,7.8461807039151e-33
593,A,0.03563119988782993,0.03563119988782993,0.03563119988782993,0.03563119988782993,0.03563119988782993,0.03563119988782993,0.03563119988782993,0.03563119988782993,0.03563119988782993,0.03563119988782993,0.03563119988782993,0.03563119988782993,0.03563119988782993,0.03563119988782993,0.03563119988782993,0.03563119988782993,0.03563119988782993,0.03563119988782993,0.03563119988782993,0.03563119988782993,0.03563119988782993,0.03563119988782993,0.03563119988782993,0.03563119988782993
594,T,2.2107621822767383e-12,2.2107621822767383e-12,2.2107621822767383e-12,2.2107621822767383e-12,2.2107621822767383e-12,2.2107621822767383e-12,2.2107621822767383e-12,2.2107621822767383e-12,2.2107621822767383e-12,2.2107621822767383e-12,2.2107621822767383e-12,2.2107621822767383e-12,2.2107621822767383e-12,2.2107621822767383e-12,2.2107621822767383e-12,2.2107621822767383e-12,2.2107621822767383e-12,2.2107621822767383e-12,2.2107621822767383e-12,2.2107621822767383e-12,2.2107621822767383e-12,2.2107621822767383e-12,2.2107621822767383e-12,2.2107621822767383e-12
595,A,0.042837008635843075,0.042837008635843075,0.042837008635843075,0.042837008635843075,0.042837008635843075,0.042837008635843075,0.042837008635843075,0.042837008635843075,0.042837008635843075,0.042837008635843075,0.042837008635843075,0.042837008635843075,0.042837008635843075,0.042837008635843075,0.042837008635843075,0.042837008635843075,0.042837008635843075,0.042837008635843075,0.042837008635843075,0.042837008635843075,0.042837008635843075,0.042837008635843075,0.042837008635843075,0.042837008635843075
596,C,0.01783562550627991,0.01783562550627991,0.01783562550627991,0.01783562550627991,0.01783562550627991,0.01783562550627991,0.01783562550627991,0.01783562550627991,0.01783562550627991,0.01783562550627991,0.01783562550627991,0.01783562550627991,0.01783562550627991,0.01783562550627991,0.01783562550627991,0.01783562550627991,0.01783562550627991,0.01783562550627991,0.01783562550627991,0.01783562550627991,0.01783562550627991,0.01783562550627991,0.01783562550627991,0.01783562550627991
597,A,0.015498134580257976,0.015498134580257976,0.015498134580257976,0.015498134580257976,0.015498134580257976,0.015498134580257976,0.015498134580257976,0.015498134580257976,0.015498134580257976,0.015498134580257976,0.015498134580257976,0.015498134580257976,0.015498134580257976,0.015498134580257976,0.015498134580257976,0.015498134580257976,0.015498134580257976,0.015498134580257976,0.015498134580257976,0.015498134580257976,0.015498134580257976,0.015498134580257976,0.015498134580257976,0.015498134580257976
598,G,0.015692516839822254,0.015692516839822254,0.015692516839822254,0.015692516839822254,0.015692516839822254,0.015692516839822254,0.015692516839822254,0.015692516839822254,0.015692516839822254,0.015692516839822254,0.015692516839822254,0.015692516839822254,0.015692516839822254,0.015692516839822254,0.015692516839822254,0.015692516839822254,0.015692516839822254,0.015692516839822254,0.015692516839822254,0.015692516839822254,0.015692516839822254,0.015692516839822254,0.015692516839822254,0.015692516839822254
599,C,0.012975397276687044,0.012975397276687044,0.012975397276687044,0.012975397276687044,0.012975397276687044,0.012975397276687044,0.012975397276687044,0.012975397276687044,0.012975397276687044,0.012975397276687044,0.012975397276687044,0.012975397276687044,0.012975397276687044,0.012975397276687044,0.012975397276687044,0.012975397276687044,0.012975397276687044,0.012975397276687044,0.012975397276687044,0.012975397276687044,0.012975397276687044,0.012975397276687044,0.012975397276687044,0.012975397276687044
600,T,0.0010344968025583138,0.0010344968025583138,0.0010344968025583138,0.0010344968025583138,0.0010344968025583138,0.0010344968025583138,0.0010344968025583138,0.0010344968025583138,0.0010344968025583138,0.0010344968025583138,0.0010344968025583138,0.0010344968025583138,0.0010344968025583138,0.0010344968025583138,0.0010344968025583138,0.0010344968025583138,0.0010344968025583138,0.0010344968025583138,0.0010344968025583138,0.0010344968025583138,0.0010344968025583138,0.0010344968025583138,0.0010344968025583138,0.0010344968025583138
601,G,0.004502125315255987,0.004502125315255987,0.004502125315255987,0.004502125315255987,0.004502125315255987,0.004502125315255987,0.004502125315255987,0.004502125315255987,0.004502125315255987,0.004502125315255987,0.004502125315255987,0.004502125315255987,0.004502125315255987,0.004502125315255987,0.004502125315255987,0.004502125315255987,0.004502125315255987,0.004502125315255987,0.004502125315255987,0.004502125315255987,0.004502125315255987,0.004502125315255987,0.004502125315255987,0.004502125315255987
602,T,2.9186576541049573e-05,2.9186576541049573e-05,2.9186576541049573e-05,2.9186576541049573e-05,2.9186576541049573e-05,2.9186576541049573e-05,2.9186576541049573e-05,2.9186576541049573e-05,2.9186576541049573e-05,2.9186576541049573e-05,2.9186576541049573e-05,2.9186576541049573e-05,2.9186576541049573e-05,2.9186576541049573e-05,2.9186576541049573e-05,2.9186576541049573e-05,2.9186576541049573e-05,2.9186576541049573e-05,2.9186576541049573e-05,2.9186576541049573e-05,2.9186576541049573e-05,2.9186576541049573e-05,2.9186576541049573e-05,2.9186576541049573e-05
603,G,0.0014569976382781,0.0014569976382781,0.0014569976382781,0.0014569976382781,0.0014569976382781,0.0014569976382781,0.0014569976382781,0.0014569976382781,0.0014569976382781,0.0014569976382781,0.0014569976382781,0.0014569976382781,0.0014569976382781,0.0014569976382781,0.0014569976382781,0.0014569976382781,0.0014569976382781,0.0014569976382781,0.0014569976382781,0.0014569976382781,0.0014569976382781,0.0014569976382781,0.0014569976382781,0.0014569976382781
604,A,0.055895452153655344,0.055895452153655344,0.055895452153655344,0.055895452153655344,0.055895452153655344,0.055895452153655344,0.055895452153655344,0.055895452153655344,0.055895452153655344,0.055895452153655344,0.055895452153655344,0.055895452153655344,0.055895452153655344,0.055895452153655344,0.055895452153655344,0.055895452153655344,0.055895452153655344,0.055895452153655344,0.055895452153655344,0.055895452153655344,0.055895452153655344,0.055895452153655344,0.055895452153655344,0.055895452153655344
605,C,0.0005224997216742164,0.0005224997216742164,0.0005224997216742164,0.0005224997216742164,0.0005224997216742164,0.0005224997216742164,0.0005224997216742164,0.0005224997216742164,0.0005224997216742164,0.0005224997216742164,0.0005224997216742164,0.0005224997216742164,0.0005224997216742164,0.0005224997216742164,0.0005224997216742164,0.0005224997216742164,0.0005224997216742164,0.0005224997216742164,0.0005224997216742164,0.0005224997216742164,0.0005224997216742164,0.0005224997216742164,0.0005224997216742164,0.0005224997216742164
606,C,0.010076446131490294,0.010076446131490294,0.010076446131490294,0.010076446131490294,0.010076446131490294,0.010076446131490294,0.010076446131490294,0.010076446131490294,0.010076446131490294,0.010076446131490294,0.010076446131490294,0.010076446131490294,0.010076446131490294,0.010076446131490294,0.010076446131490294,0.010076446131490294,0.010076446131490294,0.010076446131490294,0.010076446131490294,0.010076446131490294,0.010076446131490294,0.010076446131490294,0.010076446131490294,0.010076446131490294
607,C,0.001514712421174883,0.001514712421174883,0.001514712421174883,0.001514712421174883,0.001514712421174883,0.001514712421174883,0.001514712421174883,0.001514712421174883,0.001514712421174883,0.001514712421174883,0.001514712421174883,0.001514712421174883,0.001514712421174883,0.001514712421174883,0.001514712421174883,0.001514712421174883,0.001514712421174883,0.001514712421174883,0.001514712421174883,0.001514712421174883,0.001514712421174883,0.001514712421174883,0.001514712421174883,0.001514712421174883
608,T,0.0005136914358503355,0.0005136914358503355,0.0005136914358503355,0.0005136914358503355,0.0005136914358503355,0.0005136914358503355,0.0005136914358503355,0.0005136914358503355,0.0005136914358503355,0.0005136914358503355,0.0005136914358503355,0.0005136914358503355,0.0005136914358503355,0.0005136914358503355,0.0005136914358503355,0.0005136914358503355,0.0005136914358503355,0.0005136914358503355,0.0005136914358503355,0.0005136914358503355,0.0005136914358503355,0.0005136914358503355,0.0005136914358503355,0.0005136914358503355
609,G,0.0009608125776989435,0.0009608125776989435,0.0009608125776989435,0.0009608125776989435,0.0009608125776989435,0.0009608125776989435,0.0009608125776989435,0.0009608125776989435,0.0009608125776989435,0.0009608125776989435,0.0009608125776989435,0.0009608125776989435,0.0009608125776989435,0.0009608125776989435,0.0009608125776989435,0.0009608125776989435,0.0009608125776989435,0.0009608125776989435,0.0009608125776989435,0.0009608125776989435,0.0009608125776989435,0.0009608125776989435,0.0009608125776989435,0.0009608125776989435
610,C,0.10405756566930335,0.10405756566930335,0.10405756566930335,0.10405756566930335,0.10405756566930335,0.10405756566930335,0.10405756566930335,0.10405756566930335,0.10405756566930335,0.10405756566930335,0.10405756566930335,0.10405756566930335,0.10405756566930335,0.10405756566930335,0.10405756566930335,0.10405756566930335,0.10405756566930335,0.10405756566930335,0.10405756566930335,0.10405756566930335,0.10405756566930335,0.10405756566930335,0.10405756566930335,0.10405756566930335
611,T,2.2662560563825983e-05,2.2662560563825983e-05,2.2662560563825983e-05,2.2662560563825983e-05,2.2662560563825983e-05,2.2662560563825983e-05,2.2662560563825983e-05,2.2662560563825983e-05,2.2662560563825983e-05,2.2662560563825983e-05,2.2662560563825983e-05,2.2662560563825983e-05,2.2662560563825983e-05,2.2662560563825983e-05,2.2662560563825983e-05,2.2662560563825983e-05,2.2662560563825983e-05,2.2662560563825983e-05,2.2662560563825983e-05,2.2662560563825983e-05,2.2662560563825983e-05,2.2662560563825983e-05,2.2662560563825983e-05,2.2662560563825983e-05
612,T,3.806371082518716e-14,3.806371082518716e-14,3.806371082518716e-14,3.806371082518716e-14,3.806371082518716e-14,3.806371082518716e-14,3.806371082518716e-14,3.806371082518716e-14,3.806371082518716e-14,3.806371082518716e-14,3.806371082518716e-14,3.806371082518716e-14,3.806371082518716e-14,3.806371082518716e-14,3.806371082518716e-14,3.806371082518716e-14,3.806371082518716e-14,3.806371082518716e-14,3.806371082518716e-14,3.806371082518716e-14,3.806371082518716e-14,3.806371082518716e-14,3.806371082518716e-14,3.806371082518716e-14
613,A,0.05141687272055578,0.05141687272055578,0.05141687272055578,0.05141687272055578,0.05141687272055578,0.05141687272055578,0.05141687272055578,0.05141687272055578,0.05141687272055578,0.05141687272055578,0.05141687272055578,0.05141687272055578,0.05141687272055578,0.05141687272055578,0.05141687272055578,0.05141687272055578,0.05141687272055578,0.05141687272055578,0.05141687272055578,0.05141687272055578,0.05141687272055578,0.05141687272055578,0.05141687272055578,0.05141687272055578
614,C,0.015345369375775061,0.015345369375775061,0.015345369375775061,0.015345369375775061,0.015345369375775061,0.015345369375775061,0.015345369375775061,0.015345369375775061,0.015345369375775061,0.015345369375775061,0.015345369375775061,0.015345369375775061,0.015345369375775061,0.015345369375775061,0.015345369375775061,0.015345369375775061,0.015345369375775061,0.015345369375775061,0.015345369375775061,0.015345369375775061,0.015345369375775061,0.015345369375775061,0.015345369375775061,0.015345369375775061
615,G,8.479274953410726e-05,8.479274953410726e-05,8.479274953410726e-05,8.479274953410726e-05,8.479274953410726e-05,8.479274953410726e-05,8.479274953410726e-05,8.479274953410726e-05,8.479274953410726e-05,8.479274953410726e-05,8.479274953410726e-05,8.479274953410726e-05,8.479274953410726e-05,8.479274953410726e-05,8.479274953410726e-05,8.479274953410726e-05,8.479274953410726e-05,8.479274953410726e-05,8.479274953410726e-05,8.479274953410726e-05,8.479274953410726e-05,8.479274953410726e-05,8.479274953410726e-05,8.479274953410726e-05
616,C,0.013338006286626512,0.013338006286626512,0.013338006286626512,0.013338006286626512,0.013338006286626512,0.013338006286626512,0.013338006286626512,0.013338006286626512,0.013338006286626512,0.013338006286626512,0.013338006286626512,0.013338006286626512,0.013338006286626512,0.013338006286626512,0.013338006286626512,0.013338006286626512,0.013338006286626512,0.013338006286626512,0.013338006286626512,0.013338006286626512,0.013338006286626512,0.013338006286626512,0.013338006286626512,0.013338006286626512
617,C,0.0011248588587082654,0.0011248588587082654,0.0011248588587082654,0.0011248588587082654,0.0011248588587082654,0.0011248588587082654,0.0011248588587082654,0.0011248588587082654,0.0011248588587082654,0.0011248588587082654,0.0011248588587082654,0.0011248588587082654,0.0011248588587082654,0.0011248588587082654,0.0011248588587082654,0.0011248588587082654,0.0011248588587082654,0.0011248588587082654,0.0011248588587082654,0.0011248588587082654,0.0011248588587082654,0.0011248588587082654,0.0011248588587082654,0.0011248588587082654
618,T,4.730224101250576e-10,4.730224101250576e-10,4.730224101250576e-10,4.730224101250576e-10,4.730224101250576e-10,4.730224101250576e-10,4.730224101250576e-10,4.730224101250576e-10,4.730224101250576e-10,4.730224101250576e-10,4.730224101250576e-10,4.730224101250576e-10,4.730224101250576e-10,4.730224101250576e-10,4.730224101250576e-10,4.730224101250576e-10,4.730224101250576e-10,4.730224101250576e-10,4.730224101250576e-10,4.730224101250576e-10,4.730224101250576e-10,4.730224101250576e-10,4.730224101250576e-10,4.730224101250576e-10
619,C,0.027005697665755966,0.027005697665755966,0.027005697665755966,0.027005697665755966,0.027005697665755966,0.027005697665755966,0.027005697665755966,0.027005697665755966,0.027005697665755966,0.027005697665755966,0.027005697665755966,0.027005697665755966,0.027005697665755966,0.027005697665755966,0.027005697665755966,0.027005697665755966,0.027005697665755966,0.027005697665755966,0.027005697665755966,0.027005697665755966,0.027005697665755966,0.027005697665755966,0.027005697665755966,0.027005697665755966
620,G,0.000313973527029509,0.000313973527029509,0.000313973527029509,0.000313973527029509,0.000313973527029509,0.000313973527029509,0.000313973527029509,0.000313973527029509,0.000313973527029509,0.000313973527029509,0.000313973527029509,0.000313973527029509,0.000313973527029509,0.000313973527029509,0.000313973527029509,0.000313973527029509,0.000313973527029509,0.000313973527029509,0.000313973527029509,0.000313973527029509,0.000313973527029509,0.000313973527029509,0.000313973527029509,0.000313973527029509
621,A,0.03153991552385815,0.03153991552385815,0.03153991552385815,0.03153991552385815,0.03153991552385815,0.03153991552385815,0.03153991552385815,0.03153991552385815,0.03153991552385815,0.03153991552385815,0.03153991552385815,0.03153991552385815,0.03153991552385815,0.03153991552385815,0.03153991552385815,0.03153991552385815,0.03153991552385815,0.03153991552385815,0.03153991552385815,0.03153991552385815,0.03153991552385815,0.03153991552385815,0.03153991552385815,0.03153991552385815
622,T,9.974928532449028e-15,9.974928532449028e-15,9.974928532449028e-15,9.974928532449028e-15,9.974928532449028e-15,9.974928532449028e-15,9.974928532449028e-15,9.974928532449028e-15,9.974928532449028e-15,9.974928532449028e-15,9.974928532449028e-15,9.974928532449028e-15,9.974928532449028e-15,9.974928532449028e-15,9.974928532449028e-15,9.974928532449028e-15,9.974928532449028e-15,9.974928532449028e-15,9.974928532449028e-15,9.974928532449028e-15,9.974928532449028e-15,9.974928532449028e-15,9.974928532449028e-15,9.974928532449028e-15
623,G,9.729939187841171e-05,9.729939187841171e-05,9.729939187841171e-05,9.729939187841171e-05,9.729939187841171e-05,9.729939187841171e-05,9.729939187841171e-05,9.729939187841171e-05,9.729939187841171e-05,9.729939187841171e-05,9.729939187841171e-05,9.729939187841171e-05,9.729939187841171e-05,9.729939187841171e-05,9.729939187841171e-05,9.729939187841171e-05,9.729939187841171e-05,9.729939187841171e-05,9.729939187841171e-05,9.729939187841171e-05,9.729939187841171e-05,9.729939187841171e-05,9.729939187841171e-05,9.729939187841171e-05
624,T,1.5060016886339007e-08,1.5060016886339007e-08,1.5060016886339007e-08,1.5060016886339007e-08,1.5060016886339007e-08,1.5060016886339007e-08,1.5060016886339007e-08,1.5060016886339007e-08,1.5060016886339007e-08,1.5060016886339007e-08,1.5060016886339007e-08,1.5060016886339007e-08,1.5060016886339007e-08,1.5060016886339007e-08,1.5060016886339007e-08,1.5060016886339007e-08,1.5060016886339007e-08,1.5060016886339007e-08,1.5060016886339007e-08,1.5060016886339007e-08,1.5060016886339007e-08,1.5060016886339007e-08,1.5060016886339007e-08,1.5060016886339007e-08
625,T,9.027764001463499e-24,9.027764001463499e-24,9.027764001463499e-24,9.027764001463499e-24,9.027764001463499e-24,9.027764001463499e-24,9.027764001463499e-24,9.027764001463499e-24,9.027764001463499e-24,9.027764001463499e-24,9.027764001463499e-24,9.027764001463499e-24,9.027764001463499e-24,9.027764001463499e-24,9.027764001463499e-24,9.027764001463499e-24,9.027764001463499e-24,9.027764001463499e-24,9.027764001463499e-24,9.027764001463499e-24,9.027764001463499e-24,9.027764001463499e-24,9.027764001463499e-24,9.027764001463499e-24
626,T,9.710618061535656e-10,9.710618061535656e-10,9.710618061535656e-10,9.710618061535656e-10,9.710618061535656e-10,9.710618061535656e-10,9.710618061535656e-10,9.710618061535656e-10,9.710618061535656e-10,9.710618061535656e-10,9.710618061535656e-10,9.710618061535656e-10,9.710618061535656e-10,9.710618061535656e-10,9.710618061535656e-10,9.710618061535656e-10,9.710618061535656e-10,9.710618061535656e-10,9.710618061535656e-10,9.710618061535656e-10,9.710618061535656e-10,9.710618061535656e-10,9.710618061535656e-10,9.710618061535656e-10
627,G,0.0014581292190396233,0.0014581292190396233,0.0014581292190396233,0.0014581292190396233,0.0014581292190396233,0.0014581292190396233,0.0014581292190396233,0.0014581292190396233,0.0014581292190396233,0.0014581292190396233,0.0014581292190396233,0.0014581292190396233,0.0014581292190396233,0.0014581292190396233,0.0014581292190396233,0.0014581292190396233,0.0014581292190396233,0.0014581292190396233,0.0014581292190396233,0.0014581292190396233,0.0014581292190396233,0.0014581292190396233,0.0014581292190396233,0.0014581292190396233
628,G,0.0012316550202005055,0.0012316550202005055,0.0012316550202005055,0.0012316550202005055,0.0012316550202005055,0.0012316550202005055,0.0012316550202005055,0.0012316550202005055,0.0012316550202005055,0.0012316550202005055,0.0012316550202005055,0.0012316550202005055,0.0012316550202005055,0.0012316550202005055,0.0012316550202005055,0.0012316550202005055,0.0012316550202005055,0.0012316550202005055,0.0012316550202005055,0.0012316550202005055,0.0012316550202005055,0.0012316550202005055,0.0012316550202005055,0.0012316550202005055
629,T,3.8693059376644374e-14,3.8693059376644374e-14,3.8693059376644374e-14,3.8693059376644374e-14,3.8693059376644374e-14,3.8693059376644374e-14,3.8693059376644374e-14,3.8693059376644374e-14,3.8693059376644374e-14,3.8693059376644374e-14,3.8693059376644374e-14,3.8693059376644374e-14,3.8693059376644374e-14,3.8693059376644374e-14,3.8693059376644374e-14,3.8693059376644374e-14,3.8693059376644374e-14,3.8693059376644374e-14,3.8693059376644374e-14,3.8693059376644374e-14,3.8693059376644374e-14,3.8693059376644374e-14,3.8693059376644374e-14,3.8693059376644374e-14
630,T,1.9884000812961547e-10,1.9884000812961547e-10,1.9884000812961547e-10,1.9884000812961547e-10,1.9884000812961547e-10,1.9884000812961547e-10,1.9884000812961547e-10,1.9884000812961547e-10,1.9884000812961547e-10,1.9884000812961547e-10,1.9884000812961547e-10,1.9884000812961547e-10,1.9884000812961547e-10,1.9884000812961547e-10,1.9884000812961547e-10,1.9884000812961547e-10,1.9884000812961547e-10,1.9884000812961547e-10,1.9884000812961547e-10,1.9884000812961547e-10,1.9884000812961547e-10,1.9884000812961547e-10,1.9884000812961547e-10,1.9884000812961547e-10
631,T,0.0029018488876126495,0.0029018488876126495,0.0029018488876126495,0.0029018488876126495,0.0029018488876126495,0.0029018488876126495,0.0029018488876126495,0.0029018488876126495,0.0029018488876126495,0.0029018488876126495,0.0029018488876126495,0.0029018488876126495,0.0029018488876126495,0.0029018488876126495,0.0029018488876126495,0.0029018488876126495,0.0029018488876126495,0.0029018488876126495,0.0029018488876126495,0.0029018488876126495,0.0029018488876126495,0.0029018488876126495,0.0029018488876126495,0.0029018488876126495
632,A,0.004855464916625928,0.004855464916625928,0.004855464916625928,0.004855464916625928,0.004855464916625928,0.004855464916625928,0.004855464916625928,0.004855464916625928,0.004855464916625928,0.004855464916625928,0.004855464916625928,0.004855464916625928,0.004855464916625928,0.004855464916625928,0.004855464916625928,0.004855464916625928,0.004855464916625928,0.004855464916625928,0.004855464916625928,0.004855464916625928,0.004855464916625928,0.004855464916625928,0.004855464916625928,0.004855464916625928
633,C,0.03937327010170882,0.03937327010170882,0.03937327010170882,0.03937327010170882,0.03937327010170882,0.03937327010170882,0.03937327010170882,0.03937327010170882,0.03937327010170882,0.03937327010170882,0.03937327010170882,0.03937327010170882,0.03937327010170882,0.03937327010170882,0.03937327010170882,0.03937327010170882,0.03937327010170882,0.03937327010170882,0.03937327010170882,0.03937327010170882,0.03937327010170882,0.03937327010170882,0.03937327010170882,0.03937327010170882
634,C,0.04665817715982922,0.04665817715982922,0.04665817715982922,0.04665817715982922,0.04665817715982922,0.04665817715982922,0.04665817715982922,0.04665817715982922,0.04665817715982922,0.04665817715982922,0.04665817715982922,0.04665817715982922,0.04665817715982922,0.04665817715982922,0.04665817715982922,0.04665817715982922,0.04665817715982922,0.04665817715982922,0.04665817715982922,0.04665817715982922,0.04665817715982922,0.04665817715982922,0.04665817715982922,0.04665817715982922
635,G,1.2940820382503948e-05,1.2940820382503948e-05,1.2940820382503948e-05,1.2940820382503948e-05,1.2940820382503948e-05,1.2940820382503948e-05,1.2940820382503948e-05,1.2940820382503948e-05,1.2940820382503948e-05,1.2940820382503948e-05,1.2940820382503948e-05,1.2940820382503948e-05,1.2940820382503948e-05,1.2940820382503948e-05,1.2940820382503948e-05,1.2940820382503948e-05,1.2940820382503948e-05,1.2940820382503948e-05,1.2940820382503948e-05,1.2940820382503948e-05,1.2940820382503948e-05,1.2940820382503948e-05,1.2940820382503948e-05,1.2940820382503948e-05
636,G,0.0013563350290397172,0.0013563350290397172,0.0013563350290397172,0.0013563350290397172,0.0013563350290397172,0.0013563350290397172,0.0013563350290397172,0.0013563350290397172,0.0013563350290397172,0.0013563350290397172,0.0013563350290397172,0.0013563350290397172,0.0013563350290397172,0.0013563350290397172,0.0013563350290397172,0.0013563350290397172,0.0013563350290397172,0.0013563350290397172,0.0013563350290397172,0.0013563350290397172,0.0013563350290397172,0.0013563350290397172,0.0013563350290397172,0.0013563350290397172
637,G,0.009649027872583253,0.009649027872583253,0.009649027872583253,0.009649027872583253,0.009649027872583253,0.009649027872583253,0.009649027872583253,0.009649027872583253,0.009649027872583253,0.009649027872583253,0.009649027872583253,0.009649027872583253,0.009649027872583253,0.009649027872583253,0.009649027872583253,0.009649027872583253,0.009649027872583253,0.009649027872583253,0.009649027872583253,0.009649027872583253,0.009649027872583253,0.009649027872583253,0.009649027872583253,0.009649027872583253
638,G,6.230572608381542e-05,6.230572608381542e-05,6.230572608381542e-05,6.230572608381542e-05,6.230572608381542e-05,6.230572608381542e-05,6.230572608381542e-05,6.230572608381542e-05,6.230572608381542e-05,6.230572608381542e-05,6.230572608381542e-05,6.230572608381542e-05,6.230572608381542e-05,6.230572608381542e-05,6.230572608381542e-05,6.230572608381542e-05,6.230572608381542e-05,6.230572608381542e-05,6.230572608381542e-05,6.230572608381542e-05,6.230572608381542e-05,6.230572608381542e-05,6.230572608381542e-05,6.230572608381542e-05
639,G,0.0013067880155086477,0.0013067880155086477,0.0013067880155086477,0.0013067880155086477,0.0013067880155086477,0.0013067880155086477,0.0013067880155086477,0.0013067880155086477,0.0013067880155086477,0.0013067880155086477,0.0013067880155086477,0.0013067880155086477,0.0013067880155086477,0.0013067880155086477,0.0013067880155086477,0.0013067880155086477,0.0013067880155086477,0.0013067880155086477,0.0013067880155086477,0.0013067880155086477,0.0013067880155086477,0.0013067880155086477,0.0013067880155086477,0.0013067880155086477
640,G,8.694002463021405e-05,8.694002463021405e-05,8.694002463021405e-05,8.694002463021405e-05,8.694002463021405e-05,8.694002463021405e-05,8.694002463021405e-05,8.694002463021405e-05,8.694002463021405e-05,8.694002463021405e-05,8.694002463021405e-05,8.694002463021405e-05,8.694002463021405e-05,8.694002463021405e-05,8.694002463021405e-05,8.694002463021405e-05,8.694002463021405e-05,8.694002463021405e-05,8.694002463021405e-05,8.694002463021405e-05,8.694002463021405e-05,8.694002463021405e-05,8.694002463021405e-05,8.694002463021405e-05
641,A,0.018192726264533884,0.018192726264533884,0.018192726264533884,0.018192726264533884,0.018192726264533884,0.018192726264533884,0.018192726264533884,0.018192726264533884,0.018192726264533884,0.018192726264533884,0.018192726264533884,0.018192726264533884,0.018192726264533884,0.018192726264533884,0.018192726264533884,0.018192726264533884,0.018192726264533884,0.018192726264533884,0.018192726264533884,0.018192726264533884,0.018192726264533884,0.018192726264533884,0.018192726264533884,0.018192726264533884
642,G,0.00017154914435544788,0.00017154914435544788,0.00017154914435544788,0.00017154914435544788,0.00017154914435544788,0.00017154914435544788,0.00017154914435544788,0.00017154914435544788,0.00017154914435544788,0.00017154914435544788,0.00017154914435544788,0.00017154914435544788,0.00017154914435544788,0.00017154914435544788,0.00017154914435544788,0.00017154914435544788,0.00017154914435544788,0.00017154914435544788,0.00017154914435544788,0.00017154914435544788,0.00017154914435544788,0.00017154914435544788,0.00017154914435544788,0.00017154914435544788
643,A,0.029934011007626174,0.029934011007626174,0.029934011007626174,0.029934011007626174,0.029934011007626174,0.029934011007626174,0.029934011007626174,0.029934011007626174,0.029934011007626174,0.029934011007626174,0.029934011007626174,0.029934011007626174,0.029934011007626174,0.029934011007626174,0.029934011007626174,0.029934011007626174,0.029934011007626174,0.029934011007626174,0.029934011007626174,0.029934011007626174,0.029934011007626174,0.029934011007626174,0.029934011007626174,0.029934011007626174
644,C,0.0031152564835166875,0.0031152564835166875,0.0031152564835166875,0.0031152564835166875,0.0031152564835166875,0.0031152564835166875,0.0031152564835166875,0.0031152564835166875,0.0031152564835166875,0.0031152564835166875,0.0031152564835166875,0.0031152564835166875,0.0031152564835166875,0.0031152564835166875,0.0031152564835166875,0.0031152564835166875,0.0031152564835166875,0.0031152564835166875,0.0031152564835166875,0.0031152564835166875,0.0031152564835166875,0.0031152564835166875,0.0031152564835166875,0.0031152564835166875
645,G,0.02619137955965839,0.02619137955965839,0.02619137955965839,0.02619137955965839,0.02619137955965839,0.02619137955965839,0.02619137955965839,0.02619137955965839,0.02619137955965839,0.02619137955965839,0.02619137955965839,0.02619137955965839,0.02619137955965839,0.02619137955965839,0.02619137955965839,0.02619137955965839,0.02619137955965839,0.02619137955965839,0.02619137955965839,0.02619137955965839,0.02619137955965839,0.02619137955965839,0.02619137955965839,0.02619137955965839
646,C,0.006657837000625852,0.006657837000625852,0.006657837000625852,0.006657837000625852,0.006657837000625852,0.006657837000625852,0.006657837000625852,0.006657837000625852,0.006657837000625852,0.006657837000625852,0.006657837000625852,0.006657837000625852,0.006657837000625852,0.006657837000625852,0.006657837000625852,0.006657837000625852,0.006657837000625852,0.006657837000625852,0.006657837000625852,0.006657837000625852,0.006657837000625852,0.006657837000625852,0.006657837000625852,0.006657837000625852
647,C,0.03359574464568115,0.03359574464568115,0.03359574464568115,0.03359574464568115,0.03359574464568115,0.03359574464568115,0.03359574464568115,0.03359574464568115,0.03359574464568115,0.03359574464568115,0.03359574464568115,0.03359574464568115,0.03359574464568115,0.03359574464568115,0.03359574464568115,0.03359574464568115,0.03359574464568115,0.03359574464568115,0.03359574464568115,0.03359574464568115,0.03359574464568115,0.03359574464568115,0.03359574464568115,0.03359574464568115
648,T,1.9554933301817165e-07,1.9554933301817165e-07,1.9554933301817165e-07,1.9554933301817165e-07,1.9554933301817165e-07,1.9554933301817165e-07,1.9554933301817165e-07,1.9554933301817165e-07,1.9554933301817165e-07,1.9554933301817165e-07,1.9554933301817165e-07,1.9554933301817165e-07,1.9554933301817165e-07,1.9554933301817165e-07,1.9554933301817165e-07,1.9554933301817165e-07,1.9554933301817165e-07,1.9554933301817165e-07,1.9554933301817165e-07,1.9554933301817165e-07,1.9554933301817165e-07,1.9554933301817165e-07,1.9554933301817165e-07,1.9554933301817165e-07
649,C,0.014953853720706978,0.014953853720706978,0.014953853720706978,0.014953853720706978,0.014953853720706978,0.014953853720706978,0.014953853720706978,0.014953853720706978,0.014953853720706978,0.014953853720706978,0.014953853720706978,0.014953853720706978,0.014953853720706978,0.014953853720706978,0.014953853720706978,0.014953853720706978,0.014953853720706978,0.014953853720706978,0.014953853720706978,0.014953853720706978,0.014953853720706978,0.014953853720706978,0.014953853720706978,0.014953853720706978
650,C,0.005400492007839489,0.005400492007839489,0.005400492007839489,0.005400492007839489,0.005400492007839489,0.005400492007839489,0.005400492007839489,0.005400492007839489,0.005400492007839489,0.005400492007839489,0.005400492007839489,0.005400492007839489,0.005400492007839489,0.005400492007839489,0.005400492007839489,0.005400492007839489,0.005400492007839489,0.005400492007839489,0.005400492007839489,0.005400492007839489,0.005400492007839489,0.005400492007839489,0.005400492007839489,0.005400492007839489
651,C,0.01704307083662934,0.01704307083662934,0.01704307083662934,0.01704307083662934,0.01704307083662934,0.01704307083662934,0.01704307083662934,0.01704307083662934,0.01704307083662934,0.01704307083662934,0.01704307083662934,0.01704307083662934,0.01704307083662934,0.01704307083662934,0.01704307083662934,0.01704307083662934,0.01704307083662934,0.01704307083662934,0.01704307083662934,0.01704307083662934,0.01704307083662934,0.01704307083662934,0.01704307083662934,0.01704307083662934
652,T,2.5992574676722174e-15,2.5992574676722174e-15,2.5992574676722174e-15,2.5992574676722174e-15,2.5992574676722174e-15,2.5992574676722174e-15,2.5992574676722174e-15,2.5992574676722174e-15,2.5992574676722174e-15,2.5992574676722174e-15,2.5992574676722174e-15,2.5992574676722174e-15,2.5992574676722174e-15,2.5992574676722174e-15,2.5992574676722174e-15,2.5992574676722174e-15,2.5992574676722174e-15,2.5992574676722174e-15,2.5992574676722174e-15,2.5992574676722174e-15,2.5992574676722174e-15,2.5992574676722174e-15,2.5992574676722174e-15,2.5992574676722174e-15
653,T,3.3402994247614435e-10,3.3402994247614435e-10,3.3402994247614435e-10,3.3402994247614435e-10,3.3402994247614435e-10,3.3402994247614435e-10,3.3402994247614435e-10,3.3402994247614435e-10,3.3402994247614435e-10,3.3402994247614435e-10,3.3402994247614435e-10,3.3402994247614435e-10,3.3402994247614435e-10,3.3402994247614435e-10,3.3402994247614435e-10,3.3402994247614435e-10,3.3402994247614435e-10,3.3402994247614435e-10,3.3402994247614435e-10,3.3402994247614435e-10,3.3402994247614435e-10,3.3402994247614435e-10,3.3402994247614435e-10,3.3402994247614435e-10
654,G,4.2613878923806425e-07,4.2613878923806425e-07,4.2613878923806425e-07,4.2613878923806425e-07,4.2613878923806425e-07,4.2613878923806425e-07,4.2613878923806425e-07,4.2613878923806425e-07,4.2613878923806425e-07,4.2613878923806425e-07,4.2613878923806425e-07,4.2613878923806425e-07,4.2613878923806425e-07,4.2613878923806425e-07,4.2613878923806425e-07,4.2613878923806425e-07,4.2613878923806425e-07,4.2613878923806425e-07,4.2613878923806425e-07,4.2613878923806425e-07,4.2613878923806425e-07,4.2613878923806425e-07,4.2613878923806425e-07,4.2613878923806425e-07
655,T,8.441360108390157e-09,8.441360108390157e-09,8.441360108390157e-09,8.441360108390157e-09,8.441360108390157e-09,8.441360108390157e-09,8.441360108390157e-09,8.441360108390157e-09,8.441360108390157e-09,8.441360108390157e-09,8.441360108390157e-09,8.441360108390157e-09,8.441360108390157e-09,8.441360108390157e-09,8.441360108390157e-09,8.441360108390157e-09,8.441360108390157e-09,8.441360108390157e-09,8.441360108390157e-09,8.441360108390157e-09,8.441360108390157e-09,8.441360108390157e-09,8.441360108390157e-09,8.441360108390157e-09
656,C,0.0061602731950239934,0.0061602731950239934,0.0061602731950239934,0.0061602731950239934,0.0061602731950239934,0.0061602731950239934,0.0061602731950239934,0.0061602731950239934,0.0061602731950239934,0.0061602731950239934,0.0061602731950239934,0.0061602731950239934,0.0061602731950239934,0.0061602731950239934,0.0061602731950239934,0.0061602731950239934,0.0061602731950239934,0.0061602731950239934,0.0061602731950239934,0.0061602731950239934,0.0061602731950239934,0.0061602731950239934,0.0061602731950239934,0.0061602731950239934
657,T,0.0160789040633069,0.0160789040633069,0.0160789040633069,0.0160789040633069,0.0160789040633069,0.0160789040633069,0.0160789040633069,0.0160789040633069,0.0160789040633069,0.0160789040633069,0.0160789040633069,0.0160789040633069,0.0160789040633069,0.0160789040633069,0.0160789040633069,0.0160789040633069,0.0160789040633069,0.0160789040633069,0.0160789040633069,0.0160789040633069,0.0160789040633069,0.0160789040633069,0.0160789040633069,0.0160789040633069
658,G,0.0003839415883902506,0.0003839415883902506,0.0003839415883902506,0.0003839415883902506,0.0003839415883902506,0.0003839415883902506,0.0003839415883902506,0.0003839415883902506,0.0003839415883902506,0.0003839415883902506,0.0003839415883902506,0.0003839415883902506,0.0003839415883902506,0.0003839415883902506,0.0003839415883902506,0.0003839415883902506,0.0003839415883902506,0.0003839415883902506,0.0003839415883902506,0.0003839415883902506,0.0003839415883902506,0.0003839415883902506,0.0003839415883902506,0.0003839415883902506
659,T,6.344980483083931e-07,6.344980483083931e-07,6.344980483083931e-07,6.344980483083931e-07,6.344980483083931e-07,6.344980483083931e-07,6.344980483083931e-07,6.344980483083931e-07,6.344980483083931e-07,6.344980483083931e-07,6.344980483083931e-07,6.344980483083931e-07,6.344980483083931e-07,6.344980483083931e-07,6.344980483083931e-07,6.344980483083931e-07,6.344980483083931e-07,6.344980483083931e-07,6.344980483083931e-07,6.344980483083931e-07,6.344980483083931e-07,6.344980483083931e-07,6.344980483083931e-07,6.344980483083931e-07
660,T,0.00030321647881832037,0.00030321647881832037,0.00030321647881832037,0.00030321647881832037,0.00030321647881832037,0.00030321647881832037,0.00030321647881832037,0.00030321647881832037,0.00030321647881832037,0.00030321647881832037,0.00030321647881832037,0.00030321647881832037,0.00030321647881832037,0.00030321647881832037,0.00030321647881832037,0.00030321647881832037,0.00030321647881832037,0.00030321647881832037,0.00030321647881832037,0.00030321647881832037,0.00030321647881832037,0.00030321647881832037,0.00030321647881832037,0.00030321647881832037
661,G,0.003555953197006626,0.003555953197006626,0.003555953197006626,0.003555953197006626,0.003555953197006626,0.003555953197006626,0.003555953197006626,0.003555953197006626,0.003555953197006626,0.003555953197006626,0.003555953197006626,0.003555953197006626,0.003555953197006626,0.003555953197006626,0.003555953197006626,0.003555953197006626,0.003555953197006626,0.003555953197006626,0.003555953197006626,0.003555953197006626,0.003555953197006626,0.003555953197006626,0.003555953197006626,0.003555953197006626
662,A,0.010509849326011123,0.010509849326011123,0.010509849326011123,0.010509849326011123,0.010509849326011123,0.010509849326011123,0.010509849326011123,0.010509849326011123,0.010509849326011123,0.010509849326011123,0.010509849326011123,0.010509849326011123,0.010509849326011123,0.010509849326011123,0.010509849326011123,0.010509849326011123,0.010509849326011123,0.010509849326011123,0.010509849326011123,0.010509849326011123,0.010509849326011123,0.010509849326011123,0.010509849326011123,0.010509849326011123
663,C,0.009376201296474311,0.009376201296474311,0.009376201296474311,0.009376201296474311,0.009376201296474311,0.009376201296474311,0.009376201296474311,0.009376201296474311,0.009376201296474311,0.009376201296474311,0.009376201296474311,0.009376201296474311,0.009376201296474311,0.009376201296474311,0.009376201296474311,0.009376201296474311,0.009376201296474311,0.009376201296474311,0.009376201296474311,0.009376201296474311,0.009376201296474311,0.009376201296474311,0.009376201296474311,0.009376201296474311
664,A,0.012199965994748044,0.012199965994748044,0.012199965994748044,0.012199965994748044,0.012199965994748044,0.012199965994748044,0.012199965994748044,0.012199965994748044,0.012199965994748044,0.012199965994748044,0.012199965994748044,0.012199965994748044,0.012199965994748044,0.012199965994748044,0.012199965994748044,0.012199965994748044,0.012199965994748044,0.012199965994748044,0.012199965994748044,0.012199965994748044,0.012199965994748044,0.012199965994748044,0.012199965994748044,0.012199965994748044
665,A,0.01723074576418637,0.01723074576418637,0.01723074576418637,0.01723074576418637,0.01723074576418637,0.01723074576418637,0.01723074576418637,0.01723074576418637,0.01723074576418637,0.01723074576418637,0.01723074576418637,0.01723074576418637,0.01723074576418637,0.01723074576418637,0.01723074576418637,0.01723074576418637,0.01723074576418637,0.01723074576418637,0.01723074576418637,0.01723074576418637,0.01723074576418637,0.01723074576418637,0.01723074576418637,0.01723074576418637
666,G,0.0005494268014961967,0.0005494268014961967,0.0005494268014961967,0.0005494268014961967,0.0005494268014961967,0.0005494268014961967,0.0005494268014961967,0.0005494268014961967,0.0005494268014961967,0.0005494268014961967,0.0005494268014961967,0.0005494268014961967,0.0005494268014961967,0.0005494268014961967,0.0005494268014961967,0.0005494268014961967,0.0005494268014961967,0.0005494268014961967,0.0005494268014961967,0.0005494268014961967,0.0005494268014961967,0.0005494268014961967,0.0005494268014961967,0.0005494268014961967
667,G,0.0035022423795347517,0.0035022423795347517,0.0035022423795347517,0.0035022423795347517,0.0035022423795347517,0.0035022423795347517,0.0035022423795347517,0.0035022423795347517,0.0035022423795347517,0.0035022423795347517,0.0035022423795347517,0.0035022423795347517,0.0035022423795347517,0.0035022423795347517,0.0035022423795347517,0.0035022423795347517,0.0035022423795347517,0.0035022423795347517,0.0035022423795347517,0.0035022423795347517,0.0035022423795347517,0.0035022423795347517,0.0035022423795347517,0.0035022423795347517
668,G,1.7196186241761854e-06,1.7196186241761854e-06,1.7196186241761854e-06,1.7196186241761854e-06,1.7196186241761854e-06,1.7196186241761854e-06,1.7196186241761854e-06,1.7196186241761854e-06,1.7196186241761854e-06,1.7196186241761854e-06,1.7196186241761854e-06,1.7196186241761854e-06,1.7196186241761854e-06,1.7196186241761854e-06,1.7196186241761854e-06,1.7196186241761854e-06,1.7196186241761854e-06,1.7196186241761854e-06,1.7196186241761854e-06,1.7196186241761854e-06,1.7196186241761854e-06,1.7196186241761854e-06,1.7196186241761854e-06,1.7196186241761854e-06
669,T,2.6490269131752014e-12,2.6490269131752014e-12,2.6490269131752014e-12,2.6490269131752014e-12,2.6490269131752014e-12,2.6490269131752014e-12,2.6490269131752014e-12,2.6490269131752014e-12,2.6490269131752014e-12,2.6490269131752014e-12,2.6490269131752014e-12,2.6490269131752014e-12,2.6490269131752014e-12,2.6490269131752014e-12,2.6490269131752014e-12,2.6490269131752014e-12,2.6490269131752014e-12,2.6490269131752014e-12,2.6490269131752014e-12,2.6490269131752014e-12,2.6490269131752014e-12,2.6490269131752014e-12,2.6490269131752014e-12,2.6490269131752014e-12
670,A,0.013479840041936232,0.013479840041936232,0.013479840041936232,0.013479840041936232,0.013479840041936232,0.013479840041936232,0.013479840041936232,0.013479840041936232,0.013479840041936232,0.013479840041936232,0.013479840041936232,0.013479840041936232,0.013479840041936232,0.013479840041936232,0.013479840041936232,0.013479840041936232,0.013479840041936232,0.013479840041936232,0.013479840041936232,0.013479840041936232,0.013479840041936232,0.013479840041936232,0.013479840041936232,0.013479840041936232
671,G,0.0045874417155065675,0.0045874417155065675,0.0045874417155065675,0.0045874417155065675,0.0045874417155065675,0.0045874417155065675,0.0045874417155065675,0.0045874417155065675,0.0045874417155065675,0.0045874417155065675,0.0045874417155065675,0.0045874417155065675,0.0045874417155065675,0.0045874417155065675,0.0045874417155065675,0.0045874417155065675,0.0045874417155065675,0.0045874417155065675,0.0045874417155065675,0.0045874417155065675,0.0045874417155065675,0.0045874417155065675,0.0045874417155065675,0.0045874417155065675
672,A,0.01479225325856374,0.01479225325856374,0.01479225325856374,0.01479225325856374,0.01479225325856374,0.01479225325856374,0.01479225325856374,0.01479225325856374,0.01479225325856374,0.01479225325856374,0.01479225325856374,0.01479225325856374,0.01479225325856374,0.01479225325856374,0.01479225325856374,0.01479225325856374,0.01479225325856374,0.01479225325856374,0.01479225325856374,0.01479225325856374,0.01479225325856374,0.01479225325856374,0.01479225325856374,0.01479225325856374
673,C,0.005586497868467028,0.005586497868467028,0.005586497868467028,0.005586497868467028,0.005586497868467028,0.005586497868467028,0.005586497868467028,0.005586497868467028,0.005586497868467028,0.005586497868467028,0.005586497868467028,0.005586497868467028,0.005586497868467028,0.005586497868467028,0.005586497868467028,0.005586497868467028,0.005586497868467028,0.005586497868467028,0.005586497868467028,0.005586497868467028,0.005586497868467028,0.005586497868467028,0.005586497868467028,0.005586497868467028
674,G,0.003575164382688868,0.003575164382688868,0.003575164382688868,0.003575164382688868,0.003575164382688868,0.003575164382688868,0.003575164382688868,0.003575164382688868,0.003575164382688868,0.003575164382688868,0.003575164382688868,0.003575164382688868,0.003575164382688868,0.003575164382688868,0.003575164382688868,0.003575164382688868,0.003575164382688868,0.003575164382688868,0.003575164382688868,0.003575164382688868,0.003575164382688868,0.003575164382688868,0.003575164382688868,0.003575164382688868
675,A,0.008372063621969513,0.008372063621969513,0.008372063621969513,0.008372063621969513,0.008372063621969513,0.008372063621969513,0.008372063621969513,0.008372063621969513,0.008372063621969513,0.008372063621969513,0.008372063621969513,0.008372063621969513,0.008372063621969513,0.008372063621969513,0.008372063621969513,0.008372063621969513,0.008372063621969513,0.008372063621969513,0.008372063621969513,0.008372063621969513,0.008372063621969513,0.008372063621969513,0.008372063621969513,0.008372063621969513
676,C,0.01084185648812863,0.01084185648812863,0.01084185648812863,0.01084185648812863,0.01084185648812863,0.01084185648812863,0.01084185648812863,0.01084185648812863,0.01084185648812863,0.01084185648812863,0.01084185648812863,0.01084185648812863,0.01084185648812863,0.01084185648812863,0.01084185648812863,0.01084185648812863,0.01084185648812863,0.01084185648812863,0.01084185648812863,0.01084185648812863,0.01084185648812863,0.01084185648812863,0.01084185648812863,0.01084185648812863
677,C,0.020157771741895602,0.020157771741895602,0.020157771741895602,0.020157771741895602,0.020157771741895602,0.020157771741895602,0.020157771741895602,0.020157771741895602,0.020157771741895602,0.020157771741895602,0.020157771741895602,0.020157771741895602,0.020157771741895602,0.020157771741895602,0.020157771741895602,0.020157771741895602,0.020157771741895602,0.020157771741895602,0.020157771741895602,0.020157771741895602,0.020157771741895602,0.020157771741895602,0.020157771741895602,0.020157771741895602
678,C,0.02853089550081176,0.02853089550081176,0.02853089550081176,0.02853089550081176,0.02853089550081176,0.02853089550081176,0.02853089550081176,0.02853089550081176,0.02853089550081176,0.02853089550081176,0.02853089550081176,0.02853089550081176,0.02853089550081176,0.02853089550081176,0.02853089550081176,0.02853089550081176,0.02853089550081176,0.02853089550081176,0.02853089550081176,0.02853089550081176,0.02853089550081176,0.02853089550081176,0.02853089550081176,0.02853089550081176
679,C,0.02617849816612733,0.02617849816612733,0.02617849816612733,0.02617849816612733,0.02617849816612733,0.02617849816612733,0.02617849816612733,0.02617849816612733,0.02617849816612733,0.02617849816612733,0.02617849816612733,0.02617849816612733,0.02617849816612733,0.02617849816612733,0.02617849816612733,0.02617849816612733,0.02617849816612733,0.02617849816612733,0.02617849816612733,0.02617849816612733,0.02617849816612733,0.02617849816612733,0.02617849816612733,0.02617849816612733
680,G,0.00012651844791733506,0.00012651844791733506,0.00012651844791733506,0.00012651844791733506,0.00012651844791733506,0.00012651844791733506,0.00012651844791733506,0.00012651844791733506,0.00012651844791733506,0.00012651844791733506,0.00012651844791733506,0.00012651844791733506,0.00012651844791733506,0.00012651844791733506,0.00012651844791733506,0.00012651844791733506,0.00012651844791733506,0.00012651844791733506,0.00012651844791733506,0.00012651844791733506,0.00012651844791733506,0.00012651844791733506,0.00012651844791733506,0.00012651844791733506
681,T,3.1652101482321476e-09,3.1652101482321476e-09,3.1652101482321476e-09,3.1652101482321476e-09,3.1652101482321476e-09,3.1652101482321476e-09,3.1652101482321476e-09,3.1652101482321476e-09,3.1652101482321476e-09,3.1652101482321476e-09,3.1652101482321476e-09,3.1652101482321476e-09,3.1652101482321476e-09,3.1652101482321476e-09,3.1652101482321476e-09,3.1652101482321476e-09,3.1652101482321476e-09,3.1652101482321476e-09,3.1652101482321476e-09,3.1652101482321476e-09,3.1652101482321476e-09,3.1652101482321476e-09,3.1652101482321476e-09,3.1652101482321476e-09
682,C,0.08196546563236017,0.08196546563236017,0.08196546563236017,0.08196546563236017,0.08196546563236017,0.08196546563236017,0.08196546563236017,0.08196546563236017,0.08196546563236017,0.08196546563236017,0.08196546563236017,0.08196546563236017,0.08196546563236017,0.08196546563236017,0.08196546563236017,0.08196546563236017,0.08196546563236017,0.08196546563236017,0.08196546563236017,0.08196546563236017,0.08196546563236017,0.08196546563236017,0.08196546563236017,0.08196546563236017
683,A,0.03395312774325568,0.03395312774325568,0.03395312774325568,0.03395312774325568,0.03395312774325568,0.03395312774325568,0.03395312774325568,0.03395312774325568,0.03395312774325568,0.03395312774325568,0.03395312774325568,0.03395312774325568,0.03395312774325568,0.03395312774325568,0.03395312774325568,0.03395312774325568,0.03395312774325568,0.03395312774325568,0.03395312774325568,0.03395312774325568,0.03395312774325568,0.03395312774325568,0.03395312774325568,0.03395312774325568
684,T,0.000413247339528754,0.000413247339528754,0.000413247339528754,0.000413247339528754,0.000413247339528754,0.000413247339528754,0.000413247339528754,0.000413247339528754,0.000413247339528754,0.000413247339528754,0.000413247339528754,0.000413247339528754,0.000413247339528754,0.000413247339528754,0.000413247339528754,0.000413247339528754,0.000413247339528754,0.000413247339528754,0.000413247339528754,0.000413247339528754,0.000413247339528754,0.000413247339528754,0.000413247339528754,0.000413247339528754
685,G,3.0277051567681403e-13,3.0277051567681403e-13,3.0277051567681403e-13,3.0277051567681403e-13,3.0277051567681403e-13,3.0277051567681403e-13,3.0277051567681403e-13,3.0277051567681403e-13,3.0277051567681403e-13,3.0277051567681403e-13,3.0277051567681403e-13,3.0277051567681403e-13,3.0277051567681403e-13,3.0277051567681403e-13,3.0277051567681403e-13,3.0277051567681403e-13,3.0277051567681403e-13,3.0277051567681403e-13,3.0277051567681403e-13,3.0277051567681403e-13,3.0277051567681403e-13,3.0277051567681403e-13,3.0277051567681403e-13,3.0277051567681403e-13
686,A,0.022480340465324794,0.022480340465324794,0.022480340465324794,0.022480340465324794,0.022480340465324794,0.022480340465324794,0.022480340465324794,0.022480340465324794,0.022480340465324794,0.022480340465324794,0.022480340465324794,0.022480340465324794,0.022480340465324794,0.022480340465324794,0.022480340465324794,0.022480340465324794,0.022480340465324794,0.022480340465324794,0.022480340465324794,0.022480340465324794,0.022480340465324794,0.022480340465324794,0.022480340465324794,0.022480340465324794
687,C,0.050419760953415854,0.050419760953415854,0.050419760953415854,0.050419760953415854,0.050419760953415854,0.050419760953415854,0.050419760953415854,0.050419760953415854,0.050419760953415854,0.050419760953415854,0.050419760953415854,0.050419760953415854,0.050419760953415854,0.050419760953415854,0.050419760953415854,0.050419760953415854,0.050419760953415854,0.050419760953415854,0.050419760953415854,0.050419760953415854,0.050419760953415854,0.050419760953415854,0.050419760953415854,0.050419760953415854
688,G,1.1383671227346504e-05,1.1383671227346504e-05,1.1383671227346504e-05,1.1383671227346504e-05,1.1383671227346504e-05,1.1383671227346504e-05,1.1383671227346504e-05,1.1383671227346504e-05,1.1383671227346504e-05,1.1383671227346504e-05,1.1383671227346504e-05,1.1383671227346504e-05,1.1383671227346504e-05,1.1383671227346504e-05,1.1383671227346504e-05,1.1383671227346504e-05,1.1383671227346504e-05,1.1383671227346504e-05,1.1383671227346504e-05,1.1383671227346504e-05,1.1383671227346504e-05,1.1383671227346504e-05,1.1383671227346504e-05,1.1383671227346504e-05
689,A,0.004708298742834896,0.004708298742834896,0.004708298742834896,0.004708298742834896,0.004708298742834896,0.004708298742834896,0.004708298742834896,0.004708298742834896,0.004708298742834896,0.004708298742834896,0.004708298742834896,0.004708298742834896,0.004708298742834896,0.004708298742834896,0.004708298742834896,0.004708298742834896,0.004708298742834896,0.004708298742834896,0.004708298742834896,0.004708298742834896,0.004708298742834896,0.004708298742834896,0.004708298742834896,0.004708298742834896
690,A,0.0198310104243928,0.0198310104243928,0.0198310104243928,0.0198310104243928,0.0198310104243928,0.0198310104243928,0.0198310104243928,0.0198310104243928,0.0198310104243928,0.0198310104243928,0.0198310104243928,0.0198310104243928,0.0198310104243928,0.0198310104243928,0.0198310104243928,0.0198310104243928,0.0198310104243928,0.0198310104243928,0.0198310104243928,0.0198310104243928,0.0198310104243928,0.0198310104243928,0.0198310104243928,0.0198310104243928
691,A,0.016003961731432165,0.016003961731432165,0.016003961731432165,0.016003961731432165,0.016003961731432165,0.016003961731432165,0.016003961731432165,0.016003961731432165,0.016003961731432165,0.016003961731432165,0.016003961731432165,0.016003961731432165,0.016003961731432165,0.016003961731432165,0.016003961731432165,0.016003961731432165,0.016003961731432165,0.016003961731432165,0.016003961731432165,0.016003961731432165,0.016003961731432165,0.016003961731432165,0.016003961731432165,0.016003961731432165
692,C,0.0040335958678517775,0.0040335958678517775,0.0040335958678517775,0.0040335958678517775,0.0040335958678517775,0.0040335958678517775,0.0040335958678517775,0.0040335958678517775,0.0040335958678517775,0.0040335958678517775,0.0040335958678517775,0.0040335958678517775,0.0040335958678517775,0.0040335958678517775,0.0040335958678517775,0.0040335958678517775,0.0040335958678517775,0.0040335958678517775,0.0040335958678517775,0.0040335958678517775,0.0040335958678517775,0.0040335958678517775,0.0040335958678517775,0.0040335958678517775
693,G,0.00027268287888267926,0.00027268287888267926,0.00027268287888267926,0.00027268287888267926,0.00027268287888267926,0.00027268287888267926,0.00027268287888267926,0.00027268287888267926,0.00027268287888267926,0.00027268287888267926,0.00027268287888267926,0.00027268287888267926,0.00027268287888267926,0.00027268287888267926,0.00027268287888267926,0.00027268287888267926,0.00027268287888267926,0.00027268287888267926,0.00027268287888267926,0.00027268287888267926,0.00027268287888267926,0.00027268287888267926,0.00027268287888267926,0.00027268287888267926
694,G,0.002084123465987448,0.002084123465987448,0.002084123465987448,0.002084123465987448,0.002084123465987448,0.002084123465987448,0.002084123465987448,0.002084123465987448,0.002084123465987448,0.002084123465987448,0.002084123465987448,0.002084123465987448,0.002084123465987448,0.002084123465987448,0.002084123465987448,0.002084123465987448,0.002084123465987448,0.002084123465987448,0.002084123465987448,0.002084123465987448,0.002084123465987448,0.002084123465987448,0.002084123465987448,0.002084123465987448
695,C,0.026621094655007782,0.026621094655007782,0.026621094655007782,0.026621094655007782,0.026621094655007782,0.026621094655007782,0.026621094655007782,0.026621094655007782,0.026621094655007782,0.026621094655007782,0.026621094655007782,0.026621094655007782,0.026621094655007782,0.026621094655007782,0.026621094655007782,0.026621094655007782,0.026621094655007782,0.026621094655007782,0.026621094655007782,0.026621094655007782,0.026621094655007782,0.026621094655007782,0.026621094655007782,0.026621094655007782
696,T,7.978783707626168e-07,7.978783707626168e-07,7.978783707626168e-07,7.978783707626168e-07,7.978783707626168e-07,7.978783707626168e-07,7.978783707626168e-07,7.978783707626168e-07,7.978783707626168e-07,7.978783707626168e-07,7.978783707626168e-07,7.978783707626168e-07,7.978783707626168e-07,7.978783707626168e-07,7.978783707626168e-07,7.978783707626168e-07,7.978783707626168e-07,7.978783707626168e-07,7.978783707626168e-07,7.978783707626168e-07,7.978783707626168e-07,7.978783707626168e-07,7.978783707626168e-07,7.978783707626168e-07
697,G,9.50635800221595e-06,9.50635800221595e-06,9.50635800221595e-06,9.50635800221595e-06,9.50635800221595e-06,9.50635800221595e-06,9.50635800221595e-06,9.50635800221595e-06,9.50635800221595e-06,9.50635800221595e-06,9.50635800221595e-06,9.50635800221595e-06,9.50635800221595e-06,9.50635800221595e-06,9.50635800221595e-06,9.50635800221595e-06,9.50635800221595e-06,9.50635800221595e-06,9.50635800221595e-06,9.50635800221595e-06,9.50635800221595e-06,9.50635800221595e-06,9.50635800221595e-06,9.50635800221595e-06
698,T,0.0002473030193353667,0.0002473030193353667,0.0002473030193353667,0.0002473030193353667,0.0002473030193353667,0.0002473030193353667,0.0002473030193353667,0.0002473030193353667,0.0002473030193353667,0.0002473030193353667,0.0002473030193353667,0.0002473030193353667,0.0002473030193353667,0.0002473030193353667,0.0002473030193353667,0.0002473030193353667,0.0002473030193353667,0.0002473030193353667,0.0002473030193353667,0.0002473030193353667,0.0002473030193353667,0.0002473030193353667,0.0002473030193353667,0.0002473030193353667
699,T,1.938477031394821e-10,1.938477031394821e-10,1.938477031394821e-10,1.938477031394821e-10,1.938477031394821e-10,1.938477031394821e-10,1.938477031394821e-10,1.938477031394821e-10,1.938477031394821e-10,1.938477031394821e-10,1.938477031394821e-10,1.938477031394821e-10,1.938477031394821e-10,1.938477031394821e-10,1.938477031394821e-10,1.938477031394821e-10,1.938477031394821e-10,1.938477031394821e-10,1.938477031394821e-10,1.938477031394821e-10,1.938477031394821e-10,1.938477031394821e-10,1.938477031394821e-10,1.938477031394821e-10
700,G,0.00014912152583892657,0.00014912152583892657,0.00014912152583892657,0.00014912152583892657,0.00014912152583892657,0.00014912152583892657,0.00014912152583892657,0.00014912152583892657,0.00014912152583892657,0.00014912152583892657,0.00014912152583892657,0.00014912152583892657,0.00014912152583892657,0.00014912152583892657,0.00014912152583892657,0.00014912152583892657,0.00014912152583892657,0.00014912152583892657,0.00014912152583892657,0.00014912152583892657,0.00014912152583892657,0.00014912152583892657,0.00014912152583892657,0.00014912152583892657
701,T,5.339485223771933e-07,5.339485223771933e-07,5.339485223771933e-07,5.339485223771933e-07,5.339485223771933e-07,5.339485223771933e-07,5.339485223771933e-07,5.339485223771933e-07,5.339485223771933e-07,5.339485223771933e-07,5.339485223771933e-07,5.339485223771933e-07,5.339485223771933e-07,5.339485223771933e-07,5.339485223771933e-07,5.339485223771933e-07,5.339485223771933e-07,5.339485223771933e-07,5.339485223771933e-07,5.339485223771933e-07,5.339485223771933e-07,5.339485223771933e-07,5.339485223771933e-07,5.339485223771933e-07
702,C,0.00468541800990047,0.00468541800990047,0.00468541800990047,0.00468541800990047,0.00468541800990047,0.00468541800990047,0.00468541800990047,0.00468541800990047,0.00468541800990047,0.00468541800990047,0.00468541800990047,0.00468541800990047,0.00468541800990047,0.00468541800990047,0.00468541800990047,0.00468541800990047,0.00468541800990047,0.00468541800990047,0.00468541800990047,0.00468541800990047,0.00468541800990047,0.00468541800990047,0.00468541800990047,0.00468541800990047
703,T,9.139113105063849e-05,9.139113105063849e-05,9.139113105063849e-05,9.139113105063849e-05,9.139113105063849e-05,9.139113105063849e-05,9.139113105063849e-05,9.139113105063849e-05,9.139113105063849e-05,9.139113105063849e-05,9.139113105063849e-05,9.139113105063849e-05,9.139113105063849e-05,9.139113105063849e-05,9.139113105063849e-05,9.139113105063849e-05,9.139113105063849e-05,9.139113105063849e-05,9.139113105063849e-05,9.139113105063849e-05,9.139113105063849e-05,9.139113105063849e-05,9.139113105063849e-05,9.139113105063849e-05
704,A,0.026737133863495084,0.026737133863495084,0.026737133863495084,0.026737133863495084,0.026737133863495084,0.026737133863495084,0.026737133863495084,0.026737133863495084,0.026737133863495084,0.026737133863495084,0.026737133863495084,0.026737133863495084,0.026737133863495084,0.026737133863495084,0.026737133863495084,0.026737133863495084,0.026737133863495084,0.026737133863495084,0.026737133863495084,0.026737133863495084,0.026737133863495084,0.026737133863495084,0.026737133863495084,0.026737133863495084
705,T,0.0007410334724348887,0.0007410334724348887,0.0007410334724348887,0.0007410334724348887,0.0007410334724348887,0.0007410334724348887,0.0007410334724348887,0.0007410334724348887,0.0007410334724348887,0.0007410334724348887,0.0007410334724348887,0.0007410334724348887,0.0007410334724348887,0.0007410334724348887,0.0007410334724348887,0.0007410334724348887,0.0007410334724348887,0.0007410334724348887,0.0007410334724348887,0.0007410334724348887,0.0007410334724348887,0.0007410334724348887,0.0007410334724348887,0.0007410334724348887
706,C,0.007043060207780256,0.007043060207780256,0.007043060207780256,0.007043060207780256,0.007043060207780256,0.007043060207780256,0.007043060207780256,0.007043060207780256,0.007043060207780256,0.007043060207780256,0.007043060207780256,0.007043060207780256,0.007043060207780256,0.007043060207780256,0.007043060207780256,0.007043060207780256,0.007043060207780256,0.007043060207780256,0.007043060207780256,0.007043060207780256,0.007043060207780256,0.007043060207780256,0.007043060207780256,0.007043060207780256
707,T,7.617389387814316e-11,7.617389387814316e-11,7.617389387814316e-11,7.617389387814316e-11,7.617389387814316e-11,7.617389387814316e-11,7.617389387814316e-11,7.617389387814316e-11,7.617389387814316e-11,7.617389387814316e-11,7.617389387814316e-11,7.617389387814316e-11,7.617389387814316e-11,7.617389387814316e-11,7.617389387814316e-11,7.617389387814316e-11,7.617389387814316e-11,7.617389387814316e-11,7.617389387814316e-11,7.617389387814316e-11,7.617389387814316e-11,7.617389387814316e-11,7.617389387814316e-11,7.617389387814316e-11
708,C,0.019037726670861774,0.019037726670861774,0.019037726670861774,0.019037726670861774,0.019037726670861774,0.019037726670861774,0.019037726670861774,0.019037726670861774,0.019037726670861774,0.019037726670861774,0.019037726670861774,0.019037726670861774,0.019037726670861774,0.019037726670861774,0.019037726670861774,0.019037726670861774,0.019037726670861774,0.019037726670861774,0.019037726670861774,0.019037726670861774,0.019037726670861774,0.019037726670861774,0.019037726670861774,0.019037726670861774
709,A,0.0020785072422793605,0.0020785072422793605,0.0020785072422793605,0.0020785072422793605,0.028213799066103537,0.028213799066103537,0.028213799066103537,0.028213799066103537,0.028213799066103537,0.028213799066103537,0.028213799066103537,0.028213799066103537,0.0020785072422793605,0.0020785072422793605,0.0020785072422793605,0.0020785072422793605,0.028213799066103537,0.028213799066103537,0.028213799066103537,0.028213799066103537,0.028213799066103537,0.028213799066103537,0.028213799066103537,0.028213799066103537
710,A,0.04329278844314372,0.04329278844314372,0.04329278844314372,0.04329278844314372,0.040876127387107816,0.040876127387107816,0.040876127387107816,0.040876127387107816,0.040876127387107816,0.040876127387107816,0.040876127387107816,0.040876127387107816,0.04329278844314372,0.04329278844314372,0.04329278844314372,0.04329278844314372,0.040876127387107816,0.040876127387107816,0.040876127387107816,0.040876127387107816,0.040876127387107816,0.040876127387107816,0.040876127387107816,0.040876127387107816
711,G,0.001294726340830935,0.001294726340830935,0.001294726340830935,0.001294726340830935,0.00010241440633793381,0.00010241440633793381,0.00010241440633793381,0.00010241440633793381,1.514481634135807e-08,1.514481634135807e-08,1.514481634135807e-08,1.514481634135807e-08,0.001294726340830935,0.001294726340830935,0.001294726340830935,0.001294726340830935,0.00010241440633793381,0.00010241440633793381,0.00010241440633793381,0.00010241440633793381,1.514481634135807e-08,1.514481634135807e-08,1.514481634135807e-08,1.514481634135807e-08
712,T,3.329702467856971e-05,3.329702467856971e-05,3.329702467856971e-05,3.329702467856971e-05,3.5561197539599384e-08,3.5561197539599384e-08,3.5561197539599384e-08,3.5561197539599384e-08,2.1380626615121002e-31,2.1380626615121002e-31,2.1380626615121002e-31,2.1380626615121002e-31,3.329702467856971e-05,3.329702467856971e-05,3.329702467856971e-05,3.329702467856971e-05,3.5561197539599384e-08,3.5561197539599384e-08,3.5561197539599384e-08,3.5561197539599384e-08,2.1380626615121002e-31,2.1380626615121002e-31,2.1380626615121002e-31,2.1380626615121002e-31
713,G,0.0012241162311194642,0.0012241162311194642,0.0012241162311194642,0.0012241162311194642,1.1234154883076993e-06,1.1234154883076993e-06,1.1234154883076993e-06,1.1234154883076993e-06,0.0012241162311194642,0.0012241162311194642,0.0012241162311194642,0.0012241162311194642,0.0012241162311194642,0.0012241162311194642,0.0012241162311194642,0.0012241162311194642,1.1234154883076993e-06,1.1234154883076993e-06,1.1234154883076993e-06,1.1234154883076993e-06,0.0012241162311194642,0.0012241162311194642,0.0012241162311194642,0.0012241162311194642
714,C,0.01439139746936789,0.01439139746936789,0.01439139746936789,0.01439139746936789,0.0037521606417997623,0.0037521606417997623,0.0037521606417997623,0.0037521606417997623,0.01439139746936789,0.01439139746936789,0.01439139746936789,0.01439139746936789,0.01439139746936789,0.01439139746936789,0.01439139746936789,0.01439139746936789,0.0037521606417997623,0.0037521606417997623,0.0037521606417997623,0.0037521606417997623,0.01439139746936789,0.01439139746936789,0.01439139746936789,0.01439139746936789
715,T,0.00030510288666346234,0.00030510288666346234,0.00030510288666346234,0.00030510288666346234,4.886820155213841e-05,4.886820155213841e-05,4.886820155213841e-05,4.886820155213841e-05,0.00030510288666346234,0.00030510288666346234,0.00030510288666346234,0.00030510288666346234,0.00030510288666346234,0.00030510288666346234,0.00030510288666346234,0.00030510288666346234,4.886820155213841e-05,4.886820155213841e-05,4.886820155213841e-05,4.886820155213841e-05,0.00030510288666346234,0.00030510288666346234,0.00030510288666346234,0.00030510288666346234
716,T,0.00028764786743470716,0.00028764786743470716,0.00028764786743470716,0.00028764786743470716,7.256645161074262e-19,7.256645161074262e-19,7.256645161074262e-19,7.256645161074262e-19,0.00028764786743470716,0.00028764786743470716,0.00028764786743470716,0.00028764786743470716,0.00028764786743470716,0.00028764786743470716,0.00028764786743470716,0.00028764786743470716,7.256645161074262e-19,7.256645161074262e-19,7.256645161074262e-19,7.256645161074262e-19,0.00028764786743470716,0.00028764786743470716,0.00028764786743470716,0.00028764786743470716
717,G,9.21955430735392e-12,9.21955430735392e-12,9.21955430735392e-12,9.21955430735392e-12,0.002802536007406548,0.002802536007406548,0.002802536007406548,0.002802536007406548,9.21955430735392e-12,9.21955430735392e-12,9.21955430735392e-12,9.21955430735392e-12,9.21955430735392e-12,9.21955430735392e-12,9.21955430735392e-12,9.21955430735392e-12,0.002802536007406548,0.002802536007406548,0.002802536007406548,0.002802536007406548,9.21955430735392e-12,9.21955430735392e-12,9.21955430735392e-12,9.21955430735392e-12
718,G,0.0007258563117535294,0.0007258563117535294,0.0007258563117535294,0.0007258563117535294,3.0195646688603103e-09,3.0195646688603103e-09,3.0195646688603103e-09,3.0195646688603103e-09,0.0007258563117535294,0.0007258563117535294,0.0007258563117535294,0.0007258563117535294,0.0007258563117535294,0.0007258563117535294,0.0007258563117535294,0.0007258563117535294,3.0195646688603103e-09,3.0195646688603103e-09,3.0195646688603103e-09,3.0195646688603103e-09,0.0007258563117535294,0.0007258563117535294,0.0007258563117535294,0.0007258563117535294
719,A,0.01213730099630813,0.01213730099630813,0.01213730099630813,0.01213730099630813,0.06198326291565336,0.06198326291565336,0.06198326291565336,0.06198326291565336,0.01213730099630813,0.01213730099630813,0.01213730099630813,0.01213730099630813,0.01213730099630813,0.01213730099630813,0.01213730099630813,0.01213730099630813,0.06198326291565336,0.06198326291565336,0.06198326291565336,0.06198326291565336,0.01213730099630813,0.01213730099630813,0.01213730099630813,0.01213730099630813
720,G,3.3270621323947985e-05,3.3270621323947985e-05,3.3270621323947985e-05,3.3270621323947985e-05,0.0004895785988893236,0.0004895785988893236,0.0004895785988893236,0.0004895785988893236,3.3270621323947985e-05,3.3270621323947985e-05,3.3270621323947985e-05,3.3270621323947985e-05,3.3270621323947985e-05,3.3270621323947985e-05,3.3270621323947985e-05,3.3270621323947985e-05,0.0004895785988893236,0.0004895785988893236,0.0004895785988893236,0.0004895785988893236,3.3270621323947985e-05,3.3270621323947985e-05,3.3270621323947985e-05,3.3270621323947985e-05
721,C,0.03179462604873337,0.03179462604873337,0.03179462604873337,0.03179462604873337,0.005283647830829943,0.005283647830829943,0.005283647830829943,0.005283647830829943,0.03179462604873337,0.03179462604873337,0.03179462604873337,0.03179462604873337,0.03179462604873337,0.03179462604873337,0.03179462604873337,0.03179462604873337,0.005283647830829943,0.005283647830829943,0.005283647830829943,0.005283647830829943,0.03179462604873337,0.03179462604873337,0.03179462604873337,0.03179462604873337
722,A,0.029134376814268552,0.029134376814268552,0.029134376814268552,0.029134376814268552,0.02770212684637976,0.02770212684637976,0.02770212684637976,0.02770212684637976,0.004496463217277672,0.004496463217277672,0.004496463217277672,0.004496463217277672,0.029134376814268552,0.029134376814268552,0.029134376814268552,0.029134376814268552,0.02770212684637976,0.02770212684637976,0.02770212684637976,0.02770212684637976,0.004496463217277672,0.004496463217277672,0.004496463217277672,0.004496463217277672
723,G,0.005889461422906966,0.005889461422906966,0.005889461422906966,0.005889461422906966,0.00205206875684599,0.00205206875684599,0.00205206875684599,0.00205206875684599,0.0002893206963182972,0.0002893206963182972,0.0002893206963182972,0.0002893206963182972,0.005889461422906966,0.005889461422906966,0.005889461422906966,0.005889461422906966,0.00205206875684599,0.00205206875684599,0.00205206875684599,0.00205206875684599,0.0002893206963182972,0.0002893206963182972,0.0002893206963182972,0.0002893206963182972
724,T,2.7020641350549067e-06,2.7020641350549067e-06,2.7020641350549067e-06,2.7020641350549067e-06,6.216145818776163e-06,6.216145818776163e-06,6.216145818776163e-06,6.216145818776163e-06,0.0012616175818376072,0.0012616175818376072,0.0012616175818376072,0.0012616175818376072,2.7020641350549067e-06,2.7020641350549067e-06,2.7020641350549067e-06,2.7020641350549067e-06,6.216145818776163e-06,6.216145818776163e-06,6.216145818776163e-06,6.216145818776163e-06,0.0012616175818376072,0.0012616175818376072,0.0012616175818376072,0.0012616175818376072
725,T,5.608153869955096e-06,5.608153869955096e-06,5.608153869955096e-06,5.608153869955096e-06,2.975810671560649e-07,2.975810671560649e-07,2.975810671560649e-07,2.975810671560649e-07,1.2283682374318175e-12,1.2283682374318175e-12,1.2283682374318175e-12,1.2283682374318175e-12,5.608153869955096e-06,5.608153869955096e-06,5.608153869955096e-06,5.608153869955096e-06,2.975810671560649e-07,2.975810671560649e-07,2.975810671560649e-07,2.975810671560649e-07,1.2283682374318175e-12,1.2283682374318175e-12,1.2283682374318175e-12,1.2283682374318175e-12
726,C,0.027931704909774348,0.027931704909774348,0.027931704909774348,0.027931704909774348,0.030350835774131942,0.030350835774131942,0.030350835774131942,0.030350835774131942,0.0213745864568099,0.0213745864568099,0.0213745864568099,0.0213745864568099,0.027931704909774348,0.027931704909774348,0.027931704909774348,0.027931704909774348,0.030350835774131942,0.030350835774131942,0.030350835774131942,0.030350835774131942,0.0213745864568099,0.0213745864568099,0.0213745864568099,0.0213745864568099
727,A,0.03740946604838226,0.03740946604838226,0.03740946604838226,0.03740946604838226,0.027785066598992172,0.027785066598992172,0.027785066598992172,0.027785066598992172,0.055895700261844934,0.055895700261844934,0.055895700261844934,0.055895700261844934,0.03740946604838226,0.03740946604838226,0.03740946604838226,0.03740946604838226,0.027785066598992172,0.027785066598992172,0.027785066598992172,0.027785066598992172,0.055895700261844934,0.055895700261844934,0.055895700261844934,0.055895700261844934
728,A,0.05686393949406189,0.05686393949406189,0.05686393949406189,0.05686393949406189,0.02406617940964771,0.02406617940964771,0.02406617940964771,0.02406617940964771,0.05683272107667071,0.05683272107667071,0.05683272107667071,0.05683272107667071,0.05686393949406189,0.05686393949406189,0.05686393949406189,0.05686393949406189,0.02406617940964771,0.02406617940964771,0.02406617940964771,0.02406617940964771,0.05683272107667071,0.05683272107667071,0.05683272107667071,0.05683272107667071
729,C,0.06183206919721948,0.06183206919721948,0.06183206919721948,0.06183206919721948,0.03054200241043656,0.03054200241043656,0.03054200241043656,0.03054200241043656,0.012598803857134836,0.012598803857134836,0.012598803857134836,0.012598803857134836,0.06183206919721948,0.06183206919721948,0.06183206919721948,0.06183206919721948,0.03054200241043656,0.03054200241043656,0.03054200241043656,0.03054200241043656,0.012598803857134836,0.012598803857134836,0.012598803857134836,0.012598803857134836
730,C,0.026011550336826377,0.026011550336826377,0.026011550336826377,0.026011550336826377,0.009910157366206474,0.009910157366206474,0.009910157366206474,0.009910157366206474,0.030086143075087342,0.030086143075087342,0.030086143075087342,0.030086143075087342,0.026011550336826377,0.026011550336826377,0.026011550336826377,0.026011550336826377,0.009910157366206474,0.009910157366206474,0.009910157366206474,0.009910157366206474,0.030086143075087342,0.030086143075087342,0.030086143075087342,0.030086143075087342
731,C,0.0015174643135783855,0.0015174643135783855,0.0015174643135783855,0.0015174643135783855,0.03480962101312345,0.03480962101312345,0.03480962101312345,0.03480962101312345,0.035646338252566155,0.035646338252566155,0.035646338252566155,0.035646338252566155,0.0015174643135783855,0.0015174643135783855,0.0015174643135783855,0.0015174643135783855,0.03480962101312345,0.03480962101312345,0.03480962101312345,0.03480962101312345,0.035646338252566155,0.035646338252566155,0.035646338252566155,0.035646338252566155
732,G,0.003060153759401563,0.003060153759401563,0.003060153759401563,0.003060153759401563,0.0007411961736928394,0.0007411961736928394,0.0007411961736928394,0.0007411961736928394,4.29197493963598e-06,4.29197493963598e-06,4.29197493963598e-06,4.29197493963598e-06,0.003060153759401563,0.003060153759401563,0.003060153759401563,0.003060153759401563,0.0007411961736928394,0.0007411961736928394,0.0007411961736928394,0.0007411961736928394,4.29197493963598e-06,4.29197493963598e-06,4.29197493963598e-06,4.29197493963598e-06
733,C,0.035536586904959394,0.035536586904959394,0.035536586904959394,0.035536586904959394,0.011371291016162122,0.011371291016162122,0.011371291016162122,0.011371291016162122,0.020727421149287696,0.020727421149287696,0.020727421149287696,0.020727421149287696,0.035536586904959394,0.035536586904959394,0.035536586904959394,0.035536586904959394,0.011371291016162122,0.011371291016162122,0.011371291016162122,0.011371291016162122,0.020727421149287696,0.020727421149287696,0.020727421149287696,0.020727421149287696
734,C,0.017062311422954522,0.017062311422954522,0.017062311422954522,0.017062311422954522,0.009958548690601993,0.009958548690601993,0.009958548690601993,0.009958548690601993,0.007570039322689267,0.007570039322689267,0.007570039322689267,0.007570039322689267,0.017062311422954522,0.017062311422954522,0.017062311422954522,0.017062311422954522,0.009958548690601993,0.009958548690601993,0.009958548690601993,0.009958548690601993,0.007570039322689267,0.007570039322689267,0.007570039322689267,0.007570039322689267
735,T,5.6190391249035286e-24,5.6190391249035286e-24,5.6190391249035286e-24,5.6190391249035286e-24,0.002166494722052605,0.002166494722052605,0.002166494722052605,0.002166494722052605,0.005244368204755009,0.005244368204755009,0.005244368204755009,0.005244368204755009,5.6190391249035286e-24,5.6190391249035286e-24,5.6190391249035286e-24,5.6190391249035286e-24,0.002166494722052605,0.002166494722052605,0.002166494722052605,0.002166494722052605,0.005244368204755009,0.005244368204755009,0.005244368204755009,0.005244368204755009
736,G,0.00012229540390991712,0.00012229540390991712,0.00012229540390991712,0.00012229540390991712,0.002304954364151052,0.002304954364151052,0.002304954364151052,0.002304954364151052,1.5025344837920829e-07,1.5025344837920829e-07,1.5025344837920829e-07,1.5025344837920829e-07,0.00012229540390991712,0.00012229540390991712,0.00012229540390991712,0.00012229540390991712,0.002304954364151052,0.002304954364151052,0.002304954364151052,0.002304954364151052,1.5025344837920829e-07,1.5025344837920829e-07,1.5025344837920829e-07,1.5025344837920829e-07
737,C,0.018809622213035476,0.018809622213035476,0.018809622213035476,0.018809622213035476,0.013040433708941493,0.013040433708941493,0.013040433708941493,0.013040433708941493,0.052352831394449933,0.052352831394449933,0.052352831394449933,0.052352831394449933,0.018809622213035476,0.018809622213035476,0.018809622213035476,0.018809622213035476,0.013040433708941493,0.013040433708941493,0.013040433708941493,0.013040433708941493,0.052352831394449933,0.052352831394449933,0.052352831394449933,0.052352831394449933
738,G,0.0026607199767590744,0.0026607199767590744,0.0026607199767590744,0.0026607199767590744,0.0005588501835611018,0.0005588501835611018,0.0005588501835611018,0.0005588501835611018,0.00542669407134165,0.00542669407134165,0.00542669407134165,0.00542669407134165,0.0026607199767590744,0.0026607199767590744,0.0026607199767590744,0.0026607199767590744,0.0005588501835611018,0.0005588501835611018,0.0005588501835611018,0.0005588501835611018,0.00542669407134165,0.00542669407134165,0.00542669407134165,0.00542669407134165
739,G,0.00018973865174133338,0.00018973865174133338,0.00018973865174133338,0.00018973865174133338,0.006966819419819132,0.006966819419819132,0.006966819419819132,0.006966819419819132,0.0036712326771064655,0.0036712326771064655,0.0036712326771064655,0.0036712326771064655,0.00018973865174133338,0.00018973865174133338,0.00018973865174133338,0.00018973865174133338,0.006966819419819132,0.006966819419819132,0.006966819419819132,0.006966819419819132,0.0036712326771064655,0.0036712326771064655,0.0036712326771064655,0.0036712326771064655
740,A,0.1419970216975741,0.1419970216975741,0.1419970216975741,0.1419970216975741,0.02720310828074459,0.02720310828074459,0.02720310828074459,0.02720310828074459,0.010340660696314842,0.010340660696314842,0.010340660696314842,0.010340660696314842,0.1419970216975741,0.1419970216975741,0.1419970216975741,0.1419970216975741,0.02720310828074459,0.02720310828074459,0.02720310828074459,0.02720310828074459,0.010340660696314842,0.010340660696314842,0.010340660696314842,0.010340660696314842
741,G,3.955608678030098e-07,3.955608678030098e-07,3.955608678030098e-07,3.955608678030098e-07,0.0003031687544838676,0.0003031687544838676,0.0003031687544838676,0.0003031687544838676,0.0030982323018361587,0.0030982323018361587,0.0030982323018361587,0.0030982323018361587,3.955608678030098e-07,3.955608678030098e-07,3.955608678030098e-07,3.955608678030098e-07,0.0003031687544838676,0.0003031687544838676,0.0003031687544838676,0.0003031687544838676,0.0030982323018361587,0.0030982323018361587,0.0030982323018361587,0.0030982323018361587
742,T,1.8110629422231855e-06,1.8110629422231855e-06,1.8110629422231855e-06,1.8110629422231855e-06,3.062251555942767e-06,3.062251555942767e-06,3.062251555942767e-06,3.062251555942767e-06,0.0006700647589193084,0.0006700647589193084,0.0006700647589193084,0.0006700647589193084,1.8110629422231855e-06,1.8110629422231855e-06,1.8110629422231855e-06,1.8110629422231855e-06,3.062251555942767e-06,3.062251555942767e-06,3.062251555942767e-06,3.062251555942767e-06,0.0006700647589193084,0.0006700647589193084,0.0006700647589193084,0.0006700647589193084
743,C,0.00213802645870692,0.00213802645870692,0.00213802645870692,0.00213802645870692,0.019312443614122217,0.019312443614122217,0.019312443614122217,0.019312443614122217,0.0002827016199984077,0.0002827016199984077,0.0002827016199984077,0.0002827016199984077,0.00213802645870692,0.00213802645870692,0.00213802645870692,0.00213802645870692,0.019312443614122217,0.019312443614122217,0.019312443614122217,0.019312443614122217,0.0002827016199984077,0.0002827016199984077,0.0002827016199984077,0.0002827016199984077
744,A,0.0003547095025649638,0.0003547095025649638,0.0003547095025649638,0.0003547095025649638,0.01173196333641243,0.01173196333641243,0.01173196333641243,0.01173196333641243,0.0879699715907539,0.0879699715907539,0.0879699715907539,0.0879699715907539,0.0003547095025649638,0.0003547095025649638,0.0003547095025649638,0.0003547095025649638,0.01173196333641243,0.01173196333641243,0.01173196333641243,0.01173196333641243,0.0879699715907539,0.0879699715907539,0.0879699715907539,0.0879699715907539
745,C,0.028168900994948808,0.028168900994948808,0.028168900994948808,0.028168900994948808,0.003148181225346771,0.003148181225346771,0.003148181225346771,0.003148181225346771,0.04446095326096976,0.04446095326096976,0.04446095326096976,0.04446095326096976,0.028168900994948808,0.028168900994948808,0.028168900994948808,0.028168900994948808,0.003148181225346771,0.003148181225346771,0.003148181225346771,0.003148181225346771,0.04446095326096976,0.04446095326096976,0.04446095326096976,0.04446095326096976
746,C,0.06600399401094875,0.06600399401094875,0.06600399401094875,0.06600399401094875,0.06396623343554175,0.06396623343554175,0.06396623343554175,0.06396623343554175,0.0034311455426151148,0.0034311455426151148,0.0034311455426151148,0.0034311455426151148,0.06600399401094875,0.06600399401094875,0.06600399401094875,0.06600399401094875,0.06396623343554175,0.06396623343554175,0.06396623343554175,0.06396623343554175,0.0034311455426151148,0.0034311455426151148,0.0034311455426151148,0.0034311455426151148
747,C,0.024132150415468952,0.024132150415468952,0.024132150415468952,0.024132150415468952,0.027091134855555324,0.027091134855555324,0.027091134855555324,0.027091134855555324,0.019154302445991967,0.019154302445991967,0.019154302445991967,0.019154302445991967,0.024132150415468952,0.024132150415468952,0.024132150415468952,0.024132150415468952,0.027091134855555324,0.027091134855555324,0.027091134855555324,0.027091134855555324,0.019154302445991967,0.019154302445991967,0.019154302445991967,0.019154302445991967
748,C,0.036291357924272474,0.036291357924272474,0.036291357924272474,0.036291357924272474,0.013163914206255007,0.013163914206255007,0.013163914206255007,0.013163914206255007,0.007217007455291563,0.007217007455291563,0.007217007455291563,0.007217007455291563,0.036291357924272474,0.036291357924272474,0.036291357924272474,0.036291357924272474,0.013163914206255007,0.013163914206255007,0.013163914206255007,0.013163914206255007,0.007217007455291563,0.007217007455291563,0.007217007455291563,0.007217007455291563
749,G,0.00036589644398520103,0.00036589644398520103,0.00036589644398520103,0.00036589644398520103,0.0002560871290966061,0.0002560871290966061,0.0002560871290966061,0.0002560871290966061,0.002665427554653641,0.002665427554653641,0.002665427554653641,0.002665427554653641,0.00036589644398520103,0.00036589644398520103,0.00036589644398520103,0.00036589644398520103,0.0002560871290966061,0.0002560871290966061,0.0002560871290966061,0.0002560871290966061,0.002665427554653641,0.002665427554653641,0.002665427554653641,0.002665427554653641
750,T,1.8168856590200416e-05,1.8168856590200416e-05,1.8168856590200416e-05,1.8168856590200416e-05,1.5558069597464614e-07,1.5558069597464614e-07,1.5558069597464614e-07,1.5558069597464614e-07,0.0010321253533923734,0.0010321253533923734,0.0010321253533923734,0.0010321253533923734,1.8168856590200416e-05,1.8168856590200416e-05,1.8168856590200416e-05,1.8168856590200416e-05,1.5558069597464614e-07,1.5558069597464614e-07,1.5558069597464614e-07,1.5558069597464614e-07,0.0010321253533923734,0.0010321253533923734,0.0010321253533923734,0.0010321253533923734
751,C,0.009296515795188316,0.009296515795188316,0.009296515795188316,0.009296515795188316,0.012182777191614005,0.012182777191614005,0.012182777191614005,0.012182777191614005,0.006595560438469892,0.006595560438469892,0.006595560438469892,0.006595560438469892,0.009296515795188316,0.009296515795188316,0.009296515795188316,0.009296515795188316,0.012182777191614005,0.012182777191614005,0.012182777191614005,0.012182777191614005,0.006595560438469892,0.006595560438469892,0.006595560438469892,0.006595560438469892
752,A,0.011070087795102384,0.011070087795102384,0.011070087795102384,0.011070087795102384,0.006269481360033846,0.006269481360033846,0.006269481360033846,0.006269481360033846,0.008779415259362934,0.008779415259362934,0.008779415259362934,0.008779415259362934,0.011070087795102384,0.011070087795102384,0.011070087795102384,0.011070087795102384,0.006269481360033846,0.006269481360033846,0.006269481360033846,0.006269481360033846,0.008779415259362934,0.008779415259362934,0.008779415259362934,0.008779415259362934
753,C,0.09293859147000591,0.09293859147000591,0.09293859147000591,0.09293859147000591,0.027121863570930375,0.027121863570930375,0.027121863570930375,0.027121863570930375,0.011720691860092837,0.011720691860092837,0.011720691860092837,0.011720691860092837,0.09293859147000591,0.09293859147000591,0.09293859147000591,0.09293859147000591,0.027121863570930375,0.027121863570930375,0.027121863570930375,0.027121863570930375,0.011720691860092837,0.011720691860092837,0.011720691860092837,0.011720691860092837
754,C,0.020865702608600455,0.020865702608600455,0.020865702608600455,0.020865702608600455,0.0057563049794803695,0.0057563049794803695,0.0057563049794803695,0.0057563049794803695,0.06505676480641465,0.06505676480641465,0.06505676480641465,0.06505676480641465,0.020865702608600455,0.020865702608600455,0.020865702608600455,0.020865702608600455,0.0057563049794803695,0.0057563049794803695,0.0057563049794803695,0.0057563049794803695,0.06505676480641465,0.06505676480641465,0.06505676480641465,0.06505676480641465
755,G,8.59987030850809e-07,8.59987030850809e-07,8.59987030850809e-07,8.59987030850809e-07,1.9682042647426622e-09,1.9682042647426622e-09,1.9682042647426622e-09,1.9682042647426622e-09,0.0018367232056706207,0.0018367232056706207,0.0018367232056706207,0.0018367232056706207,8.59987030850809e-07,8.59987030850809e-07,8.59987030850809e-07,8.59987030850809e-07,1.9682042647426622e-09,1.9682042647426622e-09,1.9682042647426622e-09,1.9682042647426622e-09,0.0018367232056706207,0.0018367232056706207,0.0018367232056706207,0.0018367232056706207
756,T,0.0009672690953121335,0.0009672690953121335,0.0009672690953121335,0.0009672690953121335,6.167308682205104e-05,6.167308682205104e-05,6.167308682205104e-05,6.167308682205104e-05,2.7583761088488505e-14,2.7583761088488505e-14,2.7583761088488505e-14,2.7583761088488505e-14,0.0009672690953121335,0.0009672690953121335,0.0009672690953121335,0.0009672690953121335,6.167308682205104e-05,6.167308682205104e-05,6.167308682205104e-05,6.167308682205104e-05,2.7583761088488505e-14,2.7583761088488505e-14,2.7583761088488505e-14,2.7583761088488505e-14
757,C,0.00476016416741135,0.00476016416741135,0.00476016416741135,0.00476016416741135,0.01762910490006406,0.01762910490006406,0.01762910490006406,0.01762910490006406,0.03582874755396628,0.03582874755396628,0.03582874755396628,0.03582874755396628,0.00476016416741135,0.00476016416741135,0.00476016416741135,0.00476016416741135,0.01762910490006406,0.01762910490006406,0.01762910490006406,0.01762910490006406,0.03582874755396628,0.03582874755396628,0.03582874755396628,0.03582874755396628
758,G,0.00031222459949615405,0.00031222459949615405,0.00031222459949615405,0.00031222459949615405,0.00010250118344264787,0.00010250118344264787,0.00010250118344264787,0.00010250118344264787,0.0013390658312581805,0.0013390658312581805,0.0013390658312581805,0.0013390658312581805,0.00031222459949615405,0.00031222459949615405,0.00031222459949615405,0.00031222459949615405,0.00010250118344264787,0.00010250118344264787,0.00010250118344264787,0.00010250118344264787,0.0013390658312581805,0.0013390658312581805,0.0013390658312581805,0.0013390658312581805
759,T,2.5133360485353346e-06,2.5133360485353346e-06,2.5133360485353346e-06,2.5133360485353346e-06,0.0008828945958665021,0.0008828945958665021,0.0008828945958665021,0.0008828945958665021,1.8919213672812405e-09,1.8919213672812405e-09,1.8919213672812405e-09,1.8919213672812405e-09,2.5133360485353346e-06,2.5133360485353346e-06,2.5133360485353346e-06,2.5133360485353346e-06,0.0008828945958665021,0.0008828945958665021,0.0008828945958665021,0.0008828945958665021,1.8919213672812405e-09,1.8919213672812405e-09,1.8919213672812405e-09,1.8919213672812405e-09
760,A,0.06733225810663107,0.06733225810663107,0.06733225810663107,0.06733225810663107,0.07840618039804688,0.07840618039804688,0.07840618039804688,0.07840618039804688,0.0066563204663642305,0.0066563204663642305,0.0066563204663642305,0.0066563204663642305,0.06733225810663107,0.06733225810663107,0.06733225810663107,0.06733225810663107,0.07840618039804688,0.07840618039804688,0.07840618039804688,0.07840618039804688,0.0066563204663642305,0.0066563204663642305,0.0066563204663642305,0.0066563204663642305
761,C,0.03934490019143674,0.03934490019143674,0.03934490019143674,0.03934490019143674,0.03053093082574982,0.03053093082574982,0.03053093082574982,0.03053093082574982,0.000786782672226005,0.000786782672226005,0.000786782672226005,0.000786782672226005,0.03934490019143674,0.03934490019143674,0.03934490019143674,0.03934490019143674,0.03053093082574982,0.03053093082574982,0.03053093082574982,0.03053093082574982,0.000786782672226005,0.000786782672226005,0.000786782672226005,0.000786782672226005
762,A,0.010567923425524758,0.010567923425524758,0.010567923425524758,0.010567923425524758,0.016463391159070646,0.016463391159070646,0.016463391159070646,0.016463391159070646,0.04245457313917843,0.04245457313917843,0.04245457313917843,0.04245457313917843,0.010567923425524758,0.010567923425524758,0.010567923425524758,0.010567923425524758,0.016463391159070646,0.016463391159070646,0.016463391159070646,0.016463391159070646,0.04245457313917843,0.04245457313917843,0.04245457313917843,0.04245457313917843
763,G,0.013600298716233873,0.013600298716233873,0.013600298716233873,0.013600298716233873,0.0002182187194222685,0.0002182187194222685,0.0002182187194222685,0.0002182187194222685,0.016153184070768562,0.016153184070768562,0.016153184070768562,0.016153184070768562,0.013600298716233873,0.013600298716233873,0.013600298716233873,0.013600298716233873,0.0002182187194222685,0.0002182187194222685,0.0002182187194222685,0.0002182187194222685,0.016153184070768562,0.016153184070768562,0.016153184070768562,0.016153184070768562
764,G,1.4158762330925795e-05,1.4158762330925795e-05,1.4158762330925795e-05,1.4158762330925795e-05,2.3526156595892064e-05,2.3526156595892064e-05,2.3526156595892064e-05,2.3526156595892064e-05,0.0004423822942490286,0.0004423822942490286,0.0004423822942490286,0.0004423822942490286,1.4158762330925795e-05,1.4158762330925795e-05,1.4158762330925795e-05,1.4158762330925795e-05,2.3526156595892064e-05,2.3526156595892064e-05,2.3526156595892064e-05,2.3526156595892064e-05,0.0004423822942490286,0.0004423822942490286,0.0004423822942490286,0.0004423822942490286
765,C,0.010358067994108561,0.010358067994108561,0.010358067994108561,0.010358067994108561,0.02844344045002423,0.02844344045002423,0.02844344045002423,0.02844344045002423,0.019401151217675987,0.019401151217675987,0.019401151217675987,0.019401151217675987,0.010358067994108561,0.010358067994108561,0.010358067994108561,0.010358067994108561,0.02844344045002423,0.02844344045002423,0.02844344045002423,0.02844344045002423,0.019401151217675987,0.019401151217675987,0.019401151217675987,0.019401151217675987
766,C,0.024792487419851073,0.024792487419851073,0.024792487419851073,0.024792487419851073,0.033107057202869515,0.033107057202869515,0.033107057202869515,0.033107057202869515,0.022845959047715133,0.022845959047715133,0.022845959047715133,0.022845959047715133,0.024792487419851073,0.024792487419851073,0.024792487419851073,0.024792487419851073,0.033107057202869515,0.033107057202869515,0.033107057202869515,0.033107057202869515,0.022845959047715133,0.022845959047715133,0.022845959047715133,0.022845959047715133
767,G,1.426693329916006e-18,1.426693329916006e-18,1.426693329916006e-18,1.426693329916006e-18,0.00042135148581011695,0.00042135148581011695,0.00042135148581011695,0.00042135148581011695,2.5186863284341485e-07,2.5186863284341485e-07,2.5186863284341485e-07,2.5186863284341485e-07,1.426693329916006e-18,1.426693329916006e-18,1.426693329916006e-18,1.426693329916006e-18,0.00042135148581011695,0.00042135148581011695,0.00042135148581011695,0.00042135148581011695,2.5186863284341485e-07,2.5186863284341485e-07,2.5186863284341485e-07,2.5186863284341485e-07
768,G,1.2221285144433781e-06,1.2221285144433781e-06,1.2221285144433781e-06,1.2221285144433781e-06,9.282401092368342e-06,9.282401092368342e-06,9.282401092368342e-06,9.282401092368342e-06,0.002363098089809354,0.002363098089809354,0.002363098089809354,0.002363098089809354,1.2221285144433781e-06,1.2221285144433781e-06,1.2221285144433781e-06,1.2221285144433781e-06,9.282401092368342e-06,9.282401092368342e-06,9.282401092368342e-06,9.282401092368342e-06,0.002363098089809354,0.002363098089809354,0.002363098089809354,0.002363098089809354
769,C,0.005449939370760143,0.005449939370760143,0.005449939370760143,0.005449939370760143,0.014227880579979512,0.014227880579979512,0.014227880579979512,0.014227880579979512,0.0002469584461495176,0.0002469584461495176,0.0002469584461495176,0.0002469584461495176,0.005449939370760143,0.005449939370760143,0.005449939370760143,0.005449939370760143,0.014227880579979512,0.014227880579979512,0.014227880579979512,0.014227880579979512,0.0002469584461495176,0.0002469584461495176,0.0002469584461495176,0.0002469584461495176
770,T,6.636925452945315e-05,6.636925452945315e-05,6.636925452945315e-05,6.636925452945315e-05,4.044230056557217e-07,4.044230056557217e-07,4.044230056557217e-07,4.044230056557217e-07,0.0013486006258411234,0.0013486006258411234,0.0013486006258411234,0.0013486006258411234,6.636925452945315e-05,6.636925452945315e-05,6.636925452945315e-05,6.636925452945315e-05,4.044230056557217e-07,4.044230056557217e-07,4.044230056557217e-07,4.044230056557217e-07,0.0013486006258411234,0.0013486006258411234,0.0013486006258411234,0.0013486006258411234
771,C,0.03203136031458535,0.03203136031458535,0.03203136031458535,0.03203136031458535,0.050886843622147675,0.050886843622147675,0.050886843622147675,0.050886843622147675,0.0005043257370073167,0.0005043257370073167,0.0005043257370073167,0.0005043257370073167,0.03203136031458535,0.03203136031458535,0.03203136031458535,0.03203136031458535,0.050886843622147675,0.050886843622147675,0.050886843622147675,0.050886843622147675,0.0005043257370073167,0.0005043257370073167,0.0005043257370073167,0.0005043257370073167
772,G,0.007759916389031927,0.007759916389031927,0.007759916389031927,0.007759916389031927,0.0003455687561378823,0.0003455687561378823,0.0003455687561378823,0.0003455687561378823,0.0028693773624648387,0.0028693773624648387,0.0028693773624648387,0.0028693773624648387,0.007759916389031927,0.007759916389031927,0.007759916389031927,0.007759916389031927,0.0003455687561378823,0.0003455687561378823,0.0003455687561378823,0.0003455687561378823,0.0028693773624648387,0.0028693773624648387,0.0028693773624648387,0.0028693773624648387
773,C,0.04517477200527362,0.04517477200527362,0.04517477200527362,0.04517477200527362,0.03469269429166705,0.03469269429166705,0.03469269429166705,0.03469269429166705,0.04178556231640057,0.04178556231640057,0.04178556231640057,0.04178556231640057,0.04517477200527362,0.04517477200527362,0.04517477200527362,0.04517477200527362,0.03469269429166705,0.03469269429166705,0.03469269429166705,0.03469269429166705,0.04178556231640057,0.04178556231640057,0.04178556231640057,0.04178556231640057
774,A,0.022257127210075313,0.022257127210075313,0.022257127210075313,0.022257127210075313,0.03675379326727568,0.03675379326727568,0.03675379326727568,0.03675379326727568,0.014994990294782932,0.014994990294782932,0.014994990294782932,0.014994990294782932,0.022257127210075313,0.022257127210075313,0.022257127210075313,0.022257127210075313,0.03675379326727568,0.03675379326727568,0.03675379326727568,0.03675379326727568,0.014994990294782932,0.014994990294782932,0.014994990294782932,0.014994990294782932
775,C,0.06598842258995612,0.06598842258995612,0.06598842258995612,0.06598842258995612,0.044598563343639666,0.044598563343639666,0.044598563343639666,0.044598563343639666,0.02236980479509662,0.02236980479509662,0.02236980479509662,0.02236980479509662,0.06598842258995612,0.06598842258995612,0.06598842258995612,0.06598842258995612,0.044598563343639666,0.044598563343639666,0.044598563343639666,0.044598563343639666,0.02236980479509662,0.02236980479509662,0.02236980479509662,0.02236980479509662
776,A,0.00417919158331506,0.00417919158331506,0.00417919158331506,0.00417919158331506,0.07552381521533907,0.07552381521533907,0.07552381521533907,0.07552381521533907,0.009541200623230767,0.009541200623230767,0.009541200623230767,0.009541200623230767,0.00417919158331506,0.00417919158331506,0.00417919158331506,0.00417919158331506,0.07552381521533907,0.07552381521533907,0.07552381521533907,0.07552381521533907,0.009541200623230767,0.009541200623230767,0.009541200623230767,0.009541200623230767
777,G,0.0010362302520200712,0.0010362302520200712,0.0010362302520200712,0.0010362302520200712,0.00012203616304871493,0.00012203616304871493,0.00012203616304871493,0.00012203616304871493,0.0024916607249860826,0.0024916607249860826,0.0024916607249860826,0.0024916607249860826,0.0010362302520200712,0.0010362302520200712,0.0010362302520200712,0.0010362302520200712,0.00012203616304871493,0.00012203616304871493,0.00012203616304871493,0.00012203616304871493,0.0024916607249860826,0.0024916607249860826,0.0024916607249860826,0.0024916607249860826
778,G,0.0004218113238850062,0.0004218113238850062,0.0004218113238850062,0.0004218113238850062,0.0001120556172687555,0.0001120556172687555,0.0001120556172687555,0.0001120556172687555,0.00025888517957003385,0.00025888517957003385,0.00025888517957003385,0.00025888517957003385,0.0004218113238850062,0.0004218113238850062,0.0004218113238850062,0.0004218113238850062,0.0001120556172687555,0.0001120556172687555,0.0001120556172687555,0.0001120556172687555,0.00025888517957003385,0.00025888517957003385,0.00025888517957003385,0.00025888517957003385
779,C,0.004072545624344203,0.004072545624344203,0.004072545624344203,0.004072545624344203,0.013345976165701875,0.013345976165701875,0.013345976165701875,0.013345976165701875,0.0012591174352257059,0.0012591174352257059,0.0012591174352257059,0.0012591174352257059,0.004072545624344203,0.004072545624344203,0.004072545624344203,0.004072545624344203,0.013345976165701875,0.013345976165701875,0.013345976165701875,0.013345976165701875,0.0012591174352257059,0.0012591174352257059,0.0012591174352257059,0.0012591174352257059
780,C,0.0036714373099660767,0.0036714373099660767,0.0036714373099660767,0.0036714373099660767,0.03531816156759,0.03531816156759,0.03531816156759,0.03531816156759,0.028403580606871977,0.028403580606871977,0.028403580606871977,0.028403580606871977,0.0036714373099660767,0.0036714373099660767,0.0036714373099660767,0.0036714373099660767,0.03531816156759,0.03531816156759,0.03531816156759,0.03531816156759,0.028403580606871977,0.028403580606871977,0.028403580606871977,0.028403580606871977
781,A,0.043558459139767074,0.043558459139767074,0.043558459139767074,0.043558459139767074,0.016801688386261938,0.016801688386261938,0.016801688386261938,0.016801688386261938,0.03869848431743438,0.03869848431743438,0.03869848431743438,0.03869848431743438,0.043558459139767074,0.043558459139767074,0.043558459139767074,0.043558459139767074,0.016801688386261938,0.016801688386261938,0.016801688386261938,0.016801688386261938,0.03869848431743438,0.03869848431743438,0.03869848431743438,0.03869848431743438
782,G,0.0012191263444526067,0.0012191263444526067,0.0012191263444526067,0.0012191263444526067,0.0138246684933658,0.0138246684933658,0.0138246684933658,0.0138246684933658,0.0008590895060922975,0.0008590895060922975,0.0008590895060922975,0.0008590895060922975,0.0012191263444526067,0.0012191263444526067,0.0012191263444526067,0.0012191263444526067,0.0138246684933658,0.0138246684933658,0.0138246684933658,0.0138246684933658,0.0008590895060922975,0.0008590895060922975,0.0008590895060922975,0.0008590895060922975
783,C,0.018620377752638903,0.018620377752638903,0.018620377752638903,0.018620377752638903,0.0266908042301389,0.0266908042301389,0.0266908042301389,0.0266908042301389,0.03814192654343974,0.03814192654343974,0.03814192654343974,0.03814192654343974,0.018620377752638903,0.018620377752638903,0.018620377752638903,0.018620377752638903,0.0266908042301389,0.0266908042301389,0.0266908042301389,0.0266908042301389,0.03814192654343974,0.03814192654343974,0.03814192654343974,0.03814192654343974
784,G,1.4071977166602857e-06,1.4071977166602857e-06,1.4071977166602857e-06,1.4071977166602857e-06,5.071890422722649e-07,5.071890422722649e-07,5.071890422722649e-07,5.071890422722649e-07,0.010298729392618937,0.010298729392618937,0.010298729392618937,0.010298729392618937,1.4071977166602857e-06,1.4071977166602857e-06,1.4071977166602857e-06,1.4071977166602857e-06,5.071890422722649e-07,5.071890422722649e-07,5.071890422722649e-07,5.071890422722649e-07,0.010298729392618937,0.010298729392618937,0.010298729392618937,0.010298729392618937
785,A,0.06293283297191787,0.06293283297191787,0.06293283297191787,0.06293283297191787,0.053500383076947544,0.053500383076947544,0.053500383076947544,0.053500383076947544,0.025550642918460282,0.025550642918460282,0.025550642918460282,0.025550642918460282,0.06293283297191787,0.06293283297191787,0.06293283297191787,0.06293283297191787,0.053500383076947544,0.053500383076947544,0.053500383076947544,0.053500383076947544,0.025550642918460282,0.025550642918460282,0.025550642918460282,0.025550642918460282
786,A,0.013625062411085642,0.013625062411085642,0.013625062411085642,0.013625062411085642,0.0030943570989122233,0.0030943570989122233,0.0030943570989122233,0.0030943570989122233,0.008805752695424248,0.008805752695424248,0.008805752695424248,0.008805752695424248,0.013625062411085642,0.013625062411085642,0.013625062411085642,0.013625062411085642,0.0030943570989122233,0.0030943570989122233,0.0030943570989122233,0.0030943570989122233,0.008805752695424248,0.008805752695424248,0.008805752695424248,0.008805752695424248
787,C,0.014267266487306507,0.014267266487306507,0.014267266487306507,0.014267266487306507,0.023769856360004362,0.023769856360004362,0.023769856360004362,0.023769856360004362,0.02864795639723302,0.02864795639723302,0.02864795639723302,0.02864795639723302,0.014267266487306507,0.014267266487306507,0.014267266487306507,0.014267266487306507,0.023769856360004362,0.023769856360004362,0.023769856360004362,0.023769856360004362,0.02864795639723302,0.02864795639723302,0.02864795639723302,0.02864795639723302
788,G,4.5015859960139274e-05,4.5015859960139274e-05,4.5015859960139274e-05,4.5015859960139274e-05,0.002222027578705634,0.002222027578705634,0.002222027578705634,0.002222027578705634,0.00041457355818798103,0.00041457355818798103,0.00041457355818798103,0.00041457355818798103,4.5015859960139274e-05,4.5015859960139274e-05,4.5015859960139274e-05,4.5015859960139274e-05,0.002222027578705634,0.002222027578705634,0.002222027578705634,0.002222027578705634,0.00041457355818798103,0.00041457355818798103,0.00041457355818798103,0.00041457355818798103
789,A,0.043830562456053525,0.043830562456053525,0.043830562456053525,0.043830562456053525,0.0023325201422605565,0.0023325201422605565,0.0023325201422605565,0.0023325201422605565,0.009378068773748723,0.009378068773748723,0.009378068773748723,0.009378068773748723,0.043830562456053525,0.043830562456053525,0.043830562456053525,0.043830562456053525,0.0023325201422605565,0.0023325201422605565,0.0023325201422605565,0.0023325201422605565,0.009378068773748723,0.009378068773748723,0.009378068773748723,0.009378068773748723
790,T,0.0013280740499696728,0.0013280740499696728,0.0013280740499696728,0.0013280740499696728,2.4229143024195398e-06,2.4229143024195398e-06,2.4229143024195398e-06,2.4229143024195398e-06,0.0006603448278899338,0.0006603448278899338,0.0006603448278899338,0.0006603448278899338,0.0013280740499696728,0.0013280740499696728,0.0013280740499696728,0.0013280740499696728,2.4229143024195398e-06,2.4229143024195398e-06,2.4229143024195398e-06,2.4229143024195398e-06,0.0006603448278899338,0.0006603448278899338,0.0006603448278899338,0.0006603448278899338
791,G,0.0010190733377918183,0.0010190733377918183,0.0010190733377918183,0.0010190733377918183,0.0011988612808357935,0.0011988612808357935,0.0011988612808357935,0.0011988612808357935,0.0017127405156366928,0.0017127405156366928,0.0017127405156366928,0.0017127405156366928,0.0010190733377918183,0.0010190733377918183,0.0010190733377918183,0.0010190733377918183,0.0011988612808357935,0.0011988612808357935,0.0011988612808357935,0.0011988612808357935,0.0017127405156366928,0.0017127405156366928,0.0017127405156366928,0.0017127405156366928
792,A,0.013662583450109986,0.013662583450109986,0.013662583450109986,0.013662583450109986,0.013931801634544747,0.013931801634544747,0.013931801634544747,0.013931801634544747,0.10075585414281825,0.10075585414281825,0.10075585414281825,0.10075585414281825,0.013662583450109986,0.013662583450109986,0.013662583450109986,0.013662583450109986,0.013931801634544747,0.013931801634544747,0.013931801634544747,0.013931801634544747,0.10075585414281825,0.10075585414281825,0.10075585414281825,0.10075585414281825
793,T,9.186422638777091e-11,9.186422638777091e-11,9.186422638777091e-11,9.186422638777091e-11,6.047701152774013e-22,6.047701152774013e-22,6.047701152774013e-22,6.047701152774013e-22,0.003898596726632766,0.003898596726632766,0.003898596726632766,0.003898596726632766,9.186422638777091e-11,9.186422638777091e-11,9.186422638777091e-11,9.186422638777091e-11,6.047701152774013e-22,6.047701152774013e-22,6.047701152774013e-22,6.047701152774013e-22,0.003898596726632766,0.003898596726632766,0.003898596726632766,0.003898596726632766
794,C,0.020894879454187193,0.020894879454187193,0.020894879454187193,0.020894879454187193,0.002543881398857745,0.002543881398857745,0.002543881398857745,0.002543881398857745,0.023046557290539862,0.023046557290539862,0.023046557290539862,0.023046557290539862,0.020894879454187193,0.020894879454187193,0.020894879454187193,0.020894879454187193,0.002543881398857745,0.002543881398857745,0.002543881398857745,0.002543881398857745,0.023046557290539862,0.023046557290539862,0.023046557290539862,0.023046557290539862
795,T,0.00166367838017661,0.00166367838017661,0.00166367838017661,0.00166367838017661,0.001235083447461308,0.001235083447461308,0.001235083447461308,0.001235083447461308,2.1084346569527765e-07,2.1084346569527765e-07,2.1084346569527765e-07,2.1084346569527765e-07,0.00166367838017661,0.00166367838017661,0.00166367838017661,0.00166367838017661,0.001235083447461308,0.001235083447461308,0.001235083447461308,0.001235083447461308,2.1084346569527765e-07,2.1084346569527765e-07,2.1084346569527765e-07,2.1084346569527765e-07
796,G,6.436420322048651e-05,6.436420322048651e-05,6.436420322048651e-05,6.436420322048651e-05,0.0014096886017650417,0.0014096886017650417,0.0014096886017650417,0.0014096886017650417,8.005959107397117e-05,8.005959107397117e-05,8.005959107397117e-05,8.005959107397117e-05,6.436420322048651e-05,6.436420322048651e-05,6.436420322048651e-05,6.436420322048651e-05,0.0014096886017650417,0.0014096886017650417,0.0014096886017650417,0.0014096886017650417,8.005959107397117e-05,8.005959107397117e-05,8.005959107397117e-05,8.005959107397117e-05
797,A,0.034189136430450046,0.034189136430450046,0.034189136430450046,0.034189136430450046,0.05000600196874456,0.05000600196874456,0.05000600196874456,0.05000600196874456,0.082641686824999,0.082641686824999,0.082641686824999,0.082641686824999,0.034189136430450046,0.034189136430450046,0.034189136430450046,0.034189136430450046,0.05000600196874456,0.05000600196874456,0.05000600196874456,0.05000600196874456,0.082641686824999,0.082641686824999,0.082641686824999,0.082641686824999
798,T,1.4395211309032342e-10,1.4395211309032342e-10,1.4395211309032342e-10,1.4395211309032342e-10,1.1917974377363973e-11,1.1917974377363973e-11,1.1917974377363973e-11,1.1917974377363973e-11,4.044654772227304e-21,4.044654772227304e-21,4.044654772227304e-21,4.044654772227304e-21,1.4395211309032342e-10,1.4395211309032342e-10,1.4395211309032342e-10,1.4395211309032342e-10,1.1917974377363973e-11,1.1917974377363973e-11,1.1917974377363973e-11,1.1917974377363973e-11,4.044654772227304e-21,4.044654772227304e-21,4.044654772227304e-21,4.044654772227304e-21
799,A,0.03140522572489346,0.03140522572489346,0.03140522572489346,0.03140522572489346,0.03140522572489346,0.03140522572489346,0.03140522572489346,0.03140522572489346,0.03140522572489346,0.03140522572489346,0.03140522572489346,0.03140522572489346,0.03140522572489346,0.03140522572489346,0.03140522572489346,0.03140522572489346,0.03140522572489346,0.03140522572489346,0.03140522572489346,0.03140522572489346,0.03140522572489346,0.03140522572489346,0.03140522572489346,0.03140522572489346
800,G,0.003040382594924562,0.003040382594924562,0.003040382594924562,0.003040382594924562,0.003040382594924562,0.003040382594924562,0.003040382594924562,0.003040382594924562,0.003040382594924562,0.003040382594924562,0.003040382594924562,0.003040382594924562,0.003040382594924562,0.003040382594924562,0.003040382594924562,0.003040382594924562,0.003040382594924562,0.003040382594924562,0.003040382594924562,0.003040382594924562,0.003040382594924562,0.003040382594924562,0.003040382594924562,0.003040382594924562
801,A,0.01770954303748207,0.01770954303748207,0.03839460604273891,0.03839460604273891,0.01770954303748207,0.01770954303748207,0.03839460604273891,0.03839460604273891,0.01770954303748207,0.01770954303748207,0.03839460604273891,0.03839460604273891,0.01770954303748207,0.01770954303748207,0.03839460604273891,0.03839460604273891,0.01770954303748207,0.01770954303748207,0.03839460604273891,0.03839460604273891,0.01770954303748207,0.01770954303748207,0.03839460604273891,0.03839460604273891
802,G,0.003935745979477646,0.003935745979477646,0.002404931444016123,0.002404931444016123,0.003935745979477646,0.003935745979477646,0.002404931444016123,0.002404931444016123,0.003935745979477646,0.003935745979477646,0.002404931444016123,0.002404931444016123,0.003935745979477646,0.003935745979477646,0.002404931444016123,0.002404931444016123,0.003935745979477646,0.003935745979477646,0.002404931444016123,0.002404931444016123,0.003935745979477646,0.003935745979477646,0.002404931444016123,0.002404931444016123
803,G,0.0037169924175647993,0.0037169924175647993,9.960347884489407e-07,9.960347884489407e-07,0.0037169924175647993,0.0037169924175647993,9.960347884489407e-07,9.960347884489407e-07,0.0037169924175647993,0.0037169924175647993,9.960347884489407e-07,9.960347884489407e-07,0.0037169924175647993,0.0037169924175647993,9.960347884489407e-07,9.960347884489407e-07,0.0037169924175647993,0.0037169924175647993,9.960347884489407e-07,9.960347884489407e-07,0.0037169924175647993,0.0037169924175647993,9.960347884489407e-07,9.960347884489407e-07
804,C,0.045351872869951154,0.045351872869951154,0.008930527070459129,0.008930527070459129,0.045351872869951154,0.045351872869951154,0.008930527070459129,0.008930527070459129,0.045351872869951154,0.045351872869951154,0.008930527070459129,0.008930527070459129,0.045351872869951154,0.045351872869951154,0.008930527070459129,0.008930527070459129,0.045351872869951154,0.045351872869951154,0.008930527070459129,0.008930527070459129,0.045351872869951154,0.045351872869951154,0.008930527070459129,0.008930527070459129
805,T,2.254736857305476e-06,2.254736857305476e-06,1.1536697239189116e-08,1.1536697239189116e-08,2.254736857305476e-06,2.254736857305476e-06,1.1536697239189116e-08,1.1536697239189116e-08,2.254736857305476e-06,2.254736857305476e-06,1.1536697239189116e-08,1.1536697239189116e-08,2.254736857305476e-06,2.254736857305476e-06,1.1536697239189116e-08,1.1536697239189116e-08,2.254736857305476e-06,2.254736857305476e-06,1.1536697239189116e-08,1.1536697239189116e-08,2.254736857305476e-06,2.254736857305476e-06,1.1536697239189116e-08,1.1536697239189116e-08
806,T,0.00036941036044787866,0.00036941036044787866,8.851150254294534e-27,8.851150254294534e-27,0.00036941036044787866,0.00036941036044787866,8.851150254294534e-27,8.851150254294534e-27,0.00036941036044787866,0.00036941036044787866,8.851150254294534e-27,8.851150254294534e-27,0.00036941036044787866,0.00036941036044787866,8.851150254294534e-27,8.851150254294534e-27,0.00036941036044787866,0.00036941036044787866,8.851150254294534e-27,8.851150254294534e-27,0.00036941036044787866,0.00036941036044787866,8.851150254294534e-27,8.851150254294534e-27
807,G,0.00019098553448873047,0.00019098553448873047,0.01563640014706753,0.01563640014706753,0.00019098553448873047,0.00019098553448873047,0.01563640014706753,0.01563640014706753,0.00019098553448873047,0.00019098553448873047,0.01563640014706753,0.01563640014706753,0.00019098553448873047,0.00019098553448873047,0.01563640014706753,0.01563640014706753,0.00019098553448873047,0.00019098553448873047,0.01563640014706753,0.01563640014706753,0.00019098553448873047,0.00019098553448873047,0.01563640014706753,0.01563640014706753
808,G,0.002791590035861286,0.002791590035861286,0.0029639520504797096,0.0029639520504797096,0.002791590035861286,0.002791590035861286,0.0029639520504797096,0.0029639520504797096,0.002791590035861286,0.002791590035861286,0.0029639520504797096,0.0029639520504797096,0.002791590035861286,0.002791590035861286,0.0029639520504797096,0.0029639520504797096,0.002791590035861286,0.002791590035861286,0.0029639520504797096,0.0029639520504797096,0.002791590035861286,0.002791590035861286,0.0029639520504797096,0.0029639520504797096
809,G,0.005364137341187549,0.005364137341187549,2.2189620208808902e-05,2.2189620208808902e-05,0.005364137341187549,0.005364137341187549,2.2189620208808902e-05,2.2189620208808902e-05,0.005364137341187549,0.005364137341187549,2.2189620208808902e-05,2.2189620208808902e-05,0.005364137341187549,0.005364137341187549,2.2189620208808902e-05,2.2189620208808902e-05,0.005364137341187549,0.005364137341187549,2.2189620208808902e-05,2.2189620208808902e-05,0.005364137341187549,0.005364137341187549,2.2189620208808902e-05,2.2189620208808902e-05
810,C,0.016912715921000958,0.016912715921000958,0.008765254472854261,0.008765254472854261,0.016912715921000958,0.016912715921000958,0.008765254472854261,0.008765254472854261,0.016912715921000958,0.016912715921000958,0.008765254472854261,0.008765254472854261,0.016912715921000958,0.016912715921000958,0.008765254472854261,0.008765254472854261,0.016912715921000958,0.016912715921000958,0.008765254472854261,0.008765254472854261,0.016912715921000958,0.016912715921000958,0.008765254472854261,0.008765254472854261
811,C,0.008520760015744087,0.008520760015744087,0.027600745861972482,0.027600745861972482,0.008520760015744087,0.008520760015744087,0.027600745861972482,0.027600745861972482,0.008520760015744087,0.008520760015744087,0.027600745861972482,0.027600745861972482,0.008520760015744087,0.008520760015744087,0.027600745861972482,0.027600745861972482,0.008520760015744087,0.008520760015744087,0.027600745861972482,0.027600745861972482,0.008520760015744087,0.008520760015744087,0.027600745861972482,0.027600745861972482
812,G,0.00019953972211712569,0.00019953972211712569,0.02205477739102585,0.02205477739102585,0.00019953972211712569,0.00019953972211712569,0.02205477739102585,0.02205477739102585,0.00019953972211712569,0.00019953972211712569,0.02205477739102585,0.02205477739102585,0.00019953972211712569,0.00019953972211712569,0.02205477739102585,0.02205477739102585,0.00019953972211712569,0.00019953972211712569,0.02205477739102585,0.02205477739102585,0.00019953972211712569,0.00019953972211712569,0.02205477739102585,0.02205477739102585
813,T,6.002769375907019e-06,6.002769375907019e-06,0.0016312268234002995,0.0016312268234002995,6.002769375907019e-06,6.002769375907019e-06,0.0016312268234002995,0.0016312268234002995,6.002769375907019e-06,6.002769375907019e-06,0.0016312268234002995,0.0016312268234002995,6.002769375907019e-06,6.002769375907019e-06,0.0016312268234002995,0.0016312268234002995,6.002769375907019e-06,6.002769375907019e-06,0.0016312268234002995,0.0016312268234002995,6.002769375907019e-06,6.002769375907019e-06,0.0016312268234002995,0.0016312268234002995
814,A,0.014765539063867709,0.014765539063867709,0.04516289287041423,0.04516289287041423,0.014765539063867709,0.014765539063867709,0.04516289287041423,0.04516289287041423,0.014765539063867709,0.014765539063867709,0.04516289287041423,0.04516289287041423,0.014765539063867709,0.014765539063867709,0.04516289287041423,0.04516289287041423,0.014765539063867709,0.014765539063867709,0.04516289287041423,0.04516289287041423,0.014765539063867709,0.014765539063867709,0.04516289287041423,0.04516289287041423
815,A,0.024699518247556205,0.024699518247556205,0.018533321545093927,0.018533321545093927,0.024699518247556205,0.024699518247556205,0.018533321545093927,0.018533321545093927,0.024699518247556205,0.024699518247556205,0.018533321545093927,0.018533321545093927,0.024699518247556205,0.024699518247556205,0.018533321545093927,0.018533321545093927,0.024699518247556205,0.024699518247556205,0.018533321545093927,0.018533321545093927,0.024699518247556205,0.024699518247556205,0.018533321545093927,0.018533321545093927
816,T,3.605795724707228e-10,3.605795724707228e-10,8.69413799441124e-07,8.69413799441124e-07,3.605795724707228e-10,3.605795724707228e-10,8.69413799441124e-07,8.69413799441124e-07,3.605795724707228e-10,3.605795724707228e-10,8.69413799441124e-07,8.69413799441124e-07,3.605795724707228e-10,3.605795724707228e-10,8.69413799441124e-07,8.69413799441124e-07,3.605795724707228e-10,3.605795724707228e-10,8.69413799441124e-07,8.69413799441124e-07,3.605795724707228e-10,3.605795724707228e-10,8.69413799441124e-07,8.69413799441124e-07
817,A,0.06470925452404684,0.06470925452404684,0.0486890532046296,0.0486890532046296,0.06470925452404684,0.06470925452404684,0.0486890532046296,0.0486890532046296,0.06470925452404684,0.06470925452404684,0.0486890532046296,0.0486890532046296,0.06470925452404684,0.06470925452404684,0.0486890532046296,0.0486890532046296,0.06470925452404684,0.06470925452404684,0.0486890532046296,0.0486890532046296,0.06470925452404684,0.06470925452404684,0.0486890532046296,0.0486890532046296
818,G,0.0019923188820721435,0.0019923188820721435,0.0002498825757200815,0.0002498825757200815,0.0019923188820721435,0.0019923188820721435,0.0002498825757200815,0.0002498825757200815,0.0019923188820721435,0.0019923188820721435,0.0002498825757200815,0.0002498825757200815,0.0019923188820721435,0.0019923188820721435,0.0002498825757200815,0.0002498825757200815,0.0019923188820721435,0.0019923188820721435,0.0002498825757200815,0.0002498825757200815,0.0019923188820721435,0.0019923188820721435,0.0002498825757200815,0.0002498825757200815
819,C,0.006964648546103762,0.006964648546103762,0.018701098057519,0.018701098057519,0.006964648546103762,0.006964648546103762,0.018701098057519,0.018701098057519,0.006964648546103762,0.006964648546103762,0.018701098057519,0.018701098057519,0.006964648546103762,0.006964648546103762,0.018701098057519,0.018701098057519,0.006964648546103762,0.006964648546103762,0.018701098057519,0.018701098057519,0.006964648546103762,0.006964648546103762,0.018701098057519,0.018701098057519
820,C,0.04844609467471028,0.04844609467471028,0.020770110343045642,0.020770110343045642,0.04844609467471028,0.04844609467471028,0.020770110343045642,0.020770110343045642,0.04844609467471028,0.04844609467471028,0.020770110343045642,0.020770110343045642,0.04844609467471028,0.04844609467471028,0.020770110343045642,0.020770110343045642,0.04844609467471028,0.04844609467471028,0.020770110343045642,0.020770110343045642,0.04844609467471028,0.04844609467471028,0.020770110343045642,0.020770110343045642
821,G,1.6683856372941086e-05,1.6683856372941086e-05,0.0021423945690748117,0.0021423945690748117,1.6683856372941086e-05,1.6683856372941086e-05,0.0021423945690748117,0.0021423945690748117,1.6683856372941086e-05,1.6683856372941086e-05,0.0021423945690748117,0.0021423945690748117,1.6683856372941086e-05,1.6683856372941086e-05,0.0021423945690748117,0.0021423945690748117,1.6683856372941086e-05,1.6683856372941086e-05,0.0021423945690748117,0.0021423945690748117,1.6683856372941086e-05,1.6683856372941086e-05,0.0021423945690748117,0.0021423945690748117
822,C,0.00041127087696030124,0.00041127087696030124,0.03840616188499031,0.03840616188499031,0.00041127087696030124,0.00041127087696030124,0.03840616188499031,0.03840616188499031,0.00041127087696030124,0.00041127087696030124,0.03840616188499031,0.03840616188499031,0.00041127087696030124,0.00041127087696030124,0.03840616188499031,0.03840616188499031,0.00041127087696030124,0.00041127087696030124,0.03840616188499031,0.03840616188499031,0.00041127087696030124,0.00041127087696030124,0.03840616188499031,0.03840616188499031
823,A,0.0058361266225721966,0.0058361266225721966,0.01264893587717126,0.01264893587717126,0.0058361266225721966,0.0058361266225721966,0.01264893587717126,0.01264893587717126,0.0058361266225721966,0.0058361266225721966,0.01264893587717126,0.01264893587717126,0.0058361266225721966,0.0058361266225721966,0.01264893587717126,0.01264893587717126,0.0058361266225721966,0.0058361266225721966,0.01264893587717126,0.01264893587717126,0.0058361266225721966,0.0058361266225721966,0.01264893587717126,0.01264893587717126
824,G,0.0002765993851022188,0.0002765993851022188,0.00021816699146337676,0.00021816699146337676,0.0002765993851022188,0.0002765993851022188,0.00021816699146337676,0.00021816699146337676,0.0002765993851022188,0.0002765993851022188,0.00021816699146337676,0.00021816699146337676,0.0002765993851022188,0.0002765993851022188,0.00021816699146337676,0.00021816699146337676,0.0002765993851022188,0.0002765993851022188,0.00021816699146337676,0.00021816699146337676,0.0002765993851022188,0.0002765993851022188,0.00021816699146337676,0.00021816699146337676
825,A,0.013296916658895827,0.013296916658895827,0.06644353254723173,0.06644353254723173,0.013296916658895827,0.013296916658895827,0.06644353254723173,0.06644353254723173,0.013296916658895827,0.013296916658895827,0.06644353254723173,0.06644353254723173,0.013296916658895827,0.013296916658895827,0.06644353254723173,0.06644353254723173,0.013296916658895827,0.013296916658895827,0.06644353254723173,0.06644353254723173,0.013296916658895827,0.013296916658895827,0.06644353254723173,0.06644353254723173
826,T,0.0009467447787682831,0.0009467447787682831,0.00015544659154642995,0.00015544659154642995,0.0009467447787682831,0.0009467447787682831,0.00015544659154642995,0.00015544659154642995,0.0009467447787682831,0.0009467447787682831,0.00015544659154642995,0.00015544659154642995,0.0009467447787682831,0.0009467447787682831,0.00015544659154642995,0.00015544659154642995,0.0009467447787682831,0.0009467447787682831,0.00015544659154642995,0.00015544659154642995,0.0009467447787682831,0.0009467447787682831,0.00015544659154642995,0.00015544659154642995
827,T,4.208520766664121e-11,4.208520766664121e-11,3.2773493339999654e-19,3.2773493339999654e-19,4.208520766664121e-11,4.208520766664121e-11,3.2773493339999654e-19,3.2773493339999654e-19,4.208520766664121e-11,4.208520766664121e-11,3.2773493339999654e-19,3.2773493339999654e-19,4.208520766664121e-11,4.208520766664121e-11,3.2773493339999654e-19,3.2773493339999654e-19,4.208520766664121e-11,4.208520766664121e-11,3.2773493339999654e-19,3.2773493339999654e-19,4.208520766664121e-11,4.208520766664121e-11,3.2773493339999654e-19,3.2773493339999654e-19
828,T,0.00044402435164978536,0.00044402435164978536,9.896340777039188e-06,9.896340777039188e-06,0.00044402435164978536,0.00044402435164978536,9.896340777039188e-06,9.896340777039188e-06,0.00044402435164978536,0.00044402435164978536,9.896340777039188e-06,9.896340777039188e-06,0.00044402435164978536,0.00044402435164978536,9.896340777039188e-06,9.896340777039188e-06,0.00044402435164978536,0.00044402435164978536,9.896340777039188e-06,9.896340777039188e-06,0.00044402435164978536,0.00044402435164978536,9.896340777039188e-06,9.896340777039188e-06
829,T,5.861639964406319e-05,5.861639964406319e-05,1.0528522685325699e-10,1.0528522685325699e-10,5.861639964406319e-05,5.861639964406319e-05,1.0528522685325699e-10,1.0528522685325699e-10,5.861639964406319e-05,5.861639964406319e-05,1.0528522685325699e-10,1.0528522685325699e-10,5.861639964406319e-05,5.861639964406319e-05,1.0528522685325699e-10,1.0528522685325699e-10,5.861639964406319e-05,5.861639964406319e-05,1.0528522685325699e-10,1.0528522685325699e-10,5.861639964406319e-05,5.861639964406319e-05,1.0528522685325699e-10,1.0528522685325699e-10
830,T,5.543658617160544e-11,5.543658617160544e-11,0.00075070186586423,0.00075070186586423,5.543658617160544e-11,5.543658617160544e-11,0.00075070186586423,0.00075070186586423,5.543658617160544e-11,5.543658617160544e-11,0.00075070186586423,0.00075070186586423,5.543658617160544e-11,5.543658617160544e-11,0.00075070186586423,0.00075070186586423,5.543658617160544e-11,5.543658617160544e-11,0.00075070186586423,0.00075070186586423,5.543658617160544e-11,5.543658617160544e-11,0.00075070186586423,0.00075070186586423
831,T,5.603708828254876e-10,5.603708828254876e-10,1.0100814306034363e-18,1.0100814306034363e-18,5.603708828254876e-10,5.603708828254876e-10,1.0100814306034363e-18,1.0100814306034363e-18,5.603708828254876e-10,5.603708828254876e-10,1.0100814306034363e-18,1.0100814306034363e-18,5.603708828254876e-10,5.603708828254876e-10,1.0100814306034363e-18,1.0100814306034363e-18,5.603708828254876e-10,5.603708828254876e-10,1.0100814306034363e-18,1.0100814306034363e-18,5.603708828254876e-10,5.603708828254876e-10,1.0100814306034363e-18,1.0100814306034363e-18
832,T,6.524579140955574e-15,6.524579140955574e-15,9.13905846837345e-05,9.13905846837345e-05,6.524579140955574e-15,6.524579140955574e-15,9.13905846837345e-05,9.13905846837345e-05,6.524579140955574e-15,6.524579140955574e-15,9.13905846837345e-05,9.13905846837345e-05,6.524579140955574e-15,6.524579140955574e-15,9.13905846837345e-05,9.13905846837345e-05,6.524579140955574e-15,6.524579140955574e-15,9.13905846837345e-05,9.13905846837345e-05,6.524579140955574e-15,6.524579140955574e-15,9.13905846837345e-05,9.13905846837345e-05
833,A,0.05880678407352465,0.05880678407352465,0.044968356365577826,0.044968356365577826,0.05880678407352465,0.05880678407352465,0.044968356365577826,0.044968356365577826,0.05880678407352465,0.05880678407352465,0.044968356365577826,0.044968356365577826,0.05880678407352465,0.05880678407352465,0.044968356365577826,0.044968356365577826,0.05880678407352465,0.05880678407352465,0.044968356365577826,0.044968356365577826,0.05880678407352465,0.05880678407352465,0.044968356365577826,0.044968356365577826
834,G,0.0027340063023252223,0.0027340063023252223,0.0009689913463074478,0.0009689913463074478,0.0027340063023252223,0.0027340063023252223,0.0009689913463074478,0.0009689913463074478,0.0027340063023252223,0.0027340063023252223,0.0009689913463074478,0.0009689913463074478,0.0027340063023252223,0.0027340063023252223,0.0009689913463074478,0.0009689913463074478,0.0027340063023252223,0.0027340063023252223,0.0009689913463074478,0.0009689913463074478,0.0027340063023252223,0.0027340063023252223,0.0009689913463074478,0.0009689913463074478
835,C,0.07330149495049419,0.07330149495049419,0.007837892004534797,0.007837892004534797,0.07330149495049419,0.07330149495049419,0.007837892004534797,0.007837892004534797,0.07330149495049419,0.07330149495049419,0.007837892004534797,0.007837892004534797,0.07330149495049419,0.07330149495049419,0.007837892004534797,0.007837892004534797,0.07330149495049419,0.07330149495049419,0.007837892004534797,0.007837892004534797,0.07330149495049419,0.07330149495049419,0.007837892004534797,0.007837892004534797
836,A,0.009327804691555967,0.009327804691555967,0.026026139542218142,0.026026139542218142,0.009327804691555967,0.009327804691555967,0.026026139542218142,0.026026139542218142,0.009327804691555967,0.009327804691555967,0.026026139542218142,0.026026139542218142,0.009327804691555967,0.009327804691555967,0.026026139542218142,0.026026139542218142,0.009327804691555967,0.009327804691555967,0.026026139542218142,0.026026139542218142,0.009327804691555967,0.009327804691555967,0.026026139542218142,0.026026139542218142
837,T,4.435867986470044e-05,4.435867986470044e-05,1.731257809976587e-10,1.731257809976587e-10,4.435867986470044e-05,4.435867986470044e-05,1.731257809976587e-10,1.731257809976587e-10,4.435867986470044e-05,4.435867986470044e-05,1.731257809976587e-10,1.731257809976587e-10,4.435867986470044e-05,4.435867986470044e-05,1.731257809976587e-10,1.731257809976587e-10,4.435867986470044e-05,4.435867986470044e-05,1.731257809976587e-10,1.731257809976587e-10,4.435867986470044e-05,4.435867986470044e-05,1.731257809976587e-10,1.731257809976587e-10
838,C,0.016359516687284827,0.016359516687284827,0.021981519227710133,0.021981519227710133,0.016359516687284827,0.016359516687284827,0.021981519227710133,0.021981519227710133,0.016359516687284827,0.016359516687284827,0.021981519227710133,0.021981519227710133,0.016359516687284827,0.016359516687284827,0.021981519227710133,0.021981519227710133,0.016359516687284827,0.016359516687284827,0.021981519227710133,0.021981519227710133,0.016359516687284827,0.016359516687284827,0.021981519227710133,0.021981519227710133
839,G,0.00015284805675793938,0.00015284805675793938,2.6095510448533136e-05,2.6095510448533136e-05,0.00015284805675793938,0.00015284805675793938,2.6095510448533136e-05,2.6095510448533136e-05,0.00015284805675793938,0.00015284805675793938,2.6095510448533136e-05,2.6095510448533136e-05,0.00015284805675793938,0.00015284805675793938,2.6095510448533136e-05,2.6095510448533136e-05,0.00015284805675793938,0.00015284805675793938,2.6095510448533136e-05,2.6095510448533136e-05,0.00015284805675793938,0.00015284805675793938,2.6095510448533136e-05,2.6095510448533136e-05
840,T,2.839497122796059e-05,2.839497122796059e-05,7.700552774163476e-26,7.700552774163476e-26,2.839497122796059e-05,2.839497122796059e-05,7.700552774163476e-26,7.700552774163476e-26,2.839497122796059e-05,2.839497122796059e-05,7.700552774163476e-26,7.700552774163476e-26,2.839497122796059e-05,2.839497122796059e-05,7.700552774163476e-26,7.700552774163476e-26,2.839497122796059e-05,2.839497122796059e-05,7.700552774163476e-26,7.700552774163476e-26,2.839497122796059e-05,2.839497122796059e-05,7.700552774163476e-26,7.700552774163476e-26
841,C,0.04162388124072503,0.04162388124072503,0.01308268546369206,0.01308268546369206,0.04162388124072503,0.04162388124072503,0.01308268546369206,0.01308268546369206,0.04162388124072503,0.04162388124072503,0.01308268546369206,0.01308268546369206,0.04162388124072503,0.04162388124072503,0.01308268546369206,0.01308268546369206,0.04162388124072503,0.04162388124072503,0.01308268546369206,0.01308268546369206,0.04162388124072503,0.04162388124072503,0.01308268546369206,0.01308268546369206
842,G,0.00418287649819476,0.00418287649819476,0.00018405097209471275,0.00018405097209471275,0.00418287649819476,0.00418287649819476,0.00018405097209471275,0.00018405097209471275,0.00418287649819476,0.00418287649819476,0.00018405097209471275,0.00018405097209471275,0.00418287649819476,0.00418287649819476,0.00018405097209471275,0.00018405097209471275,0.00418287649819476,0.00418287649819476,0.00018405097209471275,0.00018405097209471275,0.00418287649819476,0.00418287649819476,0.00018405097209471275,0.00018405097209471275
843,C,0.0030278663197136233,0.0030278663197136233,0.0005473506794665197,0.0005473506794665197,0.0030278663197136233,0.0030278663197136233,0.0005473506794665197,0.0005473506794665197,0.0030278663197136233,0.0030278663197136233,0.0005473506794665197,0.0005473506794665197,0.0030278663197136233,0.0030278663197136233,0.0005473506794665197,0.0005473506794665197,0.0030278663197136233,0.0030278663197136233,0.0005473506794665197,0.0005473506794665197,0.0030278663197136233,0.0030278663197136233,0.0005473506794665197,0.0005473506794665197
844,C,0.041544154484640994,0.041544154484640994,0.01721676267855676,0.01721676267855676,0.041544154484640994,0.041544154484640994,0.01721676267855676,0.01721676267855676,0.041544154484640994,0.041544154484640994,0.01721676267855676,0.01721676267855676,0.041544154484640994,0.041544154484640994,0.01721676267855676,0.01721676267855676,0.041544154484640994,0.041544154484640994,0.01721676267855676,0.01721676267855676,0.041544154484640994,0.041544154484640994,0.01721676267855676,0.01721676267855676
845,A,0.03831697280106475,0.03831697280106475,0.03363260593237895,0.03363260593237895,0.03831697280106475,0.03831697280106475,0.03363260593237895,0.03363260593237895,0.03831697280106475,0.03831697280106475,0.03363260593237895,0.03363260593237895,0.03831697280106475,0.03831697280106475,0.03363260593237895,0.03363260593237895,0.03831697280106475,0.03831697280106475,0.03363260593237895,0.03363260593237895,0.03831697280106475,0.03831697280106475,0.03363260593237895,0.03363260593237895
846,T,0.01611705424850305,0.01611705424850305,1.3948645376459717e-19,1.3948645376459717e-19,0.01611705424850305,0.01611705424850305,1.3948645376459717e-19,1.3948645376459717e-19,0.01611705424850305,0.01611705424850305,1.3948645376459717e-19,1.3948645376459717e-19,0.01611705424850305,0.01611705424850305,1.3948645376459717e-19,1.3948645376459717e-19,0.01611705424850305,0.01611705424850305,1.3948645376459717e-19,1.3948645376459717e-19,0.01611705424850305,0.01611705424850305,1.3948645376459717e-19,1.3948645376459717e-19
847,C,0.01798150402758803,0.01798150402758803,0.01600104718054454,0.01600104718054454,0.01798150402758803,0.01798150402758803,0.01600104718054454,0.01600104718054454,0.01798150402758803,0.01798150402758803,0.01600104718054454,0.01600104718054454,0.01798150402758803,0.01798150402758803,0.01600104718054454,0.01600104718054454,0.01798150402758803,0.01798150402758803,0.01600104718054454,0.01600104718054454,0.01798150402758803,0.01798150402758803,0.01600104718054454,0.01600104718054454
848,T,1.3126572920929148e-05,1.3126572920929148e-05,1.3126572920929148e-05,1.3126572920929148e-05,1.3126572920929148e-05,1.3126572920929148e-05,1.3126572920929148e-05,1.3126572920929148e-05,1.3126572920929148e-05,1.3126572920929148e-05,1.3126572920929148e-05,1.3126572920929148e-05,1.3126572920929148e-05,1.3126572920929148e-05,1.3126572920929148e-05,1.3126572920929148e-05,1.3126572920929148e-05,1.3126572920929148e-05,1.3126572920929148e-05,1.3126572920929148e-05,1.3126572920929148e-05,1.3126572920929148e-05,1.3126572920929148e-05,1.3126572920929148e-05
849,G,6.88099799918447e-05,6.88099799918447e-05,6.88099799918447e-05,6.88099799918447e-05,6.88099799918447e-05,6.88099799918447e-05,6.88099799918447e-05,6.88099799918447e-05,6.88099799918447e-05,6.88099799918447e-05,6.88099799918447e-05,6.88099799918447e-05,6.88099799918447e-05,6.88099799918447e-05,6.88099799918447e-05,6.88099799918447e-05,6.88099799918447e-05,6.88099799918447e-05,6.88099799918447e-05,6.88099799918447e-05,6.88099799918447e-05,6.88099799918447e-05,6.88099799918447e-05,6.88099799918447e-05
850,G,0.0005578025295138585,0.0005578025295138585,0.0005578025295138585,0.0005578025295138585,0.0005578025295138585,0.0005578025295138585,0.0005578025295138585,0.0005578025295138585,0.0005578025295138585,0.0005578025295138585,0.0005578025295138585,0.0005578025295138585,0.0005578025295138585,0.0005578025295138585,0.0005578025295138585,0.0005578025295138585,0.0005578025295138585,0.0005578025295138585,0.0005578025295138585,0.0005578025295138585,0.0005578025295138585,0.0005578025295138585,0.0005578025295138585,0.0005578025295138585
851,A,0.007522301960316263,0.007522301960316263,0.007522301960316263,0.007522301960316263,0.007522301960316263,0.007522301960316263,0.007522301960316263,0.007522301960316263,0.007522301960316263,0.007522301960316263,0.007522301960316263,0.007522301960316263,0.007522301960316263,0.007522301960316263,0.007522301960316263,0.007522301960316263,0.007522301960316263,0.007522301960316263,0.007522301960316263,0.007522301960316263,0.007522301960316263,0.007522301960316263,0.007522301960316263,0.007522301960316263
852,A,0.014581617450287304,0.014581617450287304,0.014581617450287304,0.014581617450287304,0.014581617450287304,0.014581617450287304,0.014581617450287304,0.014581617450287304,0.014581617450287304,0.014581617450287304,0.014581617450287304,0.014581617450287304,0.014581617450287304,0.014581617450287304,0.014581617450287304,0.014581617450287304,0.014581617450287304,0.014581617450287304,0.014581617450287304,0.014581617450287304,0.014581617450287304,0.014581617450287304,0.014581617450287304,0.014581617450287304
853,G,0.001550652648459194,0.001550652648459194,0.001550652648459194,0.001550652648459194,0.001550652648459194,0.001550652648459194,0.001550652648459194,0.001550652648459194,0.001550652648459194,0.001550652648459194,0.001550652648459194,0.001550652648459194,0.001550652648459194,0.001550652648459194,0.001550652648459194,0.001550652648459194,0.001550652648459194,0.001550652648459194,0.001550652648459194,0.001550652648459194,0.001550652648459194,0.001550652648459194,0.001550652648459194,0.001550652648459194
854,G,0.007529276211831668,0.007529276211831668,0.007529276211831668,0.007529276211831668,0.007529276211831668,0.007529276211831668,0.007529276211831668,0.007529276211831668,0.007529276211831668,0.007529276211831668,0.007529276211831668,0.007529276211831668,0.007529276211831668,0.007529276211831668,0.007529276211831668,0.007529276211831668,0.007529276211831668,0.007529276211831668,0.007529276211831668,0.007529276211831668,0.007529276211831668,0.007529276211831668,0.007529276211831668,0.007529276211831668
855,T,0.00033736934495734824,0.00033736934495734824,0.00033736934495734824,0.00033736934495734824,0.00033736934495734824,0.00033736934495734824,0.00033736934495734824,0.00033736934495734824,0.00033736934495734824,0.00033736934495734824,0.00033736934495734824,0.00033736934495734824,0.00033736934495734824,0.00033736934495734824,0.00033736934495734824,0.00033736934495734824,0.00033736934495734824,0.00033736934495734824,0.00033736934495734824,0.00033736934495734824,0.00033736934495734824,0.00033736934495734824,0.00033736934495734824,0.00033736934495734824
856,G,0.00019953713526714458,0.00019953713526714458,0.00019953713526714458,0.00019953713526714458,0.00019953713526714458,0.00019953713526714458,0.00019953713526714458,0.00019953713526714458,0.00019953713526714458,0.00019953713526714458,0.00019953713526714458,0.00019953713526714458,0.00019953713526714458,0.00019953713526714458,0.00019953713526714458,0.00019953713526714458,0.00019953713526714458,0.00019953713526714458,0.00019953713526714458,0.00019953713526714458,0.00019953713526714458,0.00019953713526714458,0.00019953713526714458,0.00019953713526714458
857,T,0.02141874226024218,0.02141874226024218,0.02141874226024218,0.02141874226024218,0.02141874226024218,0.02141874226024218,0.02141874226024218,0.02141874226024218,0.02141874226024218,0.02141874226024218,0.02141874226024218,0.02141874226024218,0.02141874226024218,0.02141874226024218,0.02141874226024218,0.02141874226024218,0.02141874226024218,0.02141874226024218,0.02141874226024218,0.02141874226024218,0.02141874226024218,0.02141874226024218,0.02141874226024218,0.02141874226024218
858,C,0.04475131108754699,0.04475131108754699,0.04475131108754699,0.04475131108754699,0.04475131108754699,0.04475131108754699,0.04475131108754699,0.04475131108754699,0.04475131108754699,0.04475131108754699,0.04475131108754699,0.04475131108754699,0.04475131108754699,0.04475131108754699,0.04475131108754699,0.04475131108754699,0.04475131108754699,0.04475131108754699,0.04475131108754699,0.04475131108754699,0.04475131108754699,0.04475131108754699,0.04475131108754699,0.04475131108754699
859,C,0.04681313375666304,0.04681313375666304,0.04681313375666304,0.04681313375666304,0.04681313375666304,0.04681313375666304,0.04681313375666304,0.04681313375666304,0.04681313375666304,0.04681313375666304,0.04681313375666304,0.04681313375666304,0.04681313375666304,0.04681313375666304,0.04681313375666304,0.04681313375666304,0.04681313375666304,0.04681313375666304,0.04681313375666304,0.04681313375666304,0.04681313375666304,0.04681313375666304,0.04681313375666304,0.04681313375666304
860,A,0.07845241135310069,0.07845241135310069,0.07845241135310069,0.07845241135310069,0.07845241135310069,0.07845241135310069,0.07845241135310069,0.07845241135310069,0.07845241135310069,0.07845241135310069,0.07845241135310069,0.07845241135310069,0.07845241135310069,0.07845241135310069,0.07845241135310069,0.07845241135310069,0.07845241135310069,0.07845241135310069,0.07845241135310069,0.07845241135310069,0.07845241135310069,0.07845241135310069,0.07845241135310069,0.07845241135310069
861,G,2.6037897610805397e-06,2.6037897610805397e-06,2.6037897610805397e-06,2.6037897610805397e-06,2.6037897610805397e-06,2.6037897610805397e-06,2.6037897610805397e-06,2.6037897610805397e-06,2.6037897610805397e-06,2.6037897610805397e-06,2.6037897610805397e-06,2.6037897610805397e-06,2.6037897610805397e-06,2.6037897610805397e-06,2.6037897610805397e-06,2.6037897610805397e-06,2.6037897610805397e-06,2.6037897610805397e-06,2.6037897610805397e-06,2.6037897610805397e-06,2.6037897610805397e-06,2.6037897610805397e-06,2.6037897610805397e-06,2.6037897610805397e-06
862,G,7.71036606391051e-07,7.71036606391051e-07,7.71036606391051e-07,7.71036606391051e-07,7.71036606391051e-07,7.71036606391051e-07,7.71036606391051e-07,7.71036606391051e-07,7.71036606391051e-07,7.71036606391051e-07,7.71036606391051e-07,7.71036606391051e-07,7.71036606391051e-07,7.71036606391051e-07,7.71036606391051e-07,7.71036606391051e-07,7.71036606391051e-07,7.71036606391051e-07,7.71036606391051e-07,7.71036606391051e-07,7.71036606391051e-07,7.71036606391051e-07,7.71036606391051e-07,7.71036606391051e-07
863,A,0.048864489552146145,0.048864489552146145,0.048864489552146145,0.048864489552146145,0.048864489552146145,0.048864489552146145,0.048864489552146145,0.048864489552146145,0.048864489552146145,0.048864489552146145,0.048864489552146145,0.048864489552146145,0.048864489552146145,0.048864489552146145,0.048864489552146145,0.048864489552146145,0.048864489552146145,0.048864489552146145,0.048864489552146145,0.048864489552146145,0.048864489552146145,0.048864489552146145,0.048864489552146145,0.048864489552146145
864,T,8.978711664314202e-10,8.978711664314202e-10,8.978711664314202e-10,8.978711664314202e-10,8.978711664314202e-10,8.978711664314202e-10,8.978711664314202e-10,8.978711664314202e-10,8.978711664314202e-10,8.978711664314202e-10,8.978711664314202e-10,8.978711664314202e-10,8.978711664314202e-10,8.978711664314202e-10,8.978711664314202e-10,8.978711664314202e-10,8.978711664314202e-10,8.978711664314202e-10,8.978711664314202e-10,8.978711664314202e-10,8.978711664314202e-10,8.978711664314202e-10,8.978711664314202e-10,8.978711664314202e-10
865,C,0.023284711899711586,0.023284711899711586,0.023284711899711586,0.023284711899711586,0.023284711899711586,0.023284711899711586,0.023284711899711586,0.023284711899711586,0.023284711899711586,0.023284711899711586,0.023284711899711586,0.023284711899711586,0.023284711899711586,0.023284711899711586,0.023284711899711586,0.023284711899711586,0.023284711899711586,0.023284711899711586,0.023284711899711586,0.023284711899711586,0.023284711899711586,0.023284711899711586,0.023284711899711586,0.023284711899711586
866,G,0.0002504022064867752,0.0002504022064867752,0.0002504022064867752,0.0002504022064867752,0.0002504022064867752,0.0002504022064867752,0.0002504022064867752,0.0002504022064867752,0.0002504022064867752,0.0002504022064867752,0.0002504022064867752,0.0002504022064867752,0.0002504022064867752,0.0002504022064867752,0.0002504022064867752,0.0002504022064867752,0.0002504022064867752,0.0002504022064867752,0.0002504022064867752,0.0002504022064867752,0.0002504022064867752,0.0002504022064867752,0.0002504022064867752,0.0002504022064867752
867,T,4.349202616285684e-15,4.349202616285684e-15,4.349202616285684e-15,4.349202616285684e-15,4.349202616285684e-15,4.349202616285684e-15,4.349202616285684e-15,4.349202616285684e-15,4.349202616285684e-15,4.349202616285684e-15,4.349202616285684e-15,4.349202616285684e-15,4.349202616285684e-15,4.349202616285684e-15,4.349202616285684e-15,4.349202616285684e-15,4.349202616285684e-15,4.349202616285684e-15,4.349202616285684e-15,4.349202616285684e-15,4.349202616285684e-15,4.349202616285684e-15,4.349202616285684e-15,4.349202616285684e-15
868,A,0.007813619461184643,0.007813619461184643,0.007813619461184643,0.007813619461184643,0.007813619461184643,0.007813619461184643,0.007813619461184643,0.007813619461184643,0.007813619461184643,0.007813619461184643,0.007813619461184643,0.007813619461184643,0.007813619461184643,0.007813619461184643,0.007813619461184643,0.007813619461184643,0.007813619461184643,0.007813619461184643,0.007813619461184643,0.007813619461184643,0.007813619461184643,0.007813619461184643,0.007813619461184643,0.007813619461184643
869,A,0.009563205687500225,0.009563205687500225,0.009563205687500225,0.009563205687500225,0.009563205687500225,0.009563205687500225,0.009563205687500225,0.009563205687500225,0.009563205687500225,0.009563205687500225,0.009563205687500225,0.009563205687500225,0.009563205687500225,0.009563205687500225,0.009563205687500225,0.009563205687500225,0.009563205687500225,0.009563205687500225,0.009563205687500225,0.009563205687500225,0.009563205687500225,0.009563205687500225,0.009563205687500225,0.009563205687500225
870,C,0.0038331500765726063,0.0038331500765726063,0.0038331500765726063,0.0038331500765726063,0.0038331500765726063,0.0038331500765726063,0.0038331500765726063,0.0038331500765726063,0.0038331500765726063,0.0038331500765726063,0.0038331500765726063,0.0038331500765726063,0.0038331500765726063,0.0038331500765726063,0.0038331500765726063,0.0038331500765726063,0.0038331500765726063,0.0038331500765726063,0.0038331500765726063,0.0038331500765726063,0.0038331500765726063,0.0038331500765726063,0.0038331500765726063,0.0038331500765726063
871,A,0.007961012605004033,0.007961012605004033,0.007961012605004033,0.007961012605004033,0.007961012605004033,0.007961012605004033,0.007961012605004033,0.007961012605004033,0.007961012605004033,0.007961012605004033,0.007961012605004033,0.007961012605004033,0.007961012605004033,0.007961012605004033,0.007961012605004033,0.007961012605004033,0.007961012605004033,0.007961012605004033,0.007961012605004033,0.007961012605004033,0.007961012605004033,0.007961012605004033,0.007961012605004033,0.007961012605004033
872,C,0.042269885186023086,0.042269885186023086,0.042269885186023086,0.042269885186023086,0.042269885186023086,0.042269885186023086,0.042269885186023086,0.042269885186023086,0.042269885186023086,0.042269885186023086,0.042269885186023086,0.042269885186023086,0.042269885186023086,0.042269885186023086,0.042269885186023086,0.042269885186023086,0.042269885186023086,0.042269885186023086,0.042269885186023086,0.042269885186023086,0.042269885186023086,0.042269885186023086,0.042269885186023086,0.042269885186023086
873,C,0.005444796733812003,0.005444796733812003,0.005444796733812003,0.005444796733812003,0.005444796733812003,0.005444796733812003,0.005444796733812003,0.005444796733812003,0.005444796733812003,0.005444796733812003,0.005444796733812003,0.005444796733812003,0.005444796733812003,0.005444796733812003,0.005444796733812003,0.005444796733812003,0.005444796733812003,0.005444796733812003,0.005444796733812003,0.005444796733812003,0.005444796733812003,0.005444796733812003,0.005444796733812003,0.005444796733812003
874,T,0.00020139231812232308,0.00020139231812232308,0.00020139231812232308,0.00020139231812232308,0.00020139231812232308,0.00020139231812232308,0.00020139231812232308,0.00020139231812232308,0.00020139231812232308,0.00020139231812232308,0.00020139231812232308,0.00020139231812232308,0.00020139231812232308,0.00020139231812232308,0.00020139231812232308,0.00020139231812232308,0.00020139231812232308,0.00020139231812232308,0.00020139231812232308,0.00020139231812232308,0.00020139231812232308,0.00020139231812232308,0.00020139231812232308,0.00020139231812232308
875,C,0.014891186685549914,0.014891186685549914,0.014891186685549914,0.014891186685549914,0.014891186685549914,0.014891186685549914,0.014891186685549914,0.014891186685549914,0.014891186685549914,0.014891186685549914,0.014891186685549914,0.014891186685549914,0.014891186685549914,0.014891186685549914,0.014891186685549914,0.014891186685549914,0.014891186685549914,0.014891186685549914,0.014891186685549914,0.014891186685549914,0.014891186685549914,0.014891186685549914,0.014891186685549914,0.014891186685549914
876,C,0.008277676018483148,0.008277676018483148,0.008277676018483148,0.008277676018483148,0.008277676018483148,0.008277676018483148,0.008277676018483148,0.008277676018483148,0.008277676018483148,0.008277676018483148,0.008277676018483148,0.008277676018483148,0.008277676018483148,0.008277676018483148,0.008277676018483148,0.008277676018483148,0.008277676018483148,0.008277676018483148,0.008277676018483148,0.008277676018483148,0.008277676018483148,0.008277676018483148,0.008277676018483148,0.008277676018483148
877,A,0.0015872003670033765,0.0015872003670033765,0.0015872003670033765,0.0015872003670033765,0.0015872003670033765,0.0015872003670033765,0.0015872003670033765,0.0015872003670033765,0.0015872003670033765,0.0015872003670033765,0.0015872003670033765,0.0015872003670033765,0.0015872003670033765,0.0015872003670033765,0.0015872003670033765,0.0015872003670033765,0.0015872003670033765,0.0015872003670033765,0.0015872003670033765,0.0015872003670033765,0.0015872003670033765,0.0015872003670033765,0.0015872003670033765,0.0015872003670033765
878,A,0.08960962381547684,0.08960962381547684,0.016110635199476725,0.016110635199476725,0.08960962381547684,0.08960962381547684,0.016110635199476725,0.016110635199476725,0.08960962381547684,0.08960962381547684,0.016110635199476725,0.016110635199476725,0.08960962381547684,0.08960962381547684,0.016110635199476725,0.016110635199476725,0.08960962381547684,0.08960962381547684,0.016110635199476725,0.016110635199476725,0.08960962381547684,0.08960962381547684,0.016110635199476725,0.016110635199476725
879,C,0.026464648184835557,0.026464648184835557,0.00652288467275155,0.00652288467275155,0.026464648184835557,0.026464648184835557,0.00652288467275155,0.00652288467275155,0.026464648184835557,0.026464648184835557,0.00652288467275155,0.00652288467275155,0.026464648184835557,0.026464648184835557,0.00652288467275155,0.00652288467275155,0.026464648184835557,0.026464648184835557,0.00652288467275155,0.00652288467275155,0.026464648184835557,0.026464648184835557,0.00652288467275155,0.00652288467275155
880,T,5.018087178777501e-07,5.018087178777501e-07,1.7980211330433615e-08,1.7980211330433615e-08,5.018087178777501e-07,5.018087178777501e-07,1.7980211330433615e-08,1.7980211330433615e-08,5.018087178777501e-07,5.018087178777501e-07,1.7980211330433615e-08,1.7980211330433615e-08,5.018087178777501e-07,5.018087178777501e-07,1.7980211330433615e-08,1.7980211330433615e-08,5.018087178777501e-07,5.018087178777501e-07,1.7980211330433615e-08,1.7980211330433615e-08,5.018087178777501e-07,5.018087178777501e-07,1.7980211330433615e-08,1.7980211330433615e-08
881,T,9.727273797562588e-05,9.727273797562588e-05,3.117317470565147e-12,3.117317470565147e-12,9.727273797562588e-05,9.727273797562588e-05,3.117317470565147e-12,3.117317470565147e-12,9.727273797562588e-05,9.727273797562588e-05,3.117317470565147e-12,3.117317470565147e-12,9.727273797562588e-05,9.727273797562588e-05,3.117317470565147e-12,3.117317470565147e-12,9.727273797562588e-05,9.727273797562588e-05,3.117317470565147e-12,3.117317470565147e-12,9.727273797562588e-05,9.727273797562588e-05,3.117317470565147e-12,3.117317470565147e-12
882,G,0.0012244757161306524,0.0012244757161306524,0.002783845491010646,0.002783845491010646,0.0012244757161306524,0.0012244757161306524,0.002783845491010646,0.002783845491010646,0.0012244757161306524,0.0012244757161306524,0.002783845491010646,0.002783845491010646,0.0012244757161306524,0.0012244757161306524,0.002783845491010646,0.002783845491010646,0.0012244757161306524,0.0012244757161306524,0.002783845491010646,0.002783845491010646,0.0012244757161306524,0.0012244757161306524,0.002783845491010646,0.002783845491010646
883,G,4.92294996026347e-07,4.92294996026347e-07,8.725678694359663e-07,8.725678694359663e-07,4.92294996026347e-07,4.92294996026347e-07,8.725678694359663e-07,8.725678694359663e-07,4.92294996026347e-07,4.92294996026347e-07,8.725678694359663e-07,8.725678694359663e-07,4.92294996026347e-07,4.92294996026347e-07,8.725678694359663e-07,8.725678694359663e-07,4.92294996026347e-07,4.92294996026347e-07,8.725678694359663e-07,8.725678694359663e-07,4.92294996026347e-07,4.92294996026347e-07,8.725678694359663e-07,8.725678694359663e-07
884,T,9.329659024400597e-08,9.329659024400597e-08,0.00027880198781376185,0.00027880198781376185,9.329659024400597e-08,9.329659024400597e-08,0.00027880198781376185,0.00027880198781376185,9.329659024400597e-08,9.329659024400597e-08,0.00027880198781376185,0.00027880198781376185,9.329659024400597e-08,9.329659024400597e-08,0.00027880198781376185,0.00027880198781376185,9.329659024400597e-08,9.329659024400597e-08,0.00027880198781376185,0.00027880198781376185,9.329659024400597e-08,9.329659024400597e-08,0.00027880198781376185,0.00027880198781376185
885,C,0.003991917057956032,0.003991917057956032,0.08380417176099675,0.08380417176099675,0.003991917057956032,0.003991917057956032,0.08380417176099675,0.08380417176099675,0.003991917057956032,0.003991917057956032,0.08380417176099675,0.08380417176099675,0.003991917057956032,0.003991917057956032,0.08380417176099675,0.08380417176099675,0.003991917057956032,0.003991917057956032,0.08380417176099675,0.08380417176099675,0.003991917057956032,0.003991917057956032,0.08380417176099675,0.08380417176099675
886,C,0.006361246646168269,0.006361246646168269,0.027673211837498792,0.027673211837498792,0.006361246646168269,0.006361246646168269,0.027673211837498792,0.027673211837498792,0.006361246646168269,0.006361246646168269,0.027673211837498792,0.027673211837498792,0.006361246646168269,0.006361246646168269,0.027673211837498792,0.027673211837498792,0.006361246646168269,0.006361246646168269,0.027673211837498792,0.027673211837498792,0.006361246646168269,0.006361246646168269,0.027673211837498792,0.027673211837498792
887,A,0.0017918793745201136,0.0017918793745201136,0.1312475985326248,0.1312475985326248,0.0017918793745201136,0.0017918793745201136,0.1312475985326248,0.1312475985326248,0.0017918793745201136,0.0017918793745201136,0.1312475985326248,0.1312475985326248,0.0017918793745201136,0.0017918793745201136,0.1312475985326248,0.1312475985326248,0.0017918793745201136,0.0017918793745201136,0.1312475985326248,0.1312475985326248,0.0017918793745201136,0.0017918793745201136,0.1312475985326248,0.1312475985326248
888,G,2.4000359974285256e-07,2.4000359974285256e-07,0.0031054977932770166,0.0031054977932770166,2.4000359974285256e-07,2.4000359974285256e-07,0.0031054977932770166,0.0031054977932770166,2.4000359974285256e-07,2.4000359974285256e-07,0.0031054977932770166,0.0031054977932770166,2.4000359974285256e-07,2.4000359974285256e-07,0.0031054977932770166,0.0031054977932770166,2.4000359974285256e-07,2.4000359974285256e-07,0.0031054977932770166,0.0031054977932770166,2.4000359974285256e-07,2.4000359974285256e-07,0.0031054977932770166,0.0031054977932770166
889,T,9.517307070702141e-17,9.517307070702141e-17,5.482104280493771e-07,5.482104280493771e-07,9.517307070702141e-17,9.517307070702141e-17,5.482104280493771e-07,5.482104280493771e-07,9.517307070702141e-17,9.517307070702141e-17,5.482104280493771e-07,5.482104280493771e-07,9.517307070702141e-17,9.517307070702141e-17,5.482104280493771e-07,5.482104280493771e-07,9.517307070702141e-17,9.517307070702141e-17,5.482104280493771e-07,5.482104280493771e-07,9.517307070702141e-17,9.517307070702141e-17,5.482104280493771e-07,5.482104280493771e-07
890,G,0.0006912735647241486,0.0006912735647241486,0.00011270101975795058,0.00011270101975795058,0.0006912735647241486,0.0006912735647241486,0.00011270101975795058,0.00011270101975795058,0.0006912735647241486,0.0006912735647241486,0.00011270101975795058,0.00011270101975795058,0.0006912735647241486,0.0006912735647241486,0.00011270101975795058,0.00011270101975795058,0.0006912735647241486,0.0006912735647241486,0.00011270101975795058,0.00011270101975795058,0.0006912735647241486,0.0006912735647241486,0.00011270101975795058,0.00011270101975795058
891,T,0.0003820640371133788,0.0003820640371133788,1.8335975071262958e-08,1.8335975071262958e-08,0.0003820640371133788,0.0003820640371133788,1.8335975071262958e-08,1.8335975071262958e-08,0.0003820640371133788,0.0003820640371133788,1.8335975071262958e-08,1.8335975071262958e-08,0.0003820640371133788,0.0003820640371133788,1.8335975071262958e-08,1.8335975071262958e-08,0.0003820640371133788,0.0003820640371133788,1.8335975071262958e-08,1.8335975071262958e-08,0.0003820640371133788,0.0003820640371133788,1.8335975071262958e-08,1.8335975071262958e-08
892,C,0.01172219625507699,0.01172219625507699,0.0163712848110516,0.0163712848110516,0.01172219625507699,0.01172219625507699,0.0163712848110516,0.0163712848110516,0.01172219625507699,0.01172219625507699,0.0163712848110516,0.0163712848110516,0.01172219625507699,0.01172219625507699,0.0163712848110516,0.0163712848110516,0.01172219625507699,0.01172219625507699,0.0163712848110516,0.0163712848110516,0.01172219625507699,0.01172219625507699,0.0163712848110516,0.0163712848110516
893,T,4.588198441307244e-14,4.588198441307244e-14,2.061808646774091e-23,2.061808646774091e-23,4.588198441307244e-14,4.588198441307244e-14,2.061808646774091e-23,2.061808646774091e-23,4.588198441307244e-14,4.588198441307244e-14,2.061808646774091e-23,2.061808646774091e-23,4.588198441307244e-14,4.588198441307244e-14,2.061808646774091e-23,2.061808646774091e-23,4.588198441307244e-14,4.588198441307244e-14,2.061808646774091e-23,2.061808646774091e-23,4.588198441307244e-14,4.588198441307244e-14,2.061808646774091e-23,2.061808646774091e-23
894,T,2.7112474533314567e-15,2.7112474533314567e-15,8.813198762804554e-07,8.813198762804554e-07,2.7112474533314567e-15,2.7112474533314567e-15,8.813198762804554e-07,8.813198762804554e-07,2.7112474533314567e-15,2.7112474533314567e-15,8.813198762804554e-07,8.813198762804554e-07,2.7112474533314567e-15,2.7112474533314567e-15,8.813198762804554e-07,8.813198762804554e-07,2.7112474533314567e-15,2.7112474533314567e-15,8.813198762804554e-07,8.813198762804554e-07,2.7112474533314567e-15,2.7112474533314567e-15,8.813198762804554e-07,8.813198762804554e-07
895,A,0.06831009750079683,0.06831009750079683,0.005431810437738704,0.005431810437738704,0.06831009750079683,0.06831009750079683,0.005431810437738704,0.005431810437738704,0.06831009750079683,0.06831009750079683,0.005431810437738704,0.005431810437738704,0.06831009750079683,0.06831009750079683,0.005431810437738704,0.005431810437738704,0.06831009750079683,0.06831009750079683,0.005431810437738704,0.005431810437738704,0.06831009750079683,0.06831009750079683,0.005431810437738704,0.005431810437738704
896,G,4.025483589694094e-05,4.025483589694094e-05,0.0005500008512567429,0.0005500008512567429,4.025483589694094e-05,4.025483589694094e-05,0.0005500008512567429,0.0005500008512567429,4.025483589694094e-05,4.025483589694094e-05,0.0005500008512567429,0.0005500008512567429,4.025483589694094e-05,4.025483589694094e-05,0.0005500008512567429,0.0005500008512567429,4.025483589694094e-05,4.025483589694094e-05,0.0005500008512567429,0.0005500008512567429,4.025483589694094e-05,4.025483589694094e-05,0.0005500008512567429,0.0005500008512567429
897,A,0.018893312229077013,0.018893312229077013,0.010251509983836745,0.010251509983836745,0.018893312229077013,0.018893312229077013,0.010251509983836745,0.010251509983836745,0.018893312229077013,0.018893312229077013,0.010251509983836745,0.010251509983836745,0.018893312229077013,0.018893312229077013,0.010251509983836745,0.010251509983836745,0.018893312229077013,0.018893312229077013,0.010251509983836745,0.010251509983836745,0.018893312229077013,0.018893312229077013,0.010251509983836745,0.010251509983836745
898,A,0.038626010562208137,0.038626010562208137,0.0033372983191554623,0.0033372983191554623,0.038626010562208137,0.038626010562208137,0.0033372983191554623,0.0033372983191554623,0.038626010562208137,0.038626010562208137,0.0033372983191554623,0.0033372983191554623,0.038626010562208137,0.038626010562208137,0.0033372983191554623,0.0033372983191554623,0.038626010562208137,0.038626010562208137,0.0033372983191554623,0.0033372983191554623,0.038626010562208137,0.038626010562208137,0.0033372983191554623,0.0033372983191554623
899,C,0.07413770059284451,0.07413770059284451,0.07413770059284451,0.07413770059284451,0.07413770059284451,0.07413770059284451,0.07413770059284451,0.07413770059284451,0.07413770059284451,0.07413770059284451,0.07413770059284451,0.07413770059284451,0.07413770059284451,0.07413770059284451,0.07413770059284451,0.07413770059284451,0.07413770059284451,0.07413770059284451,0.07413770059284451,0.07413770059284451,0.07413770059284451,0.07413770059284451,0.07413770059284451,0.07413770059284451
900,T,7.582299414495419e-16,7.582299414495419e-16,7.582299414495419e-16,7.582299414495419e-16,7.582299414495419e-16,7.582299414495419e-16,7.582299414495419e-16,7.582299414495419e-16,7.582299414495419e-16,7.582299414495419e-16,7.582299414495419e-16,7.582299414495419e-16,7.582299414495419e-16,7.582299414495419e-16,7.582299414495419e-16,7.582299414495419e-16,7.582299414495419e-16,7.582299414495419e-16,7.582299414495419e-16,7.582299414495419e-16,7.582299414495419e-16,7.582299414495419e-16,7.582299414495419e-16,7.582299414495419e-16
901,A,0.04374940859329732,0.04374940859329732,0.04374940859329732,0.04374940859329732,0.04374940859329732,0.04374940859329732,0.04374940859329732,0.04374940859329732,0.04374940859329732,0.04374940859329732,0.04374940859329732,0.04374940859329732,0.04374940859329732,0.04374940859329732,0.04374940859329732,0.04374940859329732,0.04374940859329732,0.04374940859329732,0.04374940859329732,0.04374940859329732,0.04374940859329732,0.04374940859329732,0.04374940859329732,0.04374940859329732
902,A,0.029217739634108512,0.029217739634108512,0.029217739634108512,0.029217739634108512,0.029217739634108512,0.029217739634108512,0.029217739634108512,0.029217739634108512,0.029217739634108512,0.029217739634108512,0.029217739634108512,0.029217739634108512,0.029217739634108512,0.029217739634108512,0.029217739634108512,0.029217739634108512,0.029217739634108512,0.029217739634108512,0.029217739634108512,0.029217739634108512,0.029217739634108512,0.029217739634108512,0.029217739634108512,0.029217739634108512
903,T,7.713801123688614e-07,3.979014183024425e-08,7.713801123688614e-07,3.979014183024425e-08,7.713801123688614e-07,3.979014183024425e-08,7.713801123688614e-07,3.979014183024425e-08,7.713801123688614e-07,3.979014183024425e-08,7.713801123688614e-07,3.979014183024425e-08,7.713801123688614e-07,3.979014183024425e-08,7.713801123688614e-07,3.979014183024425e-08,7.713801123688614e-07,3.979014183024425e-08,7.713801123688614e-07,3.979014183024425e-08,7.713801123688614e-07,3.979014183024425e-08,7.713801123688614e-07,3.979014183024425e-08
904,G,0.0005131943393199399,3.873804497786603e-05,0.0005131943393199399,3.873804497786603e-05,0.0005131943393199399,3.873804497786603e-05,0.0005131943393199399,3.873804497786603e-05,0.0005131943393199399,3.873804497786603e-05,0.0005131943393199399,3.873804497786603e-05,0.0005131943393199399,3.873804497786603e-05,0.0005131943393199399,3.873804497786603e-05,0.0005131943393199399,3.873804497786603e-05,0.0005131943393199399,3.873804497786603e-05,0.0005131943393199399,3.873804497786603e-05,0.0005131943393199399,3.873804497786603e-05
905,C,0.04541968446011541,0.018889835982100107,0.04541968446011541,0.018889835982100107,0.04541968446011541,0.018889835982100107,0.04541968446011541,0.018889835982100107,0.04541968446011541,0.018889835982100107,0.04541968446011541,0.018889835982100107,0.04541968446011541,0.018889835982100107,0.04541968446011541,0.018889835982100107,0.04541968446011541,0.018889835982100107,0.04541968446011541,0.018889835982100107,0.04541968446011541,0.018889835982100107,0.04541968446011541,0.018889835982100107
906,G,0.003764348289289422,0.0012092134831552903,0.003764348289289422,0.0012092134831552903,0.003764348289289422,0.0012092134831552903,0.003764348289289422,0.0012092134831552903,0.003764348289289422,0.0012092134831552903,0.003764348289289422,0.0012092134831552903,0.003764348289289422,0.0012092134831552903,0.003764348289289422,0.0012092134831552903,0.003764348289289422,0.0012092134831552903,0.003764348289289422,0.0012092134831552903,0.003764348289289422,0.0012092134831552903,0.003764348289289422,0.0012092134831552903
907,A,0.005944015779690998,0.007416632778079884,0.005944015779690998,0.007416632778079884,0.005944015779690998,0.007416632778079884,0.005944015779690998,0.007416632778079884,0.005944015779690998,0.007416632778079884,0.005944015779690998,0.007416632778079884,0.005944015779690998,0.007416632778079884,0.005944015779690998,0.007416632778079884,0.005944015779690998,0.007416632778079884,0.005944015779690998,0.007416632778079884,0.005944015779690998,0.007416632778079884,0.005944015779690998,0.007416632778079884
908,G,0.003859043094053623,6.761127980389214e-06,0.003859043094053623,6.761127980389214e-06,0.003859043094053623,6.761127980389214e-06,0.003859043094053623,6.761127980389214e-06,0.003859043094053623,6.761127980389214e-06,0.003859043094053623,6.761127980389214e-06,0.003859043094053623,6.761127980389214e-06,0.003859043094053623,6.761127980389214e-06,0.003859043094053623,6.761127980389214e-06,0.003859043094053623,6.761127980389214e-06,0.003859043094053623,6.761127980389214e-06,0.003859043094053623,6.761127980389214e-06
909,T,7.413846197427339e-09,2.678569197358886e-05,7.413846197427339e-09,2.678569197358886e-05,7.413846197427339e-09,2.678569197358886e-05,7.413846197427339e-09,2.678569197358886e-05,7.413846197427339e-09,2.678569197358886e-05,7.413846197427339e-09,2.678569197358886e-05,7.413846197427339e-09,2.678569197358886e-05,7.413846197427339e-09,2.678569197358886e-05,7.413846197427339e-09,2.678569197358886e-05,7.413846197427339e-09,2.678569197358886e-05,7.413846197427339e-09,2.678569197358886e-05,7.413846197427339e-09,2.678569197358886e-05
910,C,0.01955348523310273,0.003095207635760993,0.01955348523310273,0.003095207635760993,0.01955348523310273,0.003095207635760993,0.01955348523310273,0.003095207635760993,0.01955348523310273,0.003095207635760993,0.01955348523310273,0.003095207635760993,0.01955348523310273,0.003095207635760993,0.01955348523310273,0.003095207635760993,0.01955348523310273,0.003095207635760993,0.01955348523310273,0.003095207635760993,0.01955348523310273,0.003095207635760993,0.01955348523310273,0.003095207635760993
911,T,1.3673420250245386e-14,0.00012250497086576398,1.3673420250245386e-14,0.00012250497086576398,1.3673420250245386e-14,0.00012250497086576398,1.3673420250245386e-14,0.00012250497086576398,1.3673420250245386e-14,0.00012250497086576398,1.3673420250245386e-14,0.00012250497086576398,1.3673420250245386e-14,0.00012250497086576398,1.3673420250245386e-14,0.00012250497086576398,1.3673420250245386e-14,0.00012250497086576398,1.3673420250245386e-14,0.00012250497086576398,1.3673420250245386e-14,0.00012250497086576398,1.3673420250245386e-14,0.00012250497086576398
912,A,0.04373426897864708,0.0011459832357797746,0.04373426897864708,0.0011459832357797746,0.04373426897864708,0.0011459832357797746,0.04373426897864708,0.0011459832357797746,0.04373426897864708,0.0011459832357797746,0.04373426897864708,0.0011459832357797746,0.04373426897864708,0.0011459832357797746,0.04373426897864708,0.0011459832357797746,0.04373426897864708,0.0011459832357797746,0.04373426897864708,0.0011459832357797746,0.04373426897864708,0.0011459832357797746,0.04373426897864708,0.0011459832357797746
913,C,0.031772813184638045,0.008607947890054741,0.031772813184638045,0.008607947890054741,0.031772813184638045,0.008607947890054741,0.031772813184638045,0.008607947890054741,0.031772813184638045,0.008607947890054741,0.031772813184638045,0.008607947890054741,0.031772813184638045,0.008607947890054741,0.031772813184638045,0.008607947890054741,0.031772813184638045,0.008607947890054741,0.031772813184638045,0.008607947890054741,0.031772813184638045,0.008607947890054741,0.031772813184638045,0.008607947890054741
914,C,0.05661850658323392,0.03385881565702527,0.05661850658323392,0.03385881565702527,0.05661850658323392,0.03385881565702527,0.05661850658323392,0.03385881565702527,0.05661850658323392,0.03385881565702527,0.05661850658323392,0.03385881565702527,0.05661850658323392,0.03385881565702527,0.05661850658323392,0.03385881565702527,0.05661850658323392,0.03385881565702527,0.05661850658323392,0.03385881565702527,0.05661850658323392,0.03385881565702527,0.05661850658323392,0.03385881565702527
915,A,0.019518651664372524,0.003050971191432671,0.019518651664372524,0.003050971191432671,0.019518651664372524,0.003050971191432671,0.019518651664372524,0.003050971191432671,0.019518651664372524,0.003050971191432671,0.019518651664372524,0.003050971191432671,0.019518651664372524,0.003050971191432671,0.019518651664372524,0.003050971191432671,0.019518651664372524,0.003050971191432671,0.019518651664372524,0.003050971191432671,0.019518651664372524,0.003050971191432671,0.019518651664372524,0.003050971191432671
916,T,2.8920042546771764e-36,0.00013982301464742292,2.8920042546771764e-36,0.00013982301464742292,2.8920042546771764e-36,0.00013982301464742292,2.8920042546771764e-36,0.00013982301464742292,2.8920042546771764e-36,0.00013982301464742292,2.8920042546771764e-36,0.00013982301464742292,2.8920042546771764e-36,0.00013982301464742292,2.8920042546771764e-36,0.00013982301464742292,2.8920042546771764e-36,0.00013982301464742292,2.8920042546771764e-36,0.00013982301464742292,2.8920042546771764e-36,0.00013982301464742292,2.8920042546771764e-36,0.00013982301464742292
917,A,0.03824114456025829,0.018914748686153088,0.03824114456025829,0.018914748686153088,0.03824114456025829,0.018914748686153088,0.03824114456025829,0.018914748686153088,0.03824114456025829,0.018914748686153088,0.03824114456025829,0.018914748686153088,0.03824114456025829,0.018914748686153088,0.03824114456025829,0.018914748686153088,0.03824114456025829,0.018914748686153088,0.03824114456025829,0.018914748686153088,0.03824114456025829,0.018914748686153088,0.03824114456025829,0.018914748686153088
918,A,0.07120250632171826,0.02161295340909256,0.07120250632171826,0.02161295340909256,0.07120250632171826,0.02161295340909256,0.07120250632171826,0.02161295340909256,0.07120250632171826,0.02161295340909256,0.07120250632171826,0.02161295340909256,0.07120250632171826,0.02161295340909256,0.07120250632171826,0.02161295340909256,0.07120250632171826,0.02161295340909256,0.07120250632171826,0.02161295340909256,0.07120250632171826,0.02161295340909256,0.07120250632171826,0.02161295340909256
919,A,0.017820979300347362,0.02894366232704029,0.017820979300347362,0.02894366232704029,0.017820979300347362,0.02894366232704029,0.017820979300347362,0.02894366232704029,0.017820979300347362,0.02894366232704029,0.017820979300347362,0.02894366232704029,0.017820979300347362,0.02894366232704029,0.017820979300347362,0.02894366232704029,0.017820979300347362,0.02894366232704029,0.017820979300347362,0.02894366232704029,0.017820979300347362,0.02894366232704029,0.017820979300347362,0.02894366232704029
920,C,0.03068791545432117,0.012121212724593917,0.03068791545432117,0.012121212724593917,0.03068791545432117,0.012121212724593917,0.03068791545432117,0.012121212724593917,0.03068791545432117,0.012121212724593917,0.03068791545432117,0.012121212724593917,0.03068791545432117,0.012121212724593917,0.03068791545432117,0.012121212724593917,0.03068791545432117,0.012121212724593917,0.03068791545432117,0.012121212724593917,0.03068791545432117,0.012121212724593917,0.03068791545432117,0.012121212724593917
921,G,0.0004138387257143872,0.002832957272952648,0.0004138387257143872,0.002832957272952648,0.0004138387257143872,0.002832957272952648,0.0004138387257143872,0.002832957272952648,0.0004138387257143872,0.002832957272952648,0.0004138387257143872,0.002832957272952648,0.0004138387257143872,0.002832957272952648,0.0004138387257143872,0.002832957272952648,0.0004138387257143872,0.002832957272952648,0.0004138387257143872,0.002832957272952648,0.0004138387257143872,0.002832957272952648,0.0004138387257143872,0.002832957272952648
922,A,0.01467915435410603,0.03638447235036809,0.01467915435410603,0.03638447235036809,0.01467915435410603,0.03638447235036809,0.01467915435410603,0.03638447235036809,0.01467915435410603,0.03638447235036809,0.01467915435410603,0.03638447235036809,0.01467915435410603,0.03638447235036809,0.01467915435410603,0.03638447235036809,0.01467915435410603,0.03638447235036809,0.01467915435410603,0.03638447235036809,0.01467915435410603,0.03638447235036809,0.01467915435410603,0.03638447235036809
923,C,0.0101410292188675,0.01143082574175996,0.0101410292188675,0.01143082574175996,0.0101410292188675,0.01143082574175996,0.0101410292188675,0.01143082574175996,0.0101410292188675,0.01143082574175996,0.0101410292188675,0.01143082574175996,0.0101410292188675,0.01143082574175996,0.0101410292188675,0.01143082574175996,0.0101410292188675,0.01143082574175996,0.0101410292188675,0.01143082574175996,0.0101410292188675,0.01143082574175996,0.0101410292188675,0.01143082574175996
924,T,0.00043756580155025044,1.7106973018168913e-14,0.00043756580155025044,1.7106973018168913e-14,0.00043756580155025044,1.7106973018168913e-14,0.00043756580155025044,1.7106973018168913e-14,0.00043756580155025044,1.7106973018168913e-14,0.00043756580155025044,1.7106973018168913e-14,0.00043756580155025044,1.7106973018168913e-14,0.00043756580155025044,1.7106973018168913e-14,0.00043756580155025044,1.7106973018168913e-14,0.00043756580155025044,1.7106973018168913e-14,0.00043756580155025044,1.7106973018168913e-14,0.00043756580155025044,1.7106973018168913e-14
925,C,0.01256896614102807,0.0030637503891244866,0.01256896614102807,0.0030637503891244866,0.01256896614102807,0.0030637503891244866,0.01256896614102807,0.0030637503891244866,0.01256896614102807,0.0030637503891244866,0.01256896614102807,0.0030637503891244866,0.01256896614102807,0.0030637503891244866,0.01256896614102807,0.0030637503891244866,0.01256896614102807,0.0030637503891244866,0.01256896614102807,0.0030637503891244866,0.01256896614102807,0.0030637503891244866,0.01256896614102807,0.0030637503891244866
926,T,4.56385913171647e-16,2.258935409281053e-08,4.56385913171647e-16,2.258935409281053e-08,4.56385913171647e-16,2.258935409281053e-08,4.56385913171647e-16,2.258935409281053e-08,4.56385913171647e-16,2.258935409281053e-08,4.56385913171647e-16,2.258935409281053e-08,4.56385913171647e-16,2.258935409281053e-08,4.56385913171647e-16,2.258935409281053e-08,4.56385913171647e-16,2.258935409281053e-08,4.56385913171647e-16,2.258935409281053e-08,4.56385913171647e-16,2.258935409281053e-08,4.56385913171647e-16,2.258935409281053e-08
927,T,2.077537749040502e-05,0.002076169046470112,2.077537749040502e-05,0.002076169046470112,2.077537749040502e-05,0.002076169046470112,2.077537749040502e-05,0.002076169046470112,2.077537749040502e-05,0.002076169046470112,2.077537749040502e-05,0.002076169046470112,2.077537749040502e-05,0.002076169046470112,2.077537749040502e-05,0.002076169046470112,2.077537749040502e-05,0.002076169046470112,2.077537749040502e-05,0.002076169046470112,2.077537749040502e-05,0.002076169046470112,2.077537749040502e-05,0.002076169046470112
928,C,0.01909483548140119,0.03151829243567985,0.01909483548140119,0.03151829243567985,0.01909483548140119,0.03151829243567985,0.01909483548140119,0.03151829243567985,0.01909483548140119,0.03151829243567985,0.01909483548140119,0.03151829243567985,0.01909483548140119,0.03151829243567985,0.01909483548140119,0.03151829243567985,0.01909483548140119,0.03151829243567985,0.01909483548140119,0.03151829243567985,0.01909483548140119,0.03151829243567985,0.01909483548140119,0.03151829243567985
929,A,0.019797612204934645,0.03166541379923587,0.019797612204934645,0.03166541379923587,0.019797612204934645,0.03166541379923587,0.019797612204934645,0.03166541379923587,0.019797612204934645,0.03166541379923587,0.019797612204934645,0.03166541379923587,0.019797612204934645,0.03166541379923587,0.019797612204934645,0.03166541379923587,0.019797612204934645,0.03166541379923587,0.019797612204934645,0.03166541379923587,0.019797612204934645,0.03166541379923587,0.019797612204934645,0.03166541379923587
930,G,0.0001346865249943213,2.7015711600884197e-06,0.0001346865249943213,2.7015711600884197e-06,0.0001346865249943213,2.7015711600884197e-06,0.0001346865249943213,2.7015711600884197e-06,0.0001346865249943213,2.7015711600884197e-06,0.0001346865249943213,2.7015711600884197e-06,0.0001346865249943213,2.7015711600884197e-06,0.0001346865249943213,2.7015711600884197e-06,0.0001346865249943213,2.7015711600884197e-06,0.0001346865249943213,2.7015711600884197e-06,0.0001346865249943213,2.7015711600884197e-06,0.0001346865249943213,2.7015711600884197e-06
931,A,0.028584771112322195,0.0011432687137144344,0.028584771112322195,0.0011432687137144344,0.028584771112322195,0.0011432687137144344,0.028584771112322195,0.0011432687137144344,0.028584771112322195,0.0011432687137144344,0.028584771112322195,0.0011432687137144344,0.028584771112322195,0.0011432687137144344,0.028584771112322195,0.0011432687137144344,0.028584771112322195,0.0011432687137144344,0.028584771112322195,0.0011432687137144344,0.028584771112322195,0.0011432687137144344,0.028584771112322195,0.0011432687137144344
932,G,0.0006681325123248223,2.0438565462006988e-05,0.0006681325123248223,2.0438565462006988e-05,0.0006681325123248223,2.0438565462006988e-05,0.0006681325123248223,2.0438565462006988e-05,0.0006681325123248223,2.0438565462006988e-05,0.0006681325123248223,2.0438565462006988e-05,0.0006681325123248223,2.0438565462006988e-05,0.0006681325123248223,2.0438565462006988e-05,0.0006681325123248223,2.0438565462006988e-05,0.0006681325123248223,2.0438565462006988e-05,0.0006681325123248223,2.0438565462006988e-05,0.0006681325123248223,2.0438565462006988e-05
933,A,0.009667934161098844,0.014797186190382039,0.009667934161098844,0.014797186190382039,0.009667934161098844,0.014797186190382039,0.009667934161098844,0.014797186190382039,0.009667934161098844,0.014797186190382039,0.009667934161098844,0.014797186190382039,0.009667934161098844,0.014797186190382039,0.009667934161098844,0.014797186190382039,0.009667934161098844,0.014797186190382039,0.009667934161098844,0.014797186190382039,0.009667934161098844,0.014797186190382039,0.009667934161098844,0.014797186190382039
934,T,7.130417464747758e-08,4.56505441122714e-05,7.130417464747758e-08,4.56505441122714e-05,7.130417464747758e-08,4.56505441122714e-05,7.130417464747758e-08,4.56505441122714e-05,7.130417464747758e-08,4.56505441122714e-05,7.130417464747758e-08,4.56505441122714e-05,7.130417464747758e-08,4.56505441122714e-05,7.130417464747758e-08,4.56505441122714e-05,7.130417464747758e-08,4.56505441122714e-05,7.130417464747758e-08,4.56505441122714e-05,7.130417464747758e-08,4.56505441122714e-05,7.130417464747758e-08,4.56505441122714e-05
935,A,0.07837627306000951,0.008964081474404967,0.07837627306000951,0.008964081474404967,0.07837627306000951,0.008964081474404967,0.07837627306000951,0.008964081474404967,0.07837627306000951,0.008964081474404967,0.07837627306000951,0.008964081474404967,0.07837627306000951,0.008964081474404967,0.07837627306000951,0.008964081474404967,0.07837627306000951,0.008964081474404967,0.07837627306000951,0.008964081474404967,0.07837627306000951,0.008964081474404967,0.07837627306000951,0.008964081474404967
936,C,0.008387919558648576,0.013381001243730335,0.008387919558648576,0.013381001243730335,0.008387919558648576,0.013381001243730335,0.008387919558648576,0.013381001243730335,0.008387919558648576,0.013381001243730335,0.008387919558648576,0.013381001243730335,0.008387919558648576,0.013381001243730335,0.008387919558648576,0.013381001243730335,0.008387919558648576,0.013381001243730335,0.008387919558648576,0.013381001243730335,0.008387919558648576,0.013381001243730335,0.008387919558648576,0.013381001243730335
937,T,2.159835162791095e-20,2.408366922679108e-06,2.159835162791095e-20,2.408366922679108e-06,2.159835162791095e-20,2.408366922679108e-06,2.159835162791095e-20,2.408366922679108e-06,2.159835162791095e-20,2.408366922679108e-06,2.159835162791095e-20,2.408366922679108e-06,2.159835162791095e-20,2.408366922679108e-06,2.159835162791095e-20,2.408366922679108e-06,2.159835162791095e-20,2.408366922679108e-06,2.159835162791095e-20,2.408366922679108e-06,2.159835162791095e-20,2.408366922679108e-06,2.159835162791095e-20,2.408366922679108e-06
938,T,2.843635661819257e-07,2.843635661819257e-07,2.843635661819257e-07,2.843635661819257e-07,2.843635661819257e-07,2.843635661819257e-07,2.843635661819257e-07,2.843635661819257e-07,2.843635661819257e-07,2.843635661819257e-07,2.843635661819257e-07,2.843635661819257e-07,2.843635661819257e-07,2.843635661819257e-07,2.843635661819257e-07,2.843635661819257e-07,2.843635661819257e-07,2.843635661819257e-07,2.843635661819257e-07,2.843635661819257e-07,2.843635661819257e-07,2.843635661819257e-07,2.843635661819257e-07,2.843635661819257e-07
939,A,0.02560105141676248,0.02560105141676248,0.02560105141676248,0.02560105141676248,0.02560105141676248,0.02560105141676248,0.02560105141676248,0.02560105141676248,0.02560105141676248,0.02560105141676248,0.02560105141676248,0.02560105141676248,0.02560105141676248,0.02560105141676248,0.02560105141676248,0.02560105141676248,0.02560105141676248,0.02560105141676248,0.02560105141676248,0.02560105141676248,0.02560105141676248,0.02560105141676248,0.02560105141676248,0.02560105141676248
940,C,0.007769944505820661,0.007769944505820661,0.007769944505820661,0.007769944505820661,0.007769944505820661,0.007769944505820661,0.007769944505820661,0.007769944505820661,0.007769944505820661,0.007769944505820661,0.007769944505820661,0.007769944505820661,0.007769944505820661,0.007769944505820661,0.007769944505820661,0.007769944505820661,0.007769944505820661,0.007769944505820661,0.007769944505820661,0.007769944505820661,0.007769944505820661,0.007769944505820661,0.007769944505820661,0.007769944505820661
941,T,0.012776480371938214,0.012776480371938214,0.012776480371938214,0.012776480371938214,0.012776480371938214,0.012776480371938214,0.012776480371938214,0.012776480371938214,0.012776480371938214,0.012776480371938214,0.012776480371938214,0.012776480371938214,0.012776480371938214,0.012776480371938214,0.012776480371938214,0.012776480371938214,0.012776480371938214,0.012776480371938214,0.012776480371938214,0.012776480371938214,0.012776480371938214,0.012776480371938214,0.012776480371938214,0.012776480371938214
942,G,6.54135041863718e-05,6.54135041863718e-05,6.54135041863718e-05,6.54135041863718e-05,6.54135041863718e-05,6.54135041863718e-05,6.54135041863718e-05,6.54135041863718e-05,6.54135041863718e-05,6.54135041863718e-05,6.54135041863718e-05,6.54135041863718e-05,6.54135041863718e-05,6.54135041863718e-05,6.54135041863718e-05,6.54135041863718e-05,6.54135041863718e-05,6.54135041863718e-05,6.54135041863718e-05,6.54135041863718e-05,6.54135041863718e-05,6.54135041863718e-05,6.54135041863718e-05,6.54135041863718e-05
943,A,0.011038776554044564,0.011038776554044564,0.011038776554044564,0.011038776554044564,0.011038776554044564,0.011038776554044564,0.011038776554044564,0.011038776554044564,0.011038776554044564,0.011038776554044564,0.011038776554044564,0.011038776554044564,0.011038776554044564,0.011038776554044564,0.011038776554044564,0.011038776554044564,0.011038776554044564,0.011038776554044564,0.011038776554044564,0.011038776554044564,0.011038776554044564,0.011038776554044564,0.011038776554044564,0.011038776554044564
944,G,0.0013141217803782537,0.0013141217803782537,0.0013141217803782537,0.0013141217803782537,0.0013141217803782537,0.0013141217803782537,0.0013141217803782537,0.0013141217803782537,0.0013141217803782537,0.0013141217803782537,0.0013141217803782537,0.0013141217803782537,0.0013141217803782537,0.0013141217803782537,0.0013141217803782537,0.0013141217803782537,0.0013141217803782537,0.0013141217803782537,0.0013141217803782537,0.0013141217803782537,0.0013141217803782537,0.0013141217803782537,0.0013141217803782537,0.0013141217803782537
945,C,0.03550601749280562,0.03550601749280562,0.03550601749280562,0.03550601749280562,0.03550601749280562,0.03550601749280562,0.03550601749280562,0.03550601749280562,0.03550601749280562,0.03550601749280562,0.03550601749280562,0.03550601749280562,0.03550601749280562,0.03550601749280562,0.03550601749280562,0.03550601749280562,0.03550601749280562,0.03550601749280562,0.03550601749280562,0.03550601749280562,0.03550601749280562,0.03550601749280562,0.03550601749280562,0.03550601749280562
946,T,7.117505239323233e-07,7.117505239323233e-07,7.117505239323233e-07,7.117505239323233e-07,7.117505239323233e-07,7.117505239323233e-07,7.117505239323233e-07,7.117505239323233e-07,7.117505239323233e-07,7.117505239323233e-07,7.117505239323233e-07,7.117505239323233e-07,7.117505239323233e-07,7.117505239323233e-07,7.117505239323233e-07,7.117505239323233e-07,7.117505239323233e-07,7.117505239323233e-07,7.117505239323233e-07,7.117505239323233e-07,7.117505239323233e-07,7.117505239323233e-07,7.117505239323233e-07,7.117505239323233e-07
947,C,0.029325633766571737,0.029325633766571737,0.029325633766571737,0.029325633766571737,0.029325633766571737,0.029325633766571737,0.029325633766571737,0.029325633766571737,0.029325633766571737,0.029325633766571737,0.029325633766571737,0.029325633766571737,0.029325633766571737,0.029325633766571737,0.029325633766571737,0.029325633766571737,0.029325633766571737,0.029325633766571737,0.029325633766571737,0.029325633766571737,0.029325633766571737,0.029325633766571737,0.029325633766571737,0.029325633766571737
948,T,4.615812481292378e-20,4.615812481292378e-20,4.615812481292378e-20,4.615812481292378e-20,4.615812481292378e-20,4.615812481292378e-20,4.615812481292378e-20,4.615812481292378e-20,4.615812481292378e-20,4.615812481292378e-20,4.615812481292378e-20,4.615812481292378e-20,4.615812481292378e-20,4.615812481292378e-20,4.615812481292378e-20,4.615812481292378e-20,4.615812481292378e-20,4.615812481292378e-20,4.615812481292378e-20,4.615812481292378e-20,4.615812481292378e-20,4.615812481292378e-20,4.615812481292378e-20,4.615812481292378e-20
949,T,5.3541167698160874e-15,5.3541167698160874e-15,5.3541167698160874e-15,5.3541167698160874e-15,5.3541167698160874e-15,5.3541167698160874e-15,5.3541167698160874e-15,5.3541167698160874e-15,5.3541167698160874e-15,5.3541167698160874e-15,5.3541167698160874e-15,5.3541167698160874e-15,5.3541167698160874e-15,5.3541167698160874e-15,5.3541167698160874e-15,5.3541167698160874e-15,5.3541167698160874e-15,5.3541167698160874e-15,5.3541167698160874e-15,5.3541167698160874e-15,5.3541167698160874e-15,5.3541167698160874e-15,5.3541167698160874e-15,5.3541167698160874e-15
950,G,0.0009317987009659622,0.0009317987009659622,0.0009317987009659622,0.0009317987009659622,0.0009317987009659622,0.0009317987009659622,0.0009317987009659622,0.0009317987009659622,0.0009317987009659622,0.0009317987009659622,0.0009317987009659622,0.0009317987009659622,0.0009317987009659622,0.0009317987009659622,0.0009317987009659622,0.0009317987009659622,0.0009317987009659622,0.0009317987009659622,0.0009317987009659622,0.0009317987009659622,0.0009317987009659622,0.0009317987009659622,0.0009317987009659622,0.0009317987009659622
951,A,0.01019908905116068,0.01019908905116068,0.01019908905116068,0.01019908905116068,0.01019908905116068,0.01019908905116068,0.01019908905116068,0.01019908905116068,0.01019908905116068,0.01019908905116068,0.01019908905116068,0.01019908905116068,0.01019908905116068,0.01019908905116068,0.01019908905116068,0.01019908905116068,0.01019908905116068,0.01019908905116068,0.01019908905116068,0.01019908905116068,0.01019908905116068,0.01019908905116068,0.01019908905116068,0.01019908905116068
952,G,0.0007481359635683852,0.0007481359635683852,0.0007481359635683852,0.0007481359635683852,0.0007481359635683852,0.0007481359635683852,0.0007481359635683852,0.0007481359635683852,0.0007481359635683852,0.0007481359635683852,0.0007481359635683852,0.0007481359635683852,0.0007481359635683852,0.0007481359635683852,0.0007481359635683852,0.0007481359635683852,0.0007481359635683852,0.0007481359635683852,0.0007481359635683852,0.0007481359635683852,0.0007481359635683852,0.0007481359635683852,0.0007481359635683852,0.0007481359635683852
953,C,0.010650964618085028,0.010650964618085028,0.010650964618085028,0.010650964618085028,0.010650964618085028,0.010650964618085028,0.010650964618085028,0.010650964618085028,0.010650964618085028,0.010650964618085028,0.010650964618085028,0.010650964618085028,0.010650964618085028,0.010650964618085028,0.010650964618085028,0.010650964618085028,0.010650964618085028,0.010650964618085028,0.010650964618085028,0.010650964618085028,0.010650964618085028,0.010650964618085028,0.010650964618085028,0.010650964618085028
954,C,0.06358332606647159,0.06358332606647159,0.06358332606647159,0.06358332606647159,0.06358332606647159,0.06358332606647159,0.06358332606647159,0.06358332606647159,0.06358332606647159,0.06358332606647159,0.06358332606647159,0.06358332606647159,0.06358332606647159,0.06358332606647159,0.06358332606647159,0.06358332606647159,0.06358332606647159,0.06358332606647159,0.06358332606647159,0.06358332606647159,0.06358332606647159,0.06358332606647159,0.06358332606647159,0.06358332606647159
955,T,0.0006047327673860812,0.0006047327673860812,0.0006047327673860812,0.0006047327673860812,0.0006047327673860812,0.0006047327673860812,0.0006047327673860812,0.0006047327673860812,0.0006047327673860812,0.0006047327673860812,0.0006047327673860812,0.0006047327673860812,0.0006047327673860812,0.0006047327673860812,0.0006047327673860812,0.0006047327673860812,0.0006047327673860812,0.0006047327673860812,0.0006047327673860812,0.0006047327673860812,0.0006047327673860812,0.0006047327673860812,0.0006047327673860812,0.0006047327673860812
956,T,0.00016572412832677522,0.00016572412832677522,0.00016572412832677522,0.00016572412832677522,0.00016572412832677522,0.00016572412832677522,0.00016572412832677522,0.00016572412832677522,0.00016572412832677522,0.00016572412832677522,0.00016572412832677522,0.00016572412832677522,0.00016572412832677522,0.00016572412832677522,0.00016572412832677522,0.00016572412832677522,0.00016572412832677522,0.00016572412832677522,0.00016572412832677522,0.00016572412832677522,0.00016572412832677522,0.00016572412832677522,0.00016572412832677522,0.00016572412832677522
957,A,0.008822372985388986,0.008822372985388986,0.008822372985388986,0.008822372985388986,0.008822372985388986,0.008822372985388986,0.008822372985388986,0.008822372985388986,0.008822372985388986,0.008822372985388986,0.008822372985388986,0.008822372985388986,0.008822372985388986,0.008822372985388986,0.008822372985388986,0.008822372985388986,0.008822372985388986,0.008822372985388986,0.008822372985388986,0.008822372985388986,0.008822372985388986,0.008822372985388986,0.008822372985388986,0.008822372985388986
958,T,1.3337621496766045e-05,1.3337621496766045e-05,1.3337621496766045e-05,1.3337621496766045e-05,1.3337621496766045e-05,1.3337621496766045e-05,1.3337621496766045e-05,1.3337621496766045e-05,1.3337621496766045e-05,1.3337621496766045e-05,1.3337621496766045e-05,1.3337621496766045e-05,1.3337621496766045e-05,1.3337621496766045e-05,1.3337621496766045e-05,1.3337621496766045e-05,1.3337621496766045e-05,1.3337621496766045e-05,1.3337621496766045e-05,1.3337621496766045e-05,1.3337621496766045e-05,1.3337621496766045e-05,1.3337621496766045e-05,1.3337621496766045e-05
959,C,0.022590588751231565,0.022590588751231565,0.022590588751231565,0.022590588751231565,0.022590588751231565,0.022590588751231565,0.022590588751231565,0.022590588751231565,0.022590588751231565,0.022590588751231565,0.022590588751231565,0.022590588751231565,0.022590588751231565,0.022590588751231565,0.022590588751231565,0.022590588751231565,0.022590588751231565,0.022590588751231565,0.022590588751231565,0.022590588751231565,0.022590588751231565,0.022590588751231565,0.022590588751231565,0.022590588751231565
960,G,2.713779211232391e-11,2.713779211232391e-11,2.713779211232391e-11,2.713779211232391e-11,2.713779211232391e-11,2.713779211232391e-11,2.713779211232391e-11,2.713779211232391e-11,2.713779211232391e-11,2.713779211232391e-11,2.713779211232391e-11,2.713779211232391e-11,2.713779211232391e-11,2.713779211232391e-11,2.713779211232391e-11,2.713779211232391e-11,2.713779211232391e-11,2.713779211232391e-11,2.713779211232391e-11,2.713779211232391e-11,2.713779211232391e-11,2.713779211232391e-11,2.713779211232391e-11,2.713779211232391e-11
961,A,0.051378314040702366,0.051378314040702366,0.051378314040702366,0.051378314040702366,0.051378314040702366,0.051378314040702366,0.051378314040702366,0.051378314040702366,0.051378314040702366,0.051378314040702366,0.051378314040702366,0.051378314040702366,0.051378314040702366,0.051378314040702366,0.051378314040702366,0.051378314040702366,0.051378314040702366,0.051378314040702366,0.051378314040702366,0.051378314040702366,0.051378314040702366,0.051378314040702366,0.051378314040702366,0.051378314040702366
962,A,0.004443737691406183,0.004443737691406183,0.004443737691406183,0.004443737691406183,0.004443737691406183,0.004443737691406183,0.004443737691406183,0.004443737691406183,0.004443737691406183,0.004443737691406183,0.004443737691406183,0.004443737691406183,0.004443737691406183,0.004443737691406183,0.004443737691406183,0.004443737691406183,0.004443737691406183,0.004443737691406183,0.004443737691406183,0.004443737691406183,0.004443737691406183,0.004443737691406183,0.004443737691406183,0.004443737691406183
963,T,1.3866661870350823e-11,1.3866661870350823e-11,1.3866661870350823e-11,1.3866661870350823e-11,1.3866661870350823e-11,1.3866661870350823e-11,1.3866661870350823e-11,1.3866661870350823e-11,1.3866661870350823e-11,1.3866661870350823e-11,1.3866661870350823e-11,1.3866661870350823e-11,1.3866661870350823e-11,1.3866661870350823e-11,1.3866661870350823e-11,1.3866661870350823e-11,1.3866661870350823e-11,1.3866661870350823e-11,1.3866661870350823e-11,1.3866661870350823e-11,1.3866661870350823e-11,1.3866661870350823e-11,1.3866661870350823e-11,1.3866661870350823e-11
964,A,0.02014048219740413,0.02014048219740413,0.02014048219740413,0.02014048219740413,0.02014048219740413,0.02014048219740413,0.02014048219740413,0.02014048219740413,0.02014048219740413,0.02014048219740413,0.02014048219740413,0.02014048219740413,0.02014048219740413,0.02014048219740413,0.02014048219740413,0.02014048219740413,0.02014048219740413,0.02014048219740413,0.02014048219740413,0.02014048219740413,0.02014048219740413,0.02014048219740413,0.02014048219740413,0.02014048219740413
965,A,0.0053788191651116726,0.0053788191651116726,0.0053788191651116726,0.0053788191651116726,0.0053788191651116726,0.0053788191651116726,0.0053788191651116726,0.0053788191651116726,0.0053788191651116726,0.0053788191651116726,0.0053788191651116726,0.0053788191651116726,0.0053788191651116726,0.0053788191651116726,0.0053788191651116726,0.0053788191651116726,0.0053788191651116726,0.0053788191651116726,0.0053788191651116726,0.0053788191651116726,0.0053788191651116726,0.0053788191651116726,0.0053788191651116726,0.0053788191651116726
966,G,0.0007904369519043024,0.0007904369519043024,0.0007904369519043024,0.0007904369519043024,0.0007904369519043024,0.0007904369519043024,0.0007904369519043024,0.0007904369519043024,0.0007904369519043024,0.0007904369519043024,0.0007904369519043024,0.0007904369519043024,0.0007904369519043024,0.0007904369519043024,0.0007904369519043024,0.0007904369519043024,0.0007904369519043024,0.0007904369519043024,0.0007904369519043024,0.0007904369519043024,0.0007904369519043024,0.0007904369519043024,0.0007904369519043024,0.0007904369519043024
967,T,3.4317993643796036e-07,3.4317993643796036e-07,3.4317993643796036e-07,3.4317993643796036e-07,3.4317993643796036e-07,3.4317993643796036e-07,3.4317993643796036e-07,3.4317993643796036e-07,3.4317993643796036e-07,3.4317993643796036e-07,3.4317993643796036e-07,3.4317993643796036e-07,3.4317993643796036e-07,3.4317993643796036e-07,3.4317993643796036e-07,3.4317993643796036e-07,3.4317993643796036e-07,3.4317993643796036e-07,3.4317993643796036e-07,3.4317993643796036e-07,3.4317993643796036e-07,3.4317993643796036e-07,3.4317993643796036e-07,3.4317993643796036e-07
968,T,1.0750976470520861e-10,1.0750976470520861e-10,1.0750976470520861e-10,1.0750976470520861e-10,1.0750976470520861e-10,1.0750976470520861e-10,1.0750976470520861e-10,1.0750976470520861e-10,1.0750976470520861e-10,1.0750976470520861e-10,1.0750976470520861e-10,1.0750976470520861e-10,1.0750976470520861e-10,1.0750976470520861e-10,1.0750976470520861e-10,1.0750976470520861e-10,1.0750976470520861e-10,1.0750976470520861e-10,1.0750976470520861e-10,1.0750976470520861e-10,1.0750976470520861e-10,1.0750976470520861e-10,1.0750976470520861e-10,1.0750976470520861e-10
969,C,0.0067268186444344,0.0067268186444344,0.0067268186444344,0.0067268186444344,0.0067268186444344,0.0067268186444344,0.0067268186444344,0.0067268186444344,0.0067268186444344,0.0067268186444344,0.0067268186444344,0.0067268186444344,0.0067268186444344,0.0067268186444344,0.0067268186444344,0.0067268186444344,0.0067268186444344,0.0067268186444344,0.0067268186444344,0.0067268186444344,0.0067268186444344,0.0067268186444344,0.0067268186444344,0.0067268186444344
970,C,0.035971754557025656,0.035971754557025656,0.035971754557025656,0.035971754557025656,0.035971754557025656,0.035971754557025656,0.035971754557025656,0.035971754557025656,0.035971754557025656,0.035971754557025656,0.035971754557025656,0.035971754557025656,0.035971754557025656,0.035971754557025656,0.035971754557025656,0.035971754557025656,0.035971754557025656,0.035971754557025656,0.035971754557025656,0.035971754557025656,0.035971754557025656,0.035971754557025656,0.035971754557025656,0.035971754557025656
971,C,0.02525910278766608,0.02525910278766608,0.02525910278766608,0.02525910278766608,0.02525910278766608,0.02525910278766608,0.02525910278766608,0.02525910278766608,0.02525910278766608,0.02525910278766608,0.02525910278766608,0.02525910278766608,0.02525910278766608,0.02525910278766608,0.02525910278766608,0.02525910278766608,0.02525910278766608,0.02525910278766608,0.02525910278766608,0.02525910278766608,0.02525910278766608,0.02525910278766608,0.02525910278766608,0.02525910278766608
972,T,0.0006539992415079274,0.0006539992415079274,0.0006539992415079274,0.0006539992415079274,0.0006539992415079274,0.0006539992415079274,0.0006539992415079274,0.0006539992415079274,0.0006539992415079274,0.0006539992415079274,0.0006539992415079274,0.0006539992415079274,0.0006539992415079274,0.0006539992415079274,0.0006539992415079274,0.0006539992415079274,0.0006539992415079274,0.0006539992415079274,0.0006539992415079274,0.0006539992415079274,0.0006539992415079274,0.0006539992415079274,0.0006539992415079274,0.0006539992415079274
973,C,0.003653431318000607,0.003653431318000607,0.003653431318000607,0.003653431318000607,0.003653431318000607,0.003653431318000607,0.003653431318000607,0.003653431318000607,0.003653431318000607,0.003653431318000607,0.003653431318000607,0.003653431318000607,0.003653431318000607,0.003653431318000607,0.003653431318000607,0.003653431318000607,0.003653431318000607,0.003653431318000607,0.003653431318000607,0.003653431318000607,0.003653431318000607,0.003653431318000607,0.003653431318000607,0.003653431318000607
974,G,0.005909239730957775,0.005909239730957775,0.005909239730957775,0.005909239730957775,0.005909239730957775,0.005909239730957775,0.005909239730957775,0.005909239730957775,0.005909239730957775,0.005909239730957775,0.005909239730957775,0.005909239730957775,0.005909239730957775,0.005909239730957775,0.005909239730957775,0.005909239730957775,0.005909239730957775,0.005909239730957775,0.005909239730957775,0.005909239730957775,0.005909239730957775,0.005909239730957775,0.005909239730957775,0.005909239730957775
975,G,0.002913035220614456,0.002913035220614456,0.002913035220614456,0.002913035220614456,0.002913035220614456,0.002913035220614456,0.002913035220614456,0.002913035220614456,0.002913035220614456,0.002913035220614456,0.002913035220614456,0.002913035220614456,0.002913035220614456,0.002913035220614456,0.002913035220614456,0.002913035220614456,0.002913035220614456,0.002913035220614456,0.002913035220614456,0.002913035220614456,0.002913035220614456,0.002913035220614456,0.002913035220614456,0.002913035220614456
976,T,1.8094609065369846e-07,1.8094609065369846e-07,1.8094609065369846e-07,1.8094609065369846e-07,1.8094609065369846e-07,1.8094609065369846e-07,1.8094609065369846e-07,1.8094609065369846e-07,1.8094609065369846e-07,1.8094609065369846e-07,1.8094609065369846e-07,1.8094609065369846e-07,1.8094609065369846e-07,1.8094609065369846e-07,1.8094609065369846e-07,1.8094609065369846e-07,1.8094609065369846e-07,1.8094609065369846e-07,1.8094609065369846e-07,1.8094609065369846e-07,1.8094609065369846e-07,1.8094609065369846e-07,1.8094609065369846e-07,1.8094609065369846e-07
977,A,0.02252574749300165,0.02252574749300165,0.02252574749300165,0.02252574749300165,0.02252574749300165,0.02252574749300165,0.02252574749300165,0.02252574749300165,0.02252574749300165,0.02252574749300165,0.02252574749300165,0.02252574749300165,0.02252574749300165,0.02252574749300165,0.02252574749300165,0.02252574749300165,0.02252574749300165,0.02252574749300165,0.02252574749300165,0.02252574749300165,0.02252574749300165,0.02252574749300165,0.02252574749300165,0.02252574749300165
978,T,5.12851193697344e-10,4.867855318317178e-06,5.12851193697344e-10,4.867855318317178e-06,5.12851193697344e-10,4.867855318317178e-06,5.12851193697344e-10,4.867855318317178e-06,5.12851193697344e-10,4.867855318317178e-06,5.12851193697344e-10,4.867855318317178e-06,5.12851193697344e-10,4.867855318317178e-06,5.12851193697344e-10,4.867855318317178e-06,5.12851193697344e-10,4.867855318317178e-06,5.12851193697344e-10,4.867855318317178e-06,5.12851193697344e-10,4.867855318317178e-06,5.12851193697344e-10,4.867855318317178e-06
979,A,0.04362283119639113,0.011936367073753089,0.04362283119639113,0.011936367073753089,0.04362283119639113,0.011936367073753089,0.04362283119639113,0.011936367073753089,0.04362283119639113,0.011936367073753089,0.04362283119639113,0.011936367073753089,0.04362283119639113,0.011936367073753089,0.04362283119639113,0.011936367073753089,0.04362283119639113,0.011936367073753089,0.04362283119639113,0.011936367073753089,0.04362283119639113,0.011936367073753089,0.04362283119639113,0.011936367073753089
980,T,9.781575684468479e-11,0.00901082742308985,9.781575684468479e-11,0.00901082742308985,9.781575684468479e-11,0.00901082742308985,9.781575684468479e-11,0.00901082742308985,9.781575684468479e-11,0.00901082742308985,9.781575684468479e-11,0.00901082742308985,9.781575684468479e-11,0.00901082742308985,9.781575684468479e-11,0.00901082742308985,9.781575684468479e-11,0.00901082742308985,9.781575684468479e-11,0.00901082742308985,9.781575684468479e-11,0.00901082742308985,9.781575684468479e-11,0.00901082742308985
981,G,7.903708552962478e-06,0.002114451530521218,7.903708552962478e-06,0.002114451530521218,7.903708552962478e-06,0.002114451530521218,7.903708552962478e-06,0.002114451530521218,7.903708552962478e-06,0.002114451530521218,7.903708552962478e-06,0.002114451530521218,7.903708552962478e-06,0.002114451530521218,7.903708552962478e-06,0.002114451530521218,7.903708552962478e-06,0.002114451530521218,7.903708552962478e-06,0.002114451530521218,7.903708552962478e-06,0.002114451530521218,7.903708552962478e-06,0.002114451530521218
982,A,0.013579421076547499,0.05164867895695973,0.013579421076547499,0.05164867895695973,0.013579421076547499,0.05164867895695973,0.013579421076547499,0.05164867895695973,0.013579421076547499,0.05164867895695973,0.013579421076547499,0.05164867895695973,0.013579421076547499,0.05164867895695973,0.013579421076547499,0.05164867895695973,0.013579421076547499,0.05164867895695973,0.013579421076547499,0.05164867895695973,0.013579421076547499,0.05164867895695973,0.013579421076547499,0.05164867895695973
983,A,0.03579557416793529,0.009630950171853973,0.03579557416793529,0.009630950171853973,0.03579557416793529,0.009630950171853973,0.03579557416793529,0.009630950171853973,0.03579557416793529,0.009630950171853973,0.03579557416793529,0.009630950171853973,0.03579557416793529,0.009630950171853973,0.03579557416793529,0.009630950171853973,0.03579557416793529,0.009630950171853973,0.03579557416793529,0.009630950171853973,0.03579557416793529,0.009630950171853973,0.03579557416793529,0.009630950171853973
984,T,0.00032973667099282366,0.009574525331571037,0.00032973667099282366,0.009574525331571037,0.00032973667099282366,0.009574525331571037,0.00032973667099282366,0.009574525331571037,0.00032973667099282366,0.009574525331571037,0.00032973667099282366,0.009574525331571037,0.00032973667099282366,0.009574525331571037,0.00032973667099282366,0.009574525331571037,0.00032973667099282366,0.009574525331571037,0.00032973667099282366,0.009574525331571037,0.00032973667099282366,0.009574525331571037,0.00032973667099282366,0.009574525331571037
985,G,0.0001000815104313406,8.293098099725521e-05,0.0001000815104313406,8.293098099725521e-05,0.0001000815104313406,8.293098099725521e-05,0.0001000815104313406,8.293098099725521e-05,0.0001000815104313406,8.293098099725521e-05,0.0001000815104313406,8.293098099725521e-05,0.0001000815104313406,8.293098099725521e-05,0.0001000815104313406,8.293098099725521e-05,0.0001000815104313406,8.293098099725521e-05,0.0001000815104313406,8.293098099725521e-05,0.0001000815104313406,8.293098099725521e-05,0.0001000815104313406,8.293098099725521e-05
986,T,4.4036162122039944e-05,0.00025306300469870105,4.4036162122039944e-05,0.00025306300469870105,4.4036162122039944e-05,0.00025306300469870105,4.4036162122039944e-05,0.00025306300469870105,4.4036162122039944e-05,0.00025306300469870105,4.4036162122039944e-05,0.00025306300469870105,4.4036162122039944e-05,0.00025306300469870105,4.4036162122039944e-05,0.00025306300469870105,4.4036162122039944e-05,0.00025306300469870105,4.4036162122039944e-05,0.00025306300469870105,4.4036162122039944e-05,0.00025306300469870105,4.4036162122039944e-05,0.00025306300469870105
987,G,1.9818637588229543e-05,6.431721104554281e-07,1.9818637588229543e-05,6.431721104554281e-07,1.9818637588229543e-05,6.431721104554281e-07,1.9818637588229543e-05,6.431721104554281e-07,1.9818637588229543e-05,6.431721104554281e-07,1.9818637588229543e-05,6.431721104554281e-07,1.9818637588229543e-05,6.431721104554281e-07,1.9818637588229543e-05,6.431721104554281e-07,1.9818637588229543e-05,6.431721104554281e-07,1.9818637588229543e-05,6.431721104554281e-07,1.9818637588229543e-05,6.431721104554281e-07,1.9818637588229543e-05,6.431721104554281e-07
988,G,0.0011651210845340057,0.0008160623482330248,0.0011651210845340057,0.0008160623482330248,0.0011651210845340057,0.0008160623482330248,0.0011651210845340057,0.0008160623482330248,0.0011651210845340057,0.0008160623482330248,0.0011651210845340057,0.0008160623482330248,0.0011651210845340057,0.0008160623482330248,0.0011651210845340057,0.0008160623482330248,0.0011651210845340057,0.0008160623482330248,0.0011651210845340057,0.0008160623482330248,0.0011651210845340057,0.0008160623482330248,0.0011651210845340057,0.0008160623482330248
989,G,0.00010441371909773907,1.272596130522569e-07,0.00010441371909773907,1.272596130522569e-07,0.00010441371909773907,1.272596130522569e-07,0.00010441371909773907,1.272596130522569e-07,0.00010441371909773907,1.272596130522569e-07,0.00010441371909773907,1.272596130522569e-07,0.00010441371909773907,1.272596130522569e-07,0.00010441371909773907,1.272596130522569e-07,0.00010441371909773907,1.272596130522569e-07,0.00010441371909773907,1.272596130522569e-07,0.00010441371909773907,1.272596130522569e-07,0.00010441371909773907,1.272596130522569e-07
990,C,0.021304168263960813,0.004710509739366108,0.021304168263960813,0.004710509739366108,0.021304168263960813,0.004710509739366108,0.021304168263960813,0.004710509739366108,0.021304168263960813,0.004710509739366108,0.021304168263960813,0.004710509739366108,0.021304168263960813,0.004710509739366108,0.021304168263960813,0.004710509739366108,0.021304168263960813,0.004710509739366108,0.021304168263960813,0.004710509739366108,0.021304168263960813,0.004710509739366108,0.021304168263960813,0.004710509739366108
991,A,0.006224878621272821,0.035251850368617,0.006224878621272821,0.035251850368617,0.006224878621272821,0.035251850368617,0.006224878621272821,0.035251850368617,0.006224878621272821,0.035251850368617,0.006224878621272821,0.035251850368617,0.006224878621272821,0.035251850368617,0.006224878621272821,0.035251850368617,0.006224878621272821,0.035251850368617,0.006224878621272821,0.035251850368617,0.006224878621272821,0.035251850368617,0.006224878621272821,0.035251850368617
992,C,0.007633081425538678,0.03109847872113636,0.007633081425538678,0.03109847872113636,0.007633081425538678,0.03109847872113636,0.007633081425538678,0.03109847872113636,0.007633081425538678,0.03109847872113636,0.007633081425538678,0.03109847872113636,0.007633081425538678,0.03109847872113636,0.007633081425538678,0.03109847872113636,0.007633081425538678,0.03109847872113636,0.007633081425538678,0.03109847872113636,0.007633081425538678,0.03109847872113636,0.007633081425538678,0.03109847872113636
993,C,0.047602919293139485,0.03499378339175036,0.047602919293139485,0.03499378339175036,0.047602919293139485,0.03499378339175036,0.047602919293139485,0.03499378339175036,0.047602919293139485,0.03499378339175036,0.047602919293139485,0.03499378339175036,0.047602919293139485,0.03499378339175036,0.047602919293139485,0.03499378339175036,0.047602919293139485,0.03499378339175036,0.047602919293139485,0.03499378339175036,0.047602919293139485,0.03499378339175036,0.047602919293139485,0.03499378339175036
994,T,2.819750371321522e-19,5.270335589189707e-18,2.819750371321522e-19,5.270335589189707e-18,2.819750371321522e-19,5.270335589189707e-18,2.819750371321522e-19,5.270335589189707e-18,2.819750371321522e-19,5.270335589189707e-18,2.819750371321522e-19,5.270335589189707e-18,2.819750371321522e-19,5.270335589189707e-18,2.819750371321522e-19,5.270335589189707e-18,2.819750371321522e-19,5.270335589189707e-18,2.819750371321522e-19,5.270335589189707e-18,2.819750371321522e-19,5.270335589189707e-18,2.819750371321522e-19,5.270335589189707e-18
995,T,3.5798008336860954e-12,1.248303997475594e-07,3.5798008336860954e-12,1.248303997475594e-07,3.5798008336860954e-12,1.248303997475594e-07,3.5798008336860954e-12,1.248303997475594e-07,3.5798008336860954e-12,1.248303997475594e-07,3.5798008336860954e-12,1.248303997475594e-07,3.5798008336860954e-12,1.248303997475594e-07,3.5798008336860954e-12,1.248303997475594e-07,3.5798008336860954e-12,1.248303997475594e-07,3.5798008336860954e-12,1.248303997475594e-07,3.5798008336860954e-12,1.248303997475594e-07,3.5798008336860954e-12,1.248303997475594e-07
996,T,2.2673186154588558e-05,1.8416954237524157e-06,2.2673186154588558e-05,1.8416954237524157e-06,2.2673186154588558e-05,1.8416954237524157e-06,2.2673186154588558e-05,1.8416954237524157e-06,2.2673186154588558e-05,1.8416954237524157e-06,2.2673186154588558e-05,1.8416954237524157e-06,2.2673186154588558e-05,1.8416954237524157e-06,2.2673186154588558e-05,1.8416954237524157e-06,2.2673186154588558e-05,1.8416954237524157e-06,2.2673186154588558e-05,1.8416954237524157e-06,2.2673186154588558e-05,1.8416954237524157e-06,2.2673186154588558e-05,1.8416954237524157e-06
997,G,0.007842313749456436,0.016381838319420285,0.007842313749456436,0.016381838319420285,0.007842313749456436,0.016381838319420285,0.007842313749456436,0.016381838319420285,0.007842313749456436,0.016381838319420285,0.007842313749456436,0.016381838319420285,0.007842313749456436,0.016381838319420285,0.007842313749456436,0.016381838319420285,0.007842313749456436,0.016381838319420285,0.007842313749456436,0.016381838319420285,0.007842313749456436,0.016381838319420285,0.007842313749456436,0.016381838319420285
998,C,0.022757163694866432,0.00914765720857684,0.022757163694866432,0.00914765720857684,0.022757163694866432,0.00914765720857684,0.022757163694866432,0.00914765720857684,0.022757163694866432,0.00914765720857684,0.022757163694866432,0.00914765720857684,0.022757163694866432,0.00914765720857684,0.022757163694866432,0.00914765720857684,0.022757163694866432,0.00914765720857684,0.022757163694866432,0.00914765720857684,0.022757163694866432,0.00914765720857684,0.022757163694866432,0.00914765720857684
999,G,0.0008631747868669973,0.0010817455262087407,0.0008631747868669973,0.0010817455262087407,0.0008631747868669973,0.0010817455262087407,0.0008631747868669973,0.0010817455262087407,0.0008631747868669973,0.0010817455262087407,0.0008631747868669973,0.0010817455262087407,0.0008631747868669973,0.0010817455262087407,0.0008631747868669973,0.0010817455262087407,0.0008631747868669973,0.0010817455262087407,0.0008631747868669973,0.0010817455262087407,0.0008631747868669973,0.0010817455262087407,0.0008631747868669973,0.0010817455262087407
1000,A,0.053766275281692165,0.053766275281692165,0.053766275281692165,0.053766275281692165,0.053766275281692165,0.053766275281692165,0.053766275281692165,0.053766275281692165,0.053766275281692165,0.053766275281692165,0.053766275281692165,0.053766275281692165,0.053766275281692165,0.053766275281692165,0.053766275281692165,0.053766275281692165,0.053766275281692165,0.053766275281692165,0.053766275281692165,0.053766275281692165,0.053766275281692165,0.053766275281692165,0.053766275281692165,0.053766275281692165
1001,T,1.2987319415245857e-15,1.2987319415245857e-15,1.2987319415245857e-15,1.2987319415245857e-15,1.2987319415245857e-15,1.2987319415245857e-15,1.2987319415245857e-15,1.2987319415245857e-15,1.2987319415245857e-15,1.2987319415245857e-15,1.2987319415245857e-15,1.2987319415245857e-15,1.2987319415245857e-15,1.2987319415245857e-15,1.2987319415245857e-15,1.2987319415245857e-15,1.2987319415245857e-15,1.2987319415245857e-15,1.2987319415245857e-15,1.2987319415245857e-15,1.2987319415245857e-15,1.2987319415245857e-15,1.2987319415245857e-15,1.2987319415245857e-15
1002,C,0.08734521851848004,0.08734521851848004,0.08734521851848004,0.08734521851848004,0.08734521851848004,0.08734521851848004,0.08734521851848004,0.08734521851848004,0.08734521851848004,0.08734521851848004,0.08734521851848004,0.08734521851848004,0.08734521851848004,0.08734521851848004,0.08734521851848004,0.08734521851848004,0.08734521851848004,0.08734521851848004,0.08734521851848004,0.08734521851848004,0.08734521851848004,0.08734521851848004,0.08734521851848004,0.08734521851848004
1003,A,0.10565945858197383,0.10565945858197383,0.10565945858197383,0.10565945858197383,0.10565945858197383,0.10565945858197383,0.10565945858197383,0.10565945858197383,0.10565945858197383,0.10565945858197383,0.10565945858197383,0.10565945858197383,0.10565945858197383,0.10565945858197383,0.10565945858197383,0.10565945858197383,0.10565945858197383,0.10565945858197383,0.10565945858197383,0.10565945858197383,0.10565945858197383,0.10565945858197383,0.10565945858197383,0.10565945858197383
1004,T,0.00010008226157162598,0.00010008226157162598,0.00010008226157162598,0.00010008226157162598,0.00010008226157162598,0.00010008226157162598,0.00010008226157162598,0.00010008226157162598,0.00010008226157162598,0.00010008226157162598,0.00010008226157162598,0.00010008226157162598,0.00010008226157162598,0.00010008226157162598,0.00010008226157162598,0.00010008226157162598,0.00010008226157162598,0.00010008226157162598,0.00010008226157162598,0.00010008226157162598,0.00010008226157162598,0.00010008226157162598,0.00010008226157162598,0.00010008226157162598
1005,C,0.015934359231744473,0.015934359231744473,0.015934359231744473,0.015934359231744473,0.015934359231744473,0.015934359231744473,0.015934359231744473,0.015934359231744473,0.015934359231744473,0.015934359231744473,0.015934359231744473,0.015934359231744473,0.015934359231744473,0.015934359231744473,0.015934359231744473,0.015934359231744473,0.015934359231744473,0.015934359231744473,0.015934359231744473,0.015934359231744473,0.015934359231744473,0.015934359231744473,0.015934359231744473,0.015934359231744473
1006,A,0.08908787695183398,0.08908787695183398,0.08908787695183398,0.08908787695183398,0.08908787695183398,0.08908787695183398,0.08908787695183398,0.08908787695183398,0.08908787695183398,0.08908787695183398,0.08908787695183398,0.08908787695183398,0.08908787695183398,0.08908787695183398,0.08908787695183398,0.08908787695183398,0.08908787695183398,0.08908787695183398,0.08908787695183398,0.08908787695183398,0.08908787695183398,0.08908787695183398,0.08908787695183398,0.08908787695183398
1007,G,0.00042466160355387897,0.00042466160355387897,0.00042466160355387897,0.00042466160355387897,0.00042466160355387897,0.00042466160355387897,0.00042466160355387897,0.00042466160355387897,0.00042466160355387897,0.00042466160355387897,0.00042466160355387897,0.00042466160355387897,0.00042466160355387897,0.00042466160355387897,0.00042466160355387897,0.00042466160355387897,0.00042466160355387897,0.00042466160355387897,0.00042466160355387897,0.00042466160355387897,0.00042466160355387897,0.00042466160355387897,0.00042466160355387897,0.00042466160355387897
1008,C,0.03788172071696325,0.03788172071696325,0.03788172071696325,0.03788172071696325,0.03788172071696325,0.03788172071696325,0.03788172071696325,0.03788172071696325,0.03788172071696325,0.03788172071696325,0.03788172071696325,0.03788172071696325,0.03788172071696325,0.03788172071696325,0.03788172071696325,0.03788172071696325,0.03788172071696325,0.03788172071696325,0.03788172071696325,0.03788172071696325,0.03788172071696325,0.03788172071696325,0.03788172071696325,0.03788172071696325
1009,A,0.0032210290718003853,0.0032210290718003853,0.0032210290718003853,0.0032210290718003853,0.0032210290718003853,0.0032210290718003853,0.0032210290718003853,0.0032210290718003853,0.0032210290718003853,0.0032210290718003853,0.0032210290718003853,0.0032210290718003853,0.0032210290718003853,0.0032210290718003853,0.0032210290718003853,0.0032210290718003853,0.0032210290718003853,0.0032210290718003853,0.0032210290718003853,0.0032210290718003853,0.0032210290718003853,0.0032210290718003853,0.0032210290718003853,0.0032210290718003853
1010,C,0.02848194182351828,0.02848194182351828,0.02848194182351828,0.02848194182351828,0.02848194182351828,0.02848194182351828,0.02848194182351828,0.02848194182351828,0.02848194182351828,0.02848194182351828,0.02848194182351828,0.02848194182351828,0.02848194182351828,0.02848194182351828,0.02848194182351828,0.02848194182351828,0.02848194182351828,0.02848194182351828,0.02848194182351828,0.02848194182351828,0.02848194182351828,0.02848194182351828,0.02848194182351828,0.02848194182351828
1011,C,0.0561092455204736,0.0561092455204736,0.0561092455204736,0.0561092455204736,0.0561092455204736,0.0561092455204736,0.0561092455204736,0.0561092455204736,0.0561092455204736,0.0561092455204736,0.0561092455204736,0.0561092455204736,0.0561092455204736,0.0561092455204736,0.0561092455204736,0.0561092455204736,0.0561092455204736,0.0561092455204736,0.0561092455204736,0.0561092455204736,0.0561092455204736,0.0561092455204736,0.0561092455204736,0.0561092455204736
1012,T,2.896735975803528e-11,2.896735975803528e-11,2.896735975803528e-11,2.896735975803528e-11,2.896735975803528e-11,2.896735975803528e-11,2.896735975803528e-11,2.896735975803528e-11,2.896735975803528e-11,2.896735975803528e-11,2.896735975803528e-11,2.896735975803528e-11,2.896735975803528e-11,2.896735975803528e-11,2.896735975803528e-11,2.896735975803528e-11,2.896735975803528e-11,2.896735975803528e-11,2.896735975803528e-11,2.896735975803528e-11,2.896735975803528e-11,2.896735975803528e-11,2.896735975803528e-11,2.896735975803528e-11
1013,A,0.038495779258952645,0.038495779258952645,0.038495779258952645,0.038495779258952645,0.038495779258952645,0.038495779258952645,0.038495779258952645,0.038495779258952645,0.038495779258952645,0.038495779258952645,0.038495779258952645,0.038495779258952645,0.038495779258952645,0.038495779258952645,0.038495779258952645,0.038495779258952645,0.038495779258952645,0.038495779258952645,0.038495779258952645,0.038495779258952645,0.038495779258952645,0.038495779258952645,0.038495779258952645,0.038495779258952645
1014,A,0.04816618481350874,0.04816618481350874,0.04816618481350874,0.04816618481350874,0.04816618481350874,0.04816618481350874,0.04816618481350874,0.04816618481350874,0.04816618481350874,0.04816618481350874,0.04816618481350874,0.04816618481350874,0.04816618481350874,0.04816618481350874,0.04816618481350874,0.04816618481350874,0.04816618481350874,0.04816618481350874,0.04816618481350874,0.04816618481350874,0.04816618481350874,0.04816618481350874,0.04816618481350874,0.04816618481350874
1015,G,0.007677807644352348,0.007677807644352348,0.007677807644352348,0.007677807644352348,0.007677807644352348,0.007677807644352348,0.007677807644352348,0.007677807644352348,0.007677807644352348,0.007677807644352348,0.007677807644352348,0.007677807644352348,0.007677807644352348,0.007677807644352348,0.007677807644352348,0.007677807644352348,0.007677807644352348,0.007677807644352348,0.007677807644352348,0.007677807644352348,0.007677807644352348,0.007677807644352348,0.007677807644352348,0.007677807644352348
1016,T,7.886147838150811e-12,7.886147838150811e-12,7.886147838150811e-12,7.886147838150811e-12,7.886147838150811e-12,7.886147838150811e-12,7.886147838150811e-12,7.886147838150811e-12,7.886147838150811e-12,7.886147838150811e-12,7.886147838150811e-12,7.886147838150811e-12,7.886147838150811e-12,7.886147838150811e-12,7.886147838150811e-12,7.886147838150811e-12,7.886147838150811e-12,7.886147838150811e-12,7.886147838150811e-12,7.886147838150811e-12,7.886147838150811e-12,7.886147838150811e-12,7.886147838150811e-12,7.886147838150811e-12
1017,G,0.012871509502794394,0.012871509502794394,0.012871509502794394,0.012871509502794394,0.012871509502794394,0.012871509502794394,0.012871509502794394,0.012871509502794394,0.012871509502794394,0.012871509502794394,0.012871509502794394,0.012871509502794394,0.012871509502794394,0.012871509502794394,0.012871509502794394,0.012871509502794394,0.012871509502794394,0.012871509502794394,0.012871509502794394,0.012871509502794394,0.012871509502794394,0.012871509502794394,0.012871509502794394,0.012871509502794394
1018,T,1.9567009434146418e-08,1.9567009434146418e-08,1.9567009434146418e-08,1.9567009434146418e-08,1.9567009434146418e-08,1.9567009434146418e-08,1.9567009434146418e-08,1.9567009434146418e-08,1.9567009434146418e-08,1.9567009434146418e-08,1.9567009434146418e-08,1.9567009434146418e-08,1.9567009434146418e-08,1.9567009434146418e-08,1.9567009434146418e-08,1.9567009434146418e-08,1.9567009434146418e-08,1.9567009434146418e-08,1.9567009434146418e-08,1.9567009434146418e-08,1.9567009434146418e-08,1.9567009434146418e-08,1.9567009434146418e-08,1.9567009434146418e-08
1019,G,0.003958922652251674,0.003958922652251674,0.003958922652251674,0.003958922652251674,0.003958922652251674,0.003958922652251674,0.003958922652251674,0.003958922652251674,0.003958922652251674,0.003958922652251674,0.003958922652251674,0.003958922652251674,0.003958922652251674,0.003958922652251674,0.003958922652251674,0.003958922652251674,0.003958922652251674,0.003958922652251674,0.003958922652251674,0.003958922652251674,0.003958922652251674,0.003958922652251674,0.003958922652251674,0.003958922652251674
1020,A,0.003880464010263485,0.003880464010263485,0.003880464010263485,0.003880464010263485,0.003880464010263485,0.003880464010263485,0.003880464010263485,0.003880464010263485,0.003880464010263485,0.003880464010263485,0.003880464010263485,0.003880464010263485,0.003880464010263485,0.003880464010263485,0.003880464010263485,0.003880464010263485,0.003880464010263485,0.003880464010263485,0.003880464010263485,0.003880464010263485,0.003880464010263485,0.003880464010263485,0.003880464010263485,0.003880464010263485
1021,G,0.000339567365876095,0.000339567365876095,0.000339567365876095,0.000339567365876095,0.000339567365876095,0.000339567365876095,0.000339567365876095,0.000339567365876095,0.000339567365876095,0.000339567365876095,0.000339567365876095,0.000339567365876095,0.000339567365876095,0.000339567365876095,0.000339567365876095,0.000339567365876095,0.000339567365876095,0.000339567365876095,0.000339567365876095,0.000339567365876095,0.000339567365876095,0.000339567365876095,0.000339567365876095,0.000339567365876095
1022,G,0.00011083046477757603,0.00011083046477757603,0.00011083046477757603,0.00011083046477757603,0.00011083046477757603,0.00011083046477757603,0.00011083046477757603,0.00011083046477757603,0.00011083046477757603,0.00011083046477757603,0.00011083046477757603,0.00011083046477757603,0.00011083046477757603,0.00011083046477757603,0.00011083046477757603,0.00011083046477757603,0.00011083046477757603,0.00011083046477757603,0.00011083046477757603,0.00011083046477757603,0.00011083046477757603,0.00011083046477757603,0.00011083046477757603,0.00011083046477757603
1023,T,5.540460581936736e-05,5.540460581936736e-05,5.540460581936736e-05,5.540460581936736e-05,5.540460581936736e-05,5.540460581936736e-05,5.540460581936736e-05,5.540460581936736e-05,5.540460581936736e-05,5.540460581936736e-05,5.540460581936736e-05,5.540460581936736e-05,5.540460581936736e-05,5.540460581936736e-05,5.540460581936736e-05,5.540460581936736e-05,5.540460581936736e-05,5.540460581936736e-05,5.540460581936736e-05,5.540460581936736e-05,5.540460581936736e-05,5.540460581936736e-05,5.540460581936736e-05,5.540460581936736e-05
1024,C,0.03383242028858839,0.03383242028858839,0.03383242028858839,0.03383242028858839,0.03383242028858839,0.03383242028858839,0.03383242028858839,0.03383242028858839,0.03383242028858839,0.03383242028858839,0.03383242028858839,0.03383242028858839,0.03383242028858839,0.03383242028858839,0.03383242028858839,0.03383242028858839,0.03383242028858839,0.03383242028858839,0.03383242028858839,0.03383242028858839,0.03383242028858839,0.03383242028858839,0.03383242028858839,0.03383242028858839
1025,A,0.020131532984418138,0.020131532984418138,0.020131532984418138,0.020131532984418138,0.020131532984418138,0.020131532984418138,0.020131532984418138,0.020131532984418138,0.020131532984418138,0.020131532984418138,0.020131532984418138,0.020131532984418138,0.020131532984418138,0.020131532984418138,0.020131532984418138,0.020131532984418138,0.020131532984418138,0.020131532984418138,0.020131532984418138,0.020131532984418138,0.020131532984418138,0.020131532984418138,0.020131532984418138,0.020131532984418138
1026,C,0.01870205283407598,0.01870205283407598,0.01870205283407598,0.01870205283407598,0.01870205283407598,0.01870205283407598,0.01870205283407598,0.01870205283407598,0.01870205283407598,0.01870205283407598,0.01870205283407598,0.01870205283407598,0.01870205283407598,0.01870205283407598,0.01870205283407598,0.01870205283407598,0.01870205283407598,0.01870205283407598,0.01870205283407598,0.01870205283407598,0.01870205283407598,0.01870205283407598,0.01870205283407598,0.01870205283407598
1027,G,1.1102496563667401e-12,1.1102496563667401e-12,1.1102496563667401e-12,1.1102496563667401e-12,1.1102496563667401e-12,1.1102496563667401e-12,1.1102496563667401e-12,1.1102496563667401e-12,1.1102496563667401e-12,1.1102496563667401e-12,1.1102496563667401e-12,1.1102496563667401e-12,1.1102496563667401e-12,1.1102496563667401e-12,1.1102496563667401e-12,1.1102496563667401e-12,1.1102496563667401e-12,1.1102496563667401e-12,1.1102496563667401e-12,1.1102496563667401e-12,1.1102496563667401e-12,1.1102496563667401e-12,1.1102496563667401e-12,1.1102496563667401e-12
1028,A,0.03310009383998438,0.03310009383998438,0.03310009383998438,0.03310009383998438,0.03310009383998438,0.03310009383998438,0.03310009383998438,0.03310009383998438,0.03310009383998438,0.03310009383998438,0.03310009383998438,0.03310009383998438,0.03310009383998438,0.03310009383998438,0.03310009383998438,0.03310009383998438,0.03310009383998438,0.03310009383998438,0.03310009383998438,0.03310009383998438,0.03310009383998438,0.03310009383998438,0.03310009383998438,0.03310009383998438
1029,G,4.2147361161745555e-06,4.2147361161745555e-06,4.2147361161745555e-06,4.2147361161745555e-06,4.2147361161745555e-06,4.2147361161745555e-06,4.2147361161745555e-06,4.2147361161745555e-06,4.2147361161745555e-06,4.2147361161745555e-06,4.2147361161745555e-06,4.2147361161745555e-06,4.2147361161745555e-06,4.2147361161745555e-06,4.2147361161745555e-06,4.2147361161745555e-06,4.2147361161745555e-06,4.2147361161745555e-06,4.2147361161745555e-06,4.2147361161745555e-06,4.2147361161745555e-06,4.2147361161745555e-06,4.2147361161745555e-06,4.2147361161745555e-06
1030,T,4.025564657356616e-41,4.025564657356616e-41,4.025564657356616e-41,4.025564657356616e-41,4.025564657356616e-41,4.025564657356616e-41,4.025564657356616e-41,4.025564657356616e-41,4.025564657356616e-41,4.025564657356616e-41,4.025564657356616e-41,4.025564657356616e-41,4.025564657356616e-41,4.025564657356616e-41,4.025564657356616e-41,4.025564657356616e-41,4.025564657356616e-41,4.025564657356616e-41,4.025564657356616e-41,4.025564657356616e-41,4.025564657356616e-41,4.025564657356616e-41,4.025564657356616e-41,4.025564657356616e-41
1031,A,0.002647282937540812,0.002647282937540812,0.002647282937540812,0.002647282937540812,0.002647282937540812,0.002647282937540812,0.002647282937540812,0.002647282937540812,0.002647282937540812,0.002647282937540812,0.002647282937540812,0.002647282937540812,0.002647282937540812,0.002647282937540812,0.002647282937540812,0.002647282937540812,0.002647282937540812,0.002647282937540812,0.002647282937540812,0.002647282937540812,0.002647282937540812,0.002647282937540812,0.002647282937540812,0.002647282937540812
1032,T,6.444203792583665e-07,6.444203792583665e-07,6.444203792583665e-07,6.444203792583665e-07,6.444203792583665e-07,6.444203792583665e-07,6.444203792583665e-07,6.444203792583665e-07,6.444203792583665e-07,6.444203792583665e-07,6.444203792583665e-07,6.444203792583665e-07,6.444203792583665e-07,6.444203792583665e-07,6.444203792583665e-07,6.444203792583665e-07,6.444203792583665e-07,6.444203792583665e-07,6.444203792583665e-07,6.444203792583665e-07,6.444203792583665e-07,6.444203792583665e-07,6.444203792583665e-07,6.444203792583665e-07
1033,T,5.0667127490540565e-06,5.0667127490540565e-06,5.0667127490540565e-06,5.0667127490540565e-06,5.0667127490540565e-06,5.0667127490540565e-06,5.0667127490540565e-06,5.0667127490540565e-06,5.0667127490540565e-06,5.0667127490540565e-06,5.0667127490540565e-06,5.0667127490540565e-06,5.0667127490540565e-06,5.0667127490540565e-06,5.0667127490540565e-06,5.0667127490540565e-06,5.0667127490540565e-06,5.0667127490540565e-06,5.0667127490540565e-06,5.0667127490540565e-06,5.0667127490540565e-06,5.0667127490540565e-06,5.0667127490540565e-06,5.0667127490540565e-06
1034,T,0.0010706708316813,0.0010706708316813,0.0010706708316813,0.0010706708316813,0.0010706708316813,0.0010706708316813,0.0010706708316813,0.0010706708316813,0.0010706708316813,0.0010706708316813,0.0010706708316813,0.0010706708316813,0.0010706708316813,0.0010706708316813,0.0010706708316813,0.0010706708316813,0.0010706708316813,0.0010706708316813,0.0010706708316813,0.0010706708316813,0.0010706708316813,0.0010706708316813,0.0010706708316813,0.0010706708316813
1035,T,0.00034767047090359374,0.00034767047090359374,0.00034767047090359374,0.00034767047090359374,0.00034767047090359374,0.00034767047090359374,0.00034767047090359374,0.00034767047090359374,0.00034767047090359374,0.00034767047090359374,0.00034767047090359374,0.00034767047090359374,0.00034767047090359374,0.00034767047090359374,0.00034767047090359374,0.00034767047090359374,0.00034767047090359374,0.00034767047090359374,0.00034767047090359374,0.00034767047090359374,0.00034767047090359374,0.00034767047090359374,0.00034767047090359374,0.00034767047090359374
1036,A,0.007394321625213677,0.007394321625213677,0.007394321625213677,0.007394321625213677,0.007394321625213677,0.007394321625213677,0.007394321625213677,0.007394321625213677,0.007394321625213677,0.007394321625213677,0.007394321625213677,0.007394321625213677,0.007394321625213677,0.007394321625213677,0.007394321625213677,0.007394321625213677,0.007394321625213677,0.007394321625213677,0.007394321625213677,0.007394321625213677,0.007394321625213677,0.007394321625213677,0.007394321625213677,0.007394321625213677
1037,C,0.006014925661419694,0.006014925661419694,0.006014925661419694,0.006014925661419694,0.006014925661419694,0.006014925661419694,0.006014925661419694,0.006014925661419694,0.006014925661419694,0.006014925661419694,0.006014925661419694,0.006014925661419694,0.006014925661419694,0.006014925661419694,0.006014925661419694,0.006014925661419694,0.006014925661419694,0.006014925661419694,0.006014925661419694,0.006014925661419694,0.006014925661419694,0.006014925661419694,0.006014925661419694,0.006014925661419694
1038,G,0.001431743177098333,0.001431743177098333,0.001431743177098333,0.001431743177098333,0.001431743177098333,0.001431743177098333,0.001431743177098333,0.001431743177098333,0.001431743177098333,0.001431743177098333,0.001431743177098333,0.001431743177098333,0.001431743177098333,0.001431743177098333,0.001431743177098333,0.001431743177098333,0.001431743177098333,0.001431743177098333,0.001431743177098333,0.001431743177098333,0.001431743177098333,0.001431743177098333,0.001431743177098333,0.001431743177098333
1039,G,1.1455733574142636e-05,1.1455733574142636e-05,1.1455733574142636e-05,1.1455733574142636e-05,1.1455733574142636e-05,1.1455733574142636e-05,1.1455733574142636e-05,1.1455733574142636e-05,1.1455733574142636e-05,1.1455733574142636e-05,1.1455733574142636e-05,1.1455733574142636e-05,1.1455733574142636e-05,1.1455733574142636e-05,1.1455733574142636e-05,1.1455733574142636e-05,1.1455733574142636e-05,1.1455733574142636e-05,1.1455733574142636e-05,1.1455733574142636e-05,1.1455733574142636e-05,1.1455733574142636e-05,1.1455733574142636e-05,1.1455733574142636e-05
1040,G,0.007046180205961211,0.007046180205961211,0.007046180205961211,0.007046180205961211,0.007046180205961211,0.007046180205961211,0.007046180205961211,0.007046180205961211,0.007046180205961211,0.007046180205961211,0.007046180205961211,0.007046180205961211,0.007046180205961211,0.007046180205961211,0.007046180205961211,0.007046180205961211,0.007046180205961211,0.007046180205961211,0.007046180205961211,0.007046180205961211,0.007046180205961211,0.007046180205961211,0.007046180205961211,0.007046180205961211
1041,T,0.033678508560597814,0.033678508560597814,0.033678508560597814,0.033678508560597814,0.033678508560597814,0.033678508560597814,0.033678508560597814,0.033678508560597814,0.033678508560597814,0.033678508560597814,0.033678508560597814,0.033678508560597814,0.033678508560597814,0.033678508560597814,0.033678508560597814,0.033678508560597814,0.033678508560597814,0.033678508560597814,0.033678508560597814,0.033678508560597814,0.033678508560597814,0.033678508560597814,0.033678508560597814,0.033678508560597814
1042,C,0.002517779618630459,0.002517779618630459,0.002517779618630459,0.002517779618630459,0.002517779618630459,0.002517779618630459,0.002517779618630459,0.002517779618630459,0.002517779618630459,0.002517779618630459,0.002517779618630459,0.002517779618630459,0.002517779618630459,0.002517779618630459,0.002517779618630459,0.002517779618630459,0.002517779618630459,0.002517779618630459,0.002517779618630459,0.002517779618630459,0.002517779618630459,0.002517779618630459,0.002517779618630459,0.002517779618630459
1043,C,0.023419914262520113,0.023419914262520113,0.023419914262520113,0.023419914262520113,0.023419914262520113,0.023419914262520113,0.023419914262520113,0.023419914262520113,0.023419914262520113,0.023419914262520113,0.023419914262520113,0.023419914262520113,0.023419914262520113,0.023419914262520113,0.023419914262520113,0.023419914262520113,0.023419914262520113,0.023419914262520113,0.023419914262520113,0.023419914262520113,0.023419914262520113,0.023419914262520113,0.023419914262520113,0.023419914262520113
1044,A,0.0034716914462640954,0.0034716914462640954,0.0034716914462640954,0.0034716914462640954,0.0034716914462640954,0.0034716914462640954,0.0034716914462640954,0.0034716914462640954,0.0034716914462640954,0.0034716914462640954,0.0034716914462640954,0.0034716914462640954,0.0034716914462640954,0.0034716914462640954,0.0034716914462640954,0.0034716914462640954,0.0034716914462640954,0.0034716914462640954,0.0034716914462640954,0.0034716914462640954,0.0034716914462640954,0.0034716914462640954,0.0034716914462640954,0.0034716914462640954
1045,A,0.006780647838331722,0.006780647838331722,0.006780647838331722,0.006780647838331722,0.006780647838331722,0.006780647838331722,0.006780647838331722,0.006780647838331722,0.006780647838331722,0.006780647838331722,0.006780647838331722,0.006780647838331722,0.006780647838331722,0.006780647838331722,0.006780647838331722,0.006780647838331722,0.006780647838331722,0.006780647838331722,0.006780647838331722,0.006780647838331722,0.006780647838331722,0.006780647838331722,0.006780647838331722,0.006780647838331722
1046,G,0.0003283349829617378,0.0003283349829617378,0.0003283349829617378,0.0003283349829617378,0.0003283349829617378,0.0003283349829617378,0.0003283349829617378,0.0003283349829617378,0.0003283349829617378,0.0003283349829617378,0.0003283349829617378,0.0003283349829617378,0.0003283349829617378,0.0003283349829617378,0.0003283349829617378,0.0003283349829617378,0.0003283349829617378,0.0003283349829617378,0.0003283349829617378,0.0003283349829617378,0.0003283349829617378,0.0003283349829617378,0.0003283349829617378,0.0003283349829617378
1047,C,0.018924321156424312,0.018924321156424312,0.018924321156424312,0.018924321156424312,0.018924321156424312,0.018924321156424312,0.018924321156424312,0.018924321156424312,0.018924321156424312,0.018924321156424312,0.018924321156424312,0.018924321156424312,0.018924321156424312,0.018924321156424312,0.018924321156424312,0.018924321156424312,0.018924321156424312,0.018924321156424312,0.018924321156424312,0.018924321156424312,0.018924321156424312,0.018924321156424312,0.018924321156424312,0.018924321156424312
1048,G,5.526935410808823e-06,5.526935410808823e-06,5.526935410808823e-06,5.526935410808823e-06,5.526935410808823e-06,5.526935410808823e-06,5.526935410808823e-06,5.526935410808823e-06,5.526935410808823e-06,5.526935410808823e-06,5.526935410808823e-06,5.526935410808823e-06,5.526935410808823e-06,5.526935410808823e-06,5.526935410808823e-06,5.526935410808823e-06,5.526935410808823e-06,5.526935410808823e-06,5.526935410808823e-06,5.526935410808823e-06,5.526935410808823e-06,5.526935410808823e-06,5.526935410808823e-06,5.526935410808823e-06
1049,A,0.013332556477798302,0.013332556477798302,0.013332556477798302,0.013332556477798302,0.013332556477798302,0.013332556477798302,0.013332556477798302,0.013332556477798302,0.013332556477798302,0.013332556477798302,0.013332556477798302,0.013332556477798302,0.013332556477798302,0.013332556477798302,0.013332556477798302,0.013332556477798302,0.013332556477798302,0.013332556477798302,0.013332556477798302,0.013332556477798302,0.013332556477798302,0.013332556477798302,0.013332556477798302,0.013332556477798302
1050,C,0.027649859133425367,0.027649859133425367,0.027649859133425367,0.027649859133425367,0.027649859133425367,0.027649859133425367,0.027649859133425367,0.027649859133425367,0.027649859133425367,0.027649859133425367,0.027649859133425367,0.027649859133425367,0.027649859133425367,0.027649859133425367,0.027649859133425367,0.027649859133425367,0.027649859133425367,0.027649859133425367,0.027649859133425367,0.027649859133425367,0.027649859133425367,0.027649859133425367,0.027649859133425367,0.027649859133425367
1051,A,0.007241506591893091,0.007241506591893091,0.007241506591893091,0.007241506591893091,0.007241506591893091,0.007241506591893091,0.007241506591893091,0.007241506591893091,0.007241506591893091,0.007241506591893091,0.007241506591893091,0.007241506591893091,0.007241506591893091,0.007241506591893091,0.007241506591893091,0.007241506591893091,0.007241506591893091,0.007241506591893091,0.007241506591893091,0.007241506591893091,0.007241506591893091,0.007241506591893091,0.007241506591893091,0.007241506591893091
1052,T,8.281682647842693e-05,8.281682647842693e-05,8.281682647842693e-05,8.281682647842693e-05,8.281682647842693e-05,8.281682647842693e-05,8.281682647842693e-05,8.281682647842693e-05,8.281682647842693e-05,8.281682647842693e-05,8.281682647842693e-05,8.281682647842693e-05,8.281682647842693e-05,8.281682647842693e-05,8.281682647842693e-05,8.281682647842693e-05,8.281682647842693e-05,8.281682647842693e-05,8.281682647842693e-05,8.281682647842693e-05,8.281682647842693e-05,8.281682647842693e-05,8.281682647842693e-05,8.281682647842693e-05
1053,C,0.019042512206102154,0.019042512206102154,0.019042512206102154,0.019042512206102154,0.019042512206102154,0.019042512206102154,0.019042512206102154,0.019042512206102154,0.019042512206102154,0.019042512206102154,0.019042512206102154,0.019042512206102154,0.019042512206102154,0.019042512206102154,0.019042512206102154,0.019042512206102154,0.019042512206102154,0.019042512206102154,0.019042512206102154,0.019042512206102154,0.019042512206102154,0.019042512206102154,0.019042512206102154,0.019042512206102154
1054,G,0.0013719539582332761,0.0013719539582332761,0.0013719539582332761,0.0013719539582332761,0.0013719539582332761,0.0013719539582332761,0.0013719539582332761,0.0013719539582332761,0.0013719539582332761,0.0013719539582332761,0.0013719539582332761,0.0013719539582332761,0.0013719539582332761,0.0013719539582332761,0.0013719539582332761,0.0013719539582332761,0.0013719539582332761,0.0013719539582332761,0.0013719539582332761,0.0013719539582332761,0.0013719539582332761,0.0013719539582332761,0.0013719539582332761,0.0013719539582332761
1055,G,6.009587001894637e-07,6.009587001894637e-07,6.009587001894637e-07,6.009587001894637e-07,6.009587001894637e-07,6.009587001894637e-07,6.009587001894637e-07,6.009587001894637e-07,6.009587001894637e-07,6.009587001894637e-07,6.009587001894637e-07,6.009587001894637e-07,6.009587001894637e-07,6.009587001894637e-07,6.009587001894637e-07,6.009587001894637e-07,6.009587001894637e-07,6.009587001894637e-07,6.009587001894637e-07,6.009587001894637e-07,6.009587001894637e-07,6.009587001894637e-07,6.009587001894637e-07,6.009587001894637e-07
1056,C,0.012268204440890253,0.012268204440890253,0.012268204440890253,0.012268204440890253,0.012268204440890253,0.012268204440890253,0.012268204440890253,0.012268204440890253,0.012268204440890253,0.012268204440890253,0.012268204440890253,0.012268204440890253,0.012268204440890253,0.012268204440890253,0.012268204440890253,0.012268204440890253,0.012268204440890253,0.012268204440890253,0.012268204440890253,0.012268204440890253,0.012268204440890253,0.012268204440890253,0.012268204440890253,0.012268204440890253
1057,A,0.013092891768780021,0.013092891768780021,0.013092891768780021,0.013092891768780021,0.013092891768780021,0.013092891768780021,0.013092891768780021,0.013092891768780021,0.013092891768780021,0.013092891768780021,0.013092891768780021,0.013092891768780021,0.013092891768780021,0.013092891768780021,0.013092891768780021,0.013092891768780021,0.013092891768780021,0.013092891768780021,0.013092891768780021,0.013092891768780021,0.013092891768780021,0.013092891768780021,0.013092891768780021,0.013092891768780021
1058,T,4.3294070527714763e-10,4.3294070527714763e-10,4.3294070527714763e-10,4.3294070527714763e-10,4.3294070527714763e-10,4.3294070527714763e-10,4.3294070527714763e-10,4.3294070527714763e-10,4.3294070527714763e-10,4.3294070527714763e-10,4.3294070527714763e-10,4.3294070527714763e-10,4.3294070527714763e-10,4.3294070527714763e-10,4.3294070527714763e-10,4.3294070527714763e-10,4.3294070527714763e-10,4.3294070527714763e-10,4.3294070527714763e-10,4.3294070527714763e-10,4.3294070527714763e-10,4.3294070527714763e-10,4.3294070527714763e-10,4.3294070527714763e-10
1059,T,5.389182212932121e-09,5.389182212932121e-09,5.389182212932121e-09,5.389182212932121e-09,5.389182212932121e-09,5.389182212932121e-09,5.389182212932121e-09,5.389182212932121e-09,5.389182212932121e-09,5.389182212932121e-09,5.389182212932121e-09,5.389182212932121e-09,5.389182212932121e-09,5.389182212932121e-09,5.389182212932121e-09,5.389182212932121e-09,5.389182212932121e-09,5.389182212932121e-09,5.389182212932121e-09,5.389182212932121e-09,5.389182212932121e-09,5.389182212932121e-09,5.389182212932121e-09,5.389182212932121e-09
1060,A,0.03762466827213843,0.03762466827213843,0.03762466827213843,0.03762466827213843,0.03762466827213843,0.03762466827213843,0.03762466827213843,0.03762466827213843,0.03762466827213843,0.03762466827213843,0.03762466827213843,0.03762466827213843,0.03762466827213843,0.03762466827213843,0.03762466827213843,0.03762466827213843,0.03762466827213843,0.03762466827213843,0.03762466827213843,0.03762466827213843,0.03762466827213843,0.03762466827213843,0.03762466827213843,0.03762466827213843
1061,A,0.007012915225968862,0.007012915225968862,0.007012915225968862,0.007012915225968862,0.007012915225968862,0.007012915225968862,0.007012915225968862,0.007012915225968862,0.007012915225968862,0.007012915225968862,0.007012915225968862,0.007012915225968862,0.007012915225968862,0.007012915225968862,0.007012915225968862,0.007012915225968862,0.007012915225968862,0.007012915225968862,0.007012915225968862,0.007012915225968862,0.007012915225968862,0.007012915225968862,0.007012915225968862,0.007012915225968862
1062,C,0.033612133815852645,0.033612133815852645,0.033612133815852645,0.033612133815852645,0.033612133815852645,0.033612133815852645,0.033612133815852645,0.033612133815852645,0.033612133815852645,0.033612133815852645,0.033612133815852645,0.033612133815852645,0.033612133815852645,0.033612133815852645,0.033612133815852645,0.033612133815852645,0.033612133815852645,0.033612133815852645,0.033612133815852645,0.033612133815852645,0.033612133815852645,0.033612133815852645,0.033612133815852645,0.033612133815852645
1063,A,0.06634470329099011,0.06634470329099011,0.06634470329099011,0.06634470329099011,0.06634470329099011,0.06634470329099011,0.06634470329099011,0.06634470329099011,0.06634470329099011,0.06634470329099011,0.06634470329099011,0.06634470329099011,0.06634470329099011,0.06634470329099011,0.06634470329099011,0.06634470329099011,0.06634470329099011,0.06634470329099011,0.06634470329099011,0.06634470329099011,0.06634470329099011,0.06634470329099011,0.06634470329099011,0.06634470329099011
1064,G,0.0006477182028678515,0.0006477182028678515,0.0006477182028678515,0.0006477182028678515,0.0006477182028678515,0.0006477182028678515,0.0006477182028678515,0.0006477182028678515,0.0006477182028678515,0.0006477182028678515,0.0006477182028678515,0.0006477182028678515,0.0006477182028678515,0.0006477182028678515,0.0006477182028678515,0.0006477182028678515,0.0006477182028678515,0.0006477182028678515,0.0006477182028678515,0.0006477182028678515,0.0006477182028678515,0.0006477182028678515,0.0006477182028678515,0.0006477182028678515
1065,A,0.004780442627804412,0.004780442627804412,0.004780442627804412,0.004780442627804412,0.004780442627804412,0.004780442627804412,0.004780442627804412,0.004780442627804412,0.004780442627804412,0.004780442627804412,0.004780442627804412,0.004780442627804412,0.004780442627804412,0.004780442627804412,0.004780442627804412,0.004780442627804412,0.004780442627804412,0.004780442627804412,0.004780442627804412,0.004780442627804412,0.004780442627804412,0.004780442627804412,0.004780442627804412,0.004780442627804412
1066,C,0.019615908923952926,0.019615908923952926,0.019615908923952926,0.019615908923952926,0.019615908923952926,0.019615908923952926,0.019615908923952926,0.019615908923952926,0.019615908923952926,0.019615908923952926,0.019615908923952926,0.019615908923952926,0.019615908923952926,0.019615908923952926,0.019615908923952926,0.019615908923952926,0.019615908923952926,0.019615908923952926,0.019615908923952926,0.019615908923952926,0.019615908923952926,0.019615908923952926,0.019615908923952926,0.019615908923952926
1067,C,0.07018167309159119,0.07018167309159119,0.07018167309159119,0.07018167309159119,0.07018167309159119,0.07018167309159119,0.07018167309159119,0.07018167309159119,0.07018167309159119,0.07018167309159119,0.07018167309159119,0.07018167309159119,0.07018167309159119,0.07018167309159119,0.07018167309159119,0.07018167309159119,0.07018167309159119,0.07018167309159119,0.07018167309159119,0.07018167309159119,0.07018167309159119,0.07018167309159119,0.07018167309159119,0.07018167309159119
1068,A,0.057520135410916176,0.057520135410916176,0.057520135410916176,0.057520135410916176,0.057520135410916176,0.057520135410916176,0.057520135410916176,0.057520135410916176,0.057520135410916176,0.057520135410916176,0.057520135410916176,0.057520135410916176,0.057520135410916176,0.057520135410916176,0.057520135410916176,0.057520135410916176,0.057520135410916176,0.057520135410916176,0.057520135410916176,0.057520135410916176,0.057520135410916176,0.057520135410916176,0.057520135410916176,0.057520135410916176
1069,C,0.10330803275317944,0.10330803275317944,0.10330803275317944,0.10330803275317944,0.10330803275317944,0.10330803275317944,0.10330803275317944,0.10330803275317944,0.10330803275317944,0.10330803275317944,0.10330803275317944,0.10330803275317944,0.10330803275317944,0.10330803275317944,0.10330803275317944,0.10330803275317944,0.10330803275317944,0.10330803275317944,0.10330803275317944,0.10330803275317944,0.10330803275317944,0.10330803275317944,0.10330803275317944,0.10330803275317944
1070,T,1.8365112369278347e-21,1.8365112369278347e-21,1.8365112369278347e-21,1.8365112369278347e-21,1.8365112369278347e-21,1.8365112369278347e-21,1.8365112369278347e-21,1.8365112369278347e-21,1.8365112369278347e-21,1.8365112369278347e-21,1.8365112369278347e-21,1.8365112369278347e-21,1.8365112369278347e-21,1.8365112369278347e-21,1.8365112369278347e-21,1.8365112369278347e-21,1.8365112369278347e-21,1.8365112369278347e-21,1.8365112369278347e-21,1.8365112369278347e-21,1.8365112369278347e-21,1.8365112369278347e-21,1.8365112369278347e-21,1.8365112369278347e-21
1071,T,7.161797998004799e-14,7.161797998004799e-14,7.161797998004799e-14,7.161797998004799e-14,7.161797998004799e-14,7.161797998004799e-14,7.161797998004799e-14,7.161797998004799e-14,7.161797998004799e-14,7.161797998004799e-14,7.161797998004799e-14,7.161797998004799e-14,7.161797998004799e-14,7.161797998004799e-14,7.161797998004799e-14,7.161797998004799e-14,7.161797998004799e-14,7.161797998004799e-14,7.161797998004799e-14,7.161797998004799e-14,7.161797998004799e-14,7.161797998004799e-14,7.161797998004799e-14,7.161797998004799e-14
1072,A,0.01872003806732888,0.01872003806732888,0.01872003806732888,0.01872003806732888,0.01872003806732888,0.01872003806732888,0.01872003806732888,0.01872003806732888,0.01872003806732888,0.01872003806732888,0.01872003806732888,0.01872003806732888,0.01872003806732888,0.01872003806732888,0.01872003806732888,0.01872003806732888,0.01872003806732888,0.01872003806732888,0.01872003806732888,0.01872003806732888,0.01872003806732888,0.01872003806732888,0.01872003806732888,0.01872003806732888
1073,A,0.05384756854708966,0.05384756854708966,0.05384756854708966,0.05384756854708966,0.05384756854708966,0.05384756854708966,0.05384756854708966,0.05384756854708966,0.05384756854708966,0.05384756854708966,0.05384756854708966,0.05384756854708966,0.05384756854708966,0.05384756854708966,0.05384756854708966,0.05384756854708966,0.05384756854708966,0.05384756854708966,0.05384756854708966,0.05384756854708966,0.05384756854708966,0.05384756854708966,0.05384756854708966,0.05384756854708966
1074,T,8.451552037590313e-06,8.451552037590313e-06,8.451552037590313e-06,8.451552037590313e-06,8.451552037590313e-06,8.451552037590313e-06,8.451552037590313e-06,8.451552037590313e-06,8.451552037590313e-06,8.451552037590313e-06,8.451552037590313e-06,8.451552037590313e-06,8.451552037590313e-06,8.451552037590313e-06,8.451552037590313e-06,8.451552037590313e-06,8.451552037590313e-06,8.451552037590313e-06,8.451552037590313e-06,8.451552037590313e-06,8.451552037590313e-06,8.451552037590313e-06,8.451552037590313e-06,8.451552037590313e-06
1075,C,0.014834023876704143,0.014834023876704143,0.014834023876704143,0.014834023876704143,0.014834023876704143,0.014834023876704143,0.014834023876704143,0.014834023876704143,0.014834023876704143,0.014834023876704143,0.014834023876704143,0.014834023876704143,0.014834023876704143,0.014834023876704143,0.014834023876704143,0.014834023876704143,0.014834023876704143,0.014834023876704143,0.014834023876704143,0.014834023876704143,0.014834023876704143,0.014834023876704143,0.014834023876704143,0.014834023876704143
1076,A,0.0499582489857429,0.0499582489857429,0.0499582489857429,0.0499582489857429,0.0499582489857429,0.0499582489857429,0.0499582489857429,0.0499582489857429,0.0499582489857429,0.0499582489857429,0.0499582489857429,0.0499582489857429,0.0499582489857429,0.0499582489857429,0.0499582489857429,0.0499582489857429,0.0499582489857429,0.0499582489857429,0.0499582489857429,0.0499582489857429,0.0499582489857429,0.0499582489857429,0.0499582489857429,0.0499582489857429
1077,G,8.313055051368156e-06,8.313055051368156e-06,8.313055051368156e-06,8.313055051368156e-06,8.313055051368156e-06,8.313055051368156e-06,8.313055051368156e-06,8.313055051368156e-06,8.313055051368156e-06,8.313055051368156e-06,8.313055051368156e-06,8.313055051368156e-06,8.313055051368156e-06,8.313055051368156e-06,8.313055051368156e-06,8.313055051368156e-06,8.313055051368156e-06,8.313055051368156e-06,8.313055051368156e-06,8.313055051368156e-06,8.313055051368156e-06,8.313055051368156e-06,8.313055051368156e-06,8.313055051368156e-06
1078,A,0.008235480683092487,0.008235480683092487,0.008235480683092487,0.008235480683092487,0.008235480683092487,0.008235480683092487,0.008235480683092487,0.008235480683092487,0.008235480683092487,0.008235480683092487,0.008235480683092487,0.008235480683092487,0.008235480683092487,0.008235480683092487,0.008235480683092487,0.008235480683092487,0.008235480683092487,0.008235480683092487,0.008235480683092487,0.008235480683092487,0.008235480683092487,0.008235480683092487,0.008235480683092487,0.008235480683092487
1079,C,0.004186307217872008,0.004186307217872008,0.004186307217872008,0.004186307217872008,0.004186307217872008,0.004186307217872008,0.004186307217872008,0.004186307217872008,0.004186307217872008,0.004186307217872008,0.004186307217872008,0.004186307217872008,0.004186307217872008,0.004186307217872008,0.004186307217872008,0.004186307217872008,0.004186307217872008,0.004186307217872008,0.004186307217872008,0.004186307217872008,0.004186307217872008,0.004186307217872008,0.004186307217872008,0.004186307217872008
1080,C,0.011377032806597522,0.011377032806597522,0.011377032806597522,0.011377032806597522,0.011377032806597522,0.011377032806597522,0.011377032806597522,0.011377032806597522,0.011377032806597522,0.011377032806597522,0.011377032806597522,0.011377032806597522,0.011377032806597522,0.011377032806597522,0.011377032806597522,0.011377032806597522,0.011377032806597522,0.011377032806597522,0.011377032806597522,0.011377032806597522,0.011377032806597522,0.011377032806597522,0.011377032806597522,0.011377032806597522
1081,T,1.5473609402569259e-12,1.5473609402569259e-12,1.5473609402569259e-12,1.5473609402569259e-12,1.5473609402569259e-12,1.5473609402569259e-12,1.5473609402569259e-12,1.5473609402569259e-12,1.5473609402569259e-12,1.5473609402569259e-12,1.5473609402569259e-12,1.5473609402569259e-12,1.5473609402569259e-12,1.5473609402569259e-12,1.5473609402569259e-12,1.5473609402569259e-12,1.5473609402569259e-12,1.5473609402569259e-12,1.5473609402569259e-12,1.5473609402569259e-12,1.5473609402569259e-12,1.5473609402569259e-12,1.5473609402569259e-12,1.5473609402569259e-12
1082,T,3.6449231740770875e-21,3.6449231740770875e-21,3.6449231740770875e-21,3.6449231740770875e-21,3.6449231740770875e-21,3.6449231740770875e-21,3.6449231740770875e-21,3.6449231740770875e-21,3.6449231740770875e-21,3.6449231740770875e-21,3.6449231740770875e-21,3.6449231740770875e-21,3.6449231740770875e-21,3.6449231740770875e-21,3.6449231740770875e-21,3.6449231740770875e-21,3.6449231740770875e-21,3.6449231740770875e-21,3.6449231740770875e-21,3.6449231740770875e-21,3.6449231740770875e-21,3.6449231740770875e-21,3.6449231740770875e-21,3.6449231740770875e-21
1083,G,2.4049305871603097e-05,2.4049305871603097e-05,2.4049305871603097e-05,2.4049305871603097e-05,2.4049305871603097e-05,2.4049305871603097e-05,2.4049305871603097e-05,2.4049305871603097e-05,2.4049305871603097e-05,2.4049305871603097e-05,2.4049305871603097e-05,2.4049305871603097e-05,2.4049305871603097e-05,2.4049305871603097e-05,2.4049305871603097e-05,2.4049305871603097e-05,2.4049305871603097e-05,2.4049305871603097e-05,2.4049305871603097e-05,2.4049305871603097e-05,2.4049305871603097e-05,2.4049305871603097e-05,2.4049305871603097e-05,2.4049305871603097e-05
1084,T,2.5566129273545153e-27,2.5566129273545153e-27,2.5566129273545153e-27,2.5566129273545153e-27,2.5566129273545153e-27,2.5566129273545153e-27,2.5566129273545153e-27,2.5566129273545153e-27,2.5566129273545153e-27,2.5566129273545153e-27,2.5566129273545153e-27,2.5566129273545153e-27,2.5566129273545153e-27,2.5566129273545153e-27,2.5566129273545153e-27,2.5566129273545153e-27,2.5566129273545153e-27,2.5566129273545153e-27,2.5566129273545153e-27,2.5566129273545153e-27,2.5566129273545153e-27,2.5566129273545153e-27,2.5566129273545153e-27,2.5566129273545153e-27
1085,G,8.056509908501184e-05,8.056509908501184e-05,8.056509908501184e-05,8.056509908501184e-05,8.056509908501184e-05,8.056509908501184e-05,8.056509908501184e-05,8.056509908501184e-05,8.056509908501184e-05,8.056509908501184e-05,8.056509908501184e-05,8.056509908501184e-05,8.056509908501184e-05,8.056509908501184e-05,8.056509908501184e-05,8.056509908501184e-05,8.056509908501184e-05,8.056509908501184e-05,8.056509908501184e-05,8.056509908501184e-05,8.056509908501184e-05,8.056509908501184e-05,8.056509908501184e-05,8.056509908501184e-05
1086,C,0.014461372488531098,0.014461372488531098,0.014461372488531098,0.014461372488531098,0.014461372488531098,0.014461372488531098,0.014461372488531098,0.014461372488531098,0.014461372488531098,0.014461372488531098,0.014461372488531098,0.014461372488531098,0.014461372488531098,0.014461372488531098,0.014461372488531098,0.014461372488531098,0.014461372488531098,0.014461372488531098,0.014461372488531098,0.014461372488531098,0.014461372488531098,0.014461372488531098,0.014461372488531098,0.014461372488531098
1087,G,2.5241421879059916e-05,2.5241421879059916e-05,2.5241421879059916e-05,2.5241421879059916e-05,2.5241421879059916e-05,2.5241421879059916e-05,2.5241421879059916e-05,2.5241421879059916e-05,2.5241421879059916e-05,2.5241421879059916e-05,2.5241421879059916e-05,2.5241421879059916e-05,2.5241421879059916e-05,2.5241421879059916e-05,2.5241421879059916e-05,2.5241421879059916e-05,2.5241421879059916e-05,2.5241421879059916e-05,2.5241421879059916e-05,2.5241421879059916e-05,2.5241421879059916e-05,2.5241421879059916e-05,2.5241421879059916e-05,2.5241421879059916e-05
1088,C,0.034062665309041146,0.034062665309041146,0.034062665309041146,0.034062665309041146,0.034062665309041146,0.034062665309041146,0.034062665309041146,0.034062665309041146,0.034062665309041146,0.034062665309041146,0.034062665309041146,0.034062665309041146,0.034062665309041146,0.034062665309041146,0.034062665309041146,0.034062665309041146,0.034062665309041146,0.034062665309041146,0.034062665309041146,0.034062665309041146,0.034062665309041146,0.034062665309041146,0.034062665309041146,0.034062665309041146
1089,A,0.010076416499102072,0.010076416499102072,0.010076416499102072,0.010076416499102072,0.010076416499102072,0.010076416499102072,0.010076416499102072,0.010076416499102072,0.010076416499102072,0.010076416499102072,0.010076416499102072,0.010076416499102072,0.010076416499102072,0.010076416499102072,0.010076416499102072,0.010076416499102072,0.010076416499102072,0.010076416499102072,0.010076416499102072,0.010076416499102072,0.010076416499102072,0.010076416499102072,0.010076416499102072,0.010076416499102072
1090,A,0.057147616072167735,0.057147616072167735,0.057147616072167735,0.057147616072167735,0.057147616072167735,0.057147616072167735,0.057147616072167735,0.057147616072167735,0.057147616072167735,0.057147616072167735,0.057147616072167735,0.057147616072167735,0.057147616072167735,0.057147616072167735,0.057147616072167735,0.057147616072167735,0.057147616072167735,0.057147616072167735,0.057147616072167735,0.057147616072167735,0.057147616072167735,0.057147616072167735,0.057147616072167735,0.057147616072167735
1091,A,0.040144664482346826,0.040144664482346826,0.040144664482346826,0.040144664482346826,0.040144664482346826,0.040144664482346826,0.040144664482346826,0.040144664482346826,0.040144664482346826,0.040144664482346826,0.040144664482346826,0.040144664482346826,0.040144664482346826,0.040144664482346826,0.040144664482346826,0.040144664482346826,0.040144664482346826,0.040144664482346826,0.040144664482346826,0.040144664482346826,0.040144664482346826,0.040144664482346826,0.040144664482346826,0.040144664482346826
1092,G,0.0028020348274728317,0.0028020348274728317,0.0028020348274728317,0.0028020348274728317,0.0028020348274728317,0.0028020348274728317,0.0028020348274728317,0.0028020348274728317,0.0028020348274728317,0.0028020348274728317,0.0028020348274728317,0.0028020348274728317,0.0028020348274728317,0.0028020348274728317,0.0028020348274728317,0.0028020348274728317,0.0028020348274728317,0.0028020348274728317,0.0028020348274728317,0.0028020348274728317,0.0028020348274728317,0.0028020348274728317,0.0028020348274728317,0.0028020348274728317
1093,A,0.02375869534704378,0.02375869534704378,0.02375869534704378,0.02375869534704378,0.02375869534704378,0.02375869534704378,0.02375869534704378,0.02375869534704378,0.02375869534704378,0.02375869534704378,0.02375869534704378,0.02375869534704378,0.02375869534704378,0.02375869534704378,0.02375869534704378,0.02375869534704378,0.02375869534704378,0.02375869534704378,0.02375869534704378,0.02375869534704378,0.02375869534704378,0.02375869534704378,0.02375869534704378,0.02375869534704378
1094,C,0.008083516690407536,0.008083516690407536,0.008083516690407536,0.008083516690407536,0.008083516690407536,0.008083516690407536,0.008083516690407536,0.008083516690407536,0.008083516690407536,0.008083516690407536,0.008083516690407536,0.008083516690407536,0.008083516690407536,0.008083516690407536,0.008083516690407536,0.008083516690407536,0.008083516690407536,0.008083516690407536,0.008083516690407536,0.008083516690407536,0.008083516690407536,0.008083516690407536,0.008083516690407536,0.008083516690407536
1095,G,7.406541713792231e-05,7.406541713792231e-05,7.406541713792231e-05,7.406541713792231e-05,7.406541713792231e-05,7.406541713792231e-05,7.406541713792231e-05,7.406541713792231e-05,7.406541713792231e-05,7.406541713792231e-05,7.406541713792231e-05,7.406541713792231e-05,7.406541713792231e-05,7.406541713792231e-05,7.406541713792231e-05,7.406541713792231e-05,7.406541713792231e-05,7.406541713792231e-05,7.406541713792231e-05,7.406541713792231e-05,7.406541713792231e-05,7.406541713792231e-05,7.406541713792231e-05,7.406541713792231e-05
1096,C,0.0027000526823139975,0.0027000526823139975,0.0027000526823139975,0.0027000526823139975,0.0027000526823139975,0.0027000526823139975,0.0027000526823139975,0.0027000526823139975,0.0027000526823139975,0.0027000526823139975,0.0027000526823139975,0.0027000526823139975,0.0027000526823139975,0.0027000526823139975,0.0027000526823139975,0.0027000526823139975,0.0027000526823139975,0.0027000526823139975,0.0027000526823139975,0.0027000526823139975,0.0027000526823139975,0.0027000526823139975,0.0027000526823139975,0.0027000526823139975
1097,T,8.419485052748538e-13,8.419485052748538e-13,8.419485052748538e-13,8.419485052748538e-13,8.419485052748538e-13,8.419485052748538e-13,8.419485052748538e-13,8.419485052748538e-13,8.419485052748538e-13,8.419485052748538e-13,8.419485052748538e-13,8.419485052748538e-13,8.419485052748538e-13,8.419485052748538e-13,8.419485052748538e-13,8.419485052748538e-13,8.419485052748538e-13,8.419485052748538e-13,8.419485052748538e-13,8.419485052748538e-13,8.419485052748538e-13,8.419485052748538e-13,8.419485052748538e-13,8.419485052748538e-13
1098,A,0.008797717579716858,0.008797717579716858,0.008797717579716858,0.008797717579716858,0.008797717579716858,0.008797717579716858,0.008797717579716858,0.008797717579716858,0.008797717579716858,0.008797717579716858,0.008797717579716858,0.008797717579716858,0.008797717579716858,0.008797717579716858,0.008797717579716858,0.008797717579716858,0.008797717579716858,0.008797717579716858,0.008797717579716858,0.008797717579716858,0.008797717579716858,0.008797717579716858,0.008797717579716858,0.008797717579716858
1099,A,0.004668530673335737,0.004668530673335737,0.004668530673335737,0.004668530673335737,0.004668530673335737,0.004668530673335737,0.004668530673335737,0.004668530673335737,0.004668530673335737,0.004668530673335737,0.004668530673335737,0.004668530673335737,0.004668530673335737,0.004668530673335737,0.004668530673335737,0.004668530673335737,0.004668530673335737,0.004668530673335737,0.004668530673335737,0.004668530673335737,0.004668530673335737,0.004668530673335737,0.004668530673335737,0.004668530673335737
1100,G,0.014169387280084917,0.014169387280084917,0.014169387280084917,0.014169387280084917,0.014169387280084917,0.014169387280084917,0.014169387280084917,0.014169387280084917,0.014169387280084917,0.014169387280084917,0.014169387280084917,0.014169387280084917,0.014169387280084917,0.014169387280084917,0.014169387280084917,0.014169387280084917,0.014169387280084917,0.014169387280084917,0.014169387280084917,0.014169387280084917,0.014169387280084917,0.014169387280084917,0.014169387280084917,0.014169387280084917
1101,G,0.0004930518604172212,0.0004930518604172212,0.0004930518604172212,0.0004930518604172212,0.0004930518604172212,0.0004930518604172212,0.0004930518604172212,0.0004930518604172212,0.0004930518604172212,0.0004930518604172212,0.0004930518604172212,0.0004930518604172212,0.0004930518604172212,0.0004930518604172212,0.0004930518604172212,0.0004930518604172212,0.0004930518604172212,0.0004930518604172212,0.0004930518604172212,0.0004930518604172212,0.0004930518604172212,0.0004930518604172212,0.0004930518604172212,0.0004930518604172212
1102,C,0.03298467795889993,0.03298467795889993,0.03298467795889993,0.03298467795889993,0.03298467795889993,0.03298467795889993,0.03298467795889993,0.03298467795889993,0.03298467795889993,0.03298467795889993,0.03298467795889993,0.03298467795889993,0.03298467795889993,0.03298467795889993,0.03298467795889993,0.03298467795889993,0.03298467795889993,0.03298467795889993,0.03298467795889993,0.03298467795889993,0.03298467795889993,0.03298467795889993,0.03298467795889993,0.03298467795889993
1103,G,0.0010532428532858608,0.0010532428532858608,0.0010532428532858608,0.0010532428532858608,0.0010532428532858608,0.0010532428532858608,0.0010532428532858608,0.0010532428532858608,0.0010532428532858608,0.0010532428532858608,0.0010532428532858608,0.0010532428532858608,0.0010532428532858608,0.0010532428532858608,0.0010532428532858608,0.0010532428532858608,0.0010532428532858608,0.0010532428532858608,0.0010532428532858608,0.0010532428532858608,0.0010532428532858608,0.0010532428532858608,0.0010532428532858608,0.0010532428532858608
1104,T,0.0005462154971924286,0.0005462154971924286,0.0005462154971924286,0.0005462154971924286,0.0005462154971924286,0.0005462154971924286,0.0005462154971924286,0.0005462154971924286,0.0005462154971924286,0.0005462154971924286,0.0005462154971924286,0.0005462154971924286,0.0005462154971924286,0.0005462154971924286,0.0005462154971924286,0.0005462154971924286,0.0005462154971924286,0.0005462154971924286,0.0005462154971924286,0.0005462154971924286,0.0005462154971924286,0.0005462154971924286,0.0005462154971924286,0.0005462154971924286
1105,G,3.259649242890625e-05,3.259649242890625e-05,3.259649242890625e-05,3.259649242890625e-05,3.259649242890625e-05,3.259649242890625e-05,3.259649242890625e-05,3.259649242890625e-05,3.259649242890625e-05,3.259649242890625e-05,3.259649242890625e-05,3.259649242890625e-05,3.259649242890625e-05,3.259649242890625e-05,3.259649242890625e-05,3.259649242890625e-05,3.259649242890625e-05,3.259649242890625e-05,3.259649242890625e-05,3.259649242890625e-05,3.259649242890625e-05,3.259649242890625e-05,3.259649242890625e-05,3.259649242890625e-05
1106,C,0.01746224852672858,0.01746224852672858,0.01746224852672858,0.01746224852672858,0.01746224852672858,0.01746224852672858,0.01746224852672858,0.01746224852672858,0.01746224852672858,0.01746224852672858,0.01746224852672858,0.01746224852672858,0.01746224852672858,0.01746224852672858,0.01746224852672858,0.01746224852672858,0.01746224852672858,0.01746224852672858,0.01746224852672858,0.01746224852672858,0.01746224852672858,0.01746224852672858,0.01746224852672858,0.01746224852672858
1107,C,0.022981675624474476,0.022981675624474476,0.022981675624474476,0.022981675624474476,0.022981675624474476,0.022981675624474476,0.022981675624474476,0.022981675624474476,0.022981675624474476,0.022981675624474476,0.022981675624474476,0.022981675624474476,0.022981675624474476,0.022981675624474476,0.022981675624474476,0.022981675624474476,0.022981675624474476,0.022981675624474476,0.022981675624474476,0.022981675624474476,0.022981675624474476,0.022981675624474476,0.022981675624474476,0.022981675624474476
1108,G,0.00013085661902818442,0.00013085661902818442,0.00013085661902818442,0.00013085661902818442,0.00013085661902818442,0.00013085661902818442,0.00013085661902818442,0.00013085661902818442,0.00013085661902818442,0.00013085661902818442,0.00013085661902818442,0.00013085661902818442,0.00013085661902818442,0.00013085661902818442,0.00013085661902818442,0.00013085661902818442,0.00013085661902818442,0.00013085661902818442,0.00013085661902818442,0.00013085661902818442,0.00013085661902818442,0.00013085661902818442,0.00013085661902818442,0.00013085661902818442
1109,A,0.0028563535300842537,0.0028563535300842537,0.0028563535300842537,0.0028563535300842537,0.0028563535300842537,0.0028563535300842537,0.0028563535300842537,0.0028563535300842537,0.0028563535300842537,0.0028563535300842537,0.0028563535300842537,0.0028563535300842537,0.0028563535300842537,0.0028563535300842537,0.0028563535300842537,0.0028563535300842537,0.0028563535300842537,0.0028563535300842537,0.0028563535300842537,0.0028563535300842537,0.0028563535300842537,0.0028563535300842537,0.0028563535300842537,0.0028563535300842537
1110,T,9.265140607886711e-08,9.265140607886711e-08,9.265140607886711e-08,9.265140607886711e-08,9.265140607886711e-08,9.265140607886711e-08,9.265140607886711e-08,9.265140607886711e-08,9.265140607886711e-08,9.265140607886711e-08,9.265140607886711e-08,9.265140607886711e-08,9.265140607886711e-08,9.265140607886711e-08,9.265140607886711e-08,9.265140607886711e-08,9.265140607886711e-08,9.265140607886711e-08,9.265140607886711e-08,9.265140607886711e-08,9.265140607886711e-08,9.265140607886711e-08,9.265140607886711e-08,9.265140607886711e-08
1111,T,1.0542458135656409e-05,1.0542458135656409e-05,1.0542458135656409e-05,1.0542458135656409e-05,1.0542458135656409e-05,1.0542458135656409e-05,1.0542458135656409e-05,1.0542458135656409e-05,1.0542458135656409e-05,1.0542458135656409e-05,1.0542458135656409e-05,1.0542458135656409e-05,1.0542458135656409e-05,1.0542458135656409e-05,1.0542458135656409e-05,1.0542458135656409e-05,1.0542458135656409e-05,1.0542458135656409e-05,1.0542458135656409e-05,1.0542458135656409e-05,1.0542458135656409e-05,1.0542458135656409e-05,1.0542458135656409e-05,1.0542458135656409e-05
1112,A,0.15112079868616107,0.15112079868616107,0.15112079868616107,0.15112079868616107,0.15112079868616107,0.15112079868616107,0.15112079868616107,0.15112079868616107,0.15112079868616107,0.15112079868616107,0.15112079868616107,0.15112079868616107,0.15112079868616107,0.15112079868616107,0.15112079868616107,0.15112079868616107,0.15112079868616107,0.15112079868616107,0.15112079868616107,0.15112079868616107,0.15112079868616107,0.15112079868616107,0.15112079868616107,0.15112079868616107
1113,T,2.5073334354838542e-08,2.5073334354838542e-08,2.5073334354838542e-08,2.5073334354838542e-08,2.5073334354838542e-08,2.5073334354838542e-08,2.5073334354838542e-08,2.5073334354838542e-08,2.5073334354838542e-08,2.5073334354838542e-08,2.5073334354838542e-08,2.5073334354838542e-08,2.5073334354838542e-08,2.5073334354838542e-08,2.5073334354838542e-08,2.5073334354838542e-08,2.5073334354838542e-08,2.5073334354838542e-08,2.5073334354838542e-08,2.5073334354838542e-08,2.5073334354838542e-08,2.5073334354838542e-08,2.5073334354838542e-08,2.5073334354838542e-08
1114,C,0.030051106987339746,0.030051106987339746,0.030051106987339746,0.030051106987339746,0.030051106987339746,0.030051106987339746,0.030051106987339746,0.030051106987339746,0.030051106987339746,0.030051106987339746,0.030051106987339746,0.030051106987339746,0.030051106987339746,0.030051106987339746,0.030051106987339746,0.030051106987339746,0.030051106987339746,0.030051106987339746,0.030051106987339746,0.030051106987339746,0.030051106987339746,0.030051106987339746,0.030051106987339746,0.030051106987339746
1115,A,0.002083590384892349,0.002083590384892349,0.002083590384892349,0.002083590384892349,0.002083590384892349,0.002083590384892349,0.002083590384892349,0.002083590384892349,0.002083590384892349,0.002083590384892349,0.002083590384892349,0.002083590384892349,0.002083590384892349,0.002083590384892349,0.002083590384892349,0.002083590384892349,0.002083590384892349,0.002083590384892349,0.002083590384892349,0.002083590384892349,0.002083590384892349,0.002083590384892349,0.002083590384892349,0.002083590384892349
1116,T,7.058115323266842e-07,7.058115323266842e-07,7.058115323266842e-07,7.058115323266842e-07,7.058115323266842e-07,7.058115323266842e-07,7.058115323266842e-07,7.058115323266842e-07,7.058115323266842e-07,7.058115323266842e-07,7.058115323266842e-07,7.058115323266842e-07,7.058115323266842e-07,7.058115323266842e-07,7.058115323266842e-07,7.058115323266842e-07,7.058115323266842e-07,7.058115323266842e-07,7.058115323266842e-07,7.058115323266842e-07,7.058115323266842e-07,7.058115323266842e-07,7.058115323266842e-07,7.058115323266842e-07
1117,T,4.63148514868064e-08,4.63148514868064e-08,4.63148514868064e-08,4.63148514868064e-08,4.63148514868064e-08,4.63148514868064e-08,4.63148514868064e-08,4.63148514868064e-08,4.63148514868064e-08,4.63148514868064e-08,4.63148514868064e-08,4.63148514868064e-08,4.63148514868064e-08,4.63148514868064e-08,4.63148514868064e-08,4.63148514868064e-08,4.63148514868064e-08,4.63148514868064e-08,4.63148514868064e-08,4.63148514868064e-08,4.63148514868064e-08,4.63148514868064e-08,4.63148514868064e-08,4.63148514868064e-08
1118,G,0.0001464127998476239,0.0001464127998476239,0.0001464127998476239,0.0001464127998476239,0.0001464127998476239,0.0001464127998476239,0.0001464127998476239,0.0001464127998476239,0.0001464127998476239,0.0001464127998476239,0.0001464127998476239,0.0001464127998476239,0.0001464127998476239,0.0001464127998476239,0.0001464127998476239,0.0001464127998476239,0.0001464127998476239,0.0001464127998476239,0.0001464127998476239,0.0001464127998476239,0.0001464127998476239,0.0001464127998476239,0.0001464127998476239,0.0001464127998476239
1119,G,3.5765829487498864e-05,3.5765829487498864e-05,3.5765829487498864e-05,3.5765829487498864e-05,3.5765829487498864e-05,3.5765829487498864e-05,3.5765829487498864e-05,3.5765829487498864e-05,3.5765829487498864e-05,3.5765829487498864e-05,3.5765829487498864e-05,3.5765829487498864e-05,3.5765829487498864e-05,3.5765829487498864e-05,3.5765829487498864e-05,3.5765829487498864e-05,3.5765829487498864e-05,3.5765829487498864e-05,3.5765829487498864e-05,3.5765829487498864e-05,3.5765829487498864e-05,3.5765829487498864e-05,3.5765829487498864e-05,3.5765829487498864e-05
1120,C,0.006220115334903651,0.006220115334903651,0.006220115334903651,0.006220115334903651,0.006220115334903651,0.006220115334903651,0.006220115334903651,0.006220115334903651,0.006220115334903651,0.006220115334903651,0.006220115334903651,0.006220115334903651,0.006220115334903651,0.006220115334903651,0.006220115334903651,0.006220115334903651,0.006220115334903651,0.006220115334903651,0.006220115334903651,0.006220115334903651,0.006220115334903651,0.006220115334903651,0.006220115334903651,0.006220115334903651
1121,C,0.044724056832756674,0.044724056832756674,0.044724056832756674,0.044724056832756674,0.044724056832756674,0.044724056832756674,0.044724056832756674,0.044724056832756674,0.044724056832756674,0.044724056832756674,0.044724056832756674,0.044724056832756674,0.044724056832756674,0.044724056832756674,0.044724056832756674,0.044724056832756674,0.044724056832756674,0.044724056832756674,0.044724056832756674,0.044724056832756674,0.044724056832756674,0.044724056832756674,0.044724056832756674,0.044724056832756674
1122,T,1.1486533641386095e-06,1.1486533641386095e-06,1.1486533641386095e-06,1.1486533641386095e-06,1.1486533641386095e-06,1.1486533641386095e-06,1.1486533641386095e-06,1.1486533641386095e-06,1.1486533641386095e-06,1.1486533641386095e-06,1.1486533641386095e-06,1.1486533641386095e-06,1.1486533641386095e-06,1.1486533641386095e-06,1.1486533641386095e-06,1.1486533641386095e-06,1.1486533641386095e-06,1.1486533641386095e-06,1.1486533641386095e-06,1.1486533641386095e-06,1.1486533641386095e-06,1.1486533641386095e-06,1.1486533641386095e-06,1.1486533641386095e-06
1123,A,0.07652356458373326,0.07652356458373326,0.07652356458373326,0.07652356458373326,0.07652356458373326,0.07652356458373326,0.07652356458373326,0.07652356458373326,0.07652356458373326,0.07652356458373326,0.07652356458373326,0.07652356458373326,0.07652356458373326,0.07652356458373326,0.07652356458373326,0.07652356458373326,0.07652356458373326,0.07652356458373326,0.07652356458373326,0.07652356458373326,0.07652356458373326,0.07652356458373326,0.07652356458373326,0.07652356458373326
1124,G,0.007012527935336524,0.007012527935336524,0.007012527935336524,0.007012527935336524,0.007012527935336524,0.007012527935336524,0.007012527935336524,0.007012527935336524,0.007012527935336524,0.007012527935336524,0.007012527935336524,0.007012527935336524,0.007012527935336524,0.007012527935336524,0.007012527935336524,0.007012527935336524,0.007012527935336524,0.007012527935336524,0.007012527935336524,0.007012527935336524,0.007012527935336524,0.007012527935336524,0.007012527935336524,0.007012527935336524
1125,G,0.0001442570676038843,0.0001442570676038843,0.0001442570676038843,0.0001442570676038843,0.0001442570676038843,0.0001442570676038843,0.0001442570676038843,0.0001442570676038843,0.0001442570676038843,0.0001442570676038843,0.0001442570676038843,0.0001442570676038843,0.0001442570676038843,0.0001442570676038843,0.0001442570676038843,0.0001442570676038843,0.0001442570676038843,0.0001442570676038843,0.0001442570676038843,0.0001442570676038843,0.0001442570676038843,0.0001442570676038843,0.0001442570676038843,0.0001442570676038843
1126,C,0.006450311161143238,0.006450311161143238,0.006450311161143238,0.006450311161143238,0.006450311161143238,0.006450311161143238,0.006450311161143238,0.006450311161143238,0.006450311161143238,0.006450311161143238,0.006450311161143238,0.006450311161143238,0.006450311161143238,0.006450311161143238,0.006450311161143238,0.006450311161143238,0.006450311161143238,0.006450311161143238,0.006450311161143238,0.006450311161143238,0.006450311161143238,0.006450311161143238,0.006450311161143238,0.006450311161143238
1127,G,1.0091152139480375e-05,1.0091152139480375e-05,1.0091152139480375e-05,1.0091152139480375e-05,1.0091152139480375e-05,1.0091152139480375e-05,1.0091152139480375e-05,1.0091152139480375e-05,1.0091152139480375e-05,1.0091152139480375e-05,1.0091152139480375e-05,1.0091152139480375e-05,1.0091152139480375e-05,1.0091152139480375e-05,1.0091152139480375e-05,1.0091152139480375e-05,1.0091152139480375e-05,1.0091152139480375e-05,1.0091152139480375e-05,1.0091152139480375e-05,1.0091152139480375e-05,1.0091152139480375e-05,1.0091152139480375e-05,1.0091152139480375e-05
1128,G,0.0005505114149881546,0.0005505114149881546,0.0005505114149881546,0.0005505114149881546,0.0005505114149881546,0.0005505114149881546,0.0005505114149881546,0.0005505114149881546,0.0005505114149881546,0.0005505114149881546,0.0005505114149881546,0.0005505114149881546,0.0005505114149881546,0.0005505114149881546,0.0005505114149881546,0.0005505114149881546,0.0005505114149881546,0.0005505114149881546,0.0005505114149881546,0.0005505114149881546,0.0005505114149881546,0.0005505114149881546,0.0005505114149881546,0.0005505114149881546
1129,T,3.831415417292009e-05,3.831415417292009e-05,3.831415417292009e-05,3.831415417292009e-05,3.831415417292009e-05,3.831415417292009e-05,3.831415417292009e-05,3.831415417292009e-05,3.831415417292009e-05,3.831415417292009e-05,3.831415417292009e-05,3.831415417292009e-05,3.831415417292009e-05,3.831415417292009e-05,3.831415417292009e-05,3.831415417292009e-05,3.831415417292009e-05,3.831415417292009e-05,3.831415417292009e-05,3.831415417292009e-05,3.831415417292009e-05,3.831415417292009e-05,3.831415417292009e-05,3.831415417292009e-05
1130,C,0.027453274618962593,0.027453274618962593,0.027453274618962593,0.027453274618962593,0.027453274618962593,0.027453274618962593,0.027453274618962593,0.027453274618962593,0.027453274618962593,0.027453274618962593,0.027453274618962593,0.027453274618962593,0.027453274618962593,0.027453274618962593,0.027453274618962593,0.027453274618962593,0.027453274618962593,0.027453274618962593,0.027453274618962593,0.027453274618962593,0.027453274618962593,0.027453274618962593,0.027453274618962593,0.027453274618962593
1131,A,0.010644365817219118,0.010644365817219118,0.010644365817219118,0.010644365817219118,0.010644365817219118,0.010644365817219118,0.010644365817219118,0.010644365817219118,0.010644365817219118,0.010644365817219118,0.010644365817219118,0.010644365817219118,0.010644365817219118,0.010644365817219118,0.010644365817219118,0.010644365817219118,0.010644365817219118,0.010644365817219118,0.010644365817219118,0.010644365817219118,0.010644365817219118,0.010644365817219118,0.010644365817219118,0.010644365817219118
1132,G,0.011435304305795679,0.011435304305795679,0.011435304305795679,0.011435304305795679,0.011435304305795679,0.011435304305795679,0.011435304305795679,0.011435304305795679,0.011435304305795679,0.011435304305795679,0.011435304305795679,0.011435304305795679,0.011435304305795679,0.011435304305795679,0.011435304305795679,0.011435304305795679,0.011435304305795679,0.011435304305795679,0.011435304305795679,0.011435304305795679,0.011435304305795679,0.011435304305795679,0.011435304305795679,0.011435304305795679
1133,T,0.0002504363366778147,0.0002504363366778147,0.0002504363366778147,0.0002504363366778147,0.0002504363366778147,0.0002504363366778147,0.0002504363366778147,0.0002504363366778147,0.0002504363366778147,0.0002504363366778147,0.0002504363366778147,0.0002504363366778147,0.0002504363366778147,0.0002504363366778147,0.0002504363366778147,0.0002504363366778147,0.0002504363366778147,0.0002504363366778147,0.0002504363366778147,0.0002504363366778147,0.0002504363366778147,0.0002504363366778147,0.0002504363366778147,0.0002504363366778147
1134,G,0.0013027355082877066,0.0013027355082877066,0.0013027355082877066,0.0013027355082877066,0.0013027355082877066,0.0013027355082877066,0.0013027355082877066,0.0013027355082877066,0.0013027355082877066,0.0013027355082877066,0.0013027355082877066,0.0013027355082877066,0.0013027355082877066,0.0013027355082877066,0.0013027355082877066,0.0013027355082877066,0.0013027355082877066,0.0013027355082877066,0.0013027355082877066,0.0013027355082877066,0.0013027355082877066,0.0013027355082877066,0.0013027355082877066,0.0013027355082877066
1135,C,0.007951341071319147,0.007951341071319147,0.007951341071319147,0.007951341071319147,0.007951341071319147,0.007951341071319147,0.007951341071319147,0.007951341071319147,0.007951341071319147,0.007951341071319147,0.007951341071319147,0.007951341071319147,0.007951341071319147,0.007951341071319147,0.007951341071319147,0.007951341071319147,0.007951341071319147,0.007951341071319147,0.007951341071319147,0.007951341071319147,0.007951341071319147,0.007951341071319147,0.007951341071319147,0.007951341071319147
1136,T,0.003343809810870207,0.003343809810870207,0.003343809810870207,0.003343809810870207,0.003343809810870207,0.003343809810870207,0.003343809810870207,0.003343809810870207,0.003343809810870207,0.003343809810870207,0.003343809810870207,0.003343809810870207,0.003343809810870207,0.003343809810870207,0.003343809810870207,0.003343809810870207,0.003343809810870207,0.003343809810870207,0.003343809810870207,0.003343809810870207,0.003343809810870207,0.003343809810870207,0.003343809810870207,0.003343809810870207
1137,G,0.0008025661592014679,0.0008025661592014679,0.0008025661592014679,0.0008025661592014679,0.0008025661592014679,0.0008025661592014679,0.0008025661592014679,0.0008025661592014679,0.0008025661592014679,0.0008025661592014679,0.0008025661592014679,0.0008025661592014679,0.0008025661592014679,0.0008025661592014679,0.0008025661592014679,0.0008025661592014679,0.0008025661592014679,0.0008025661592014679,0.0008025661592014679,0.0008025661592014679,0.0008025661592014679,0.0008025661592014679,0.0008025661592014679,0.0008025661592014679
1138,C,0.032945313663109196,0.032945313663109196,0.032945313663109196,0.032945313663109196,0.032945313663109196,0.032945313663109196,0.032945313663109196,0.032945313663109196,0.032945313663109196,0.032945313663109196,0.032945313663109196,0.032945313663109196,0.032945313663109196,0.032945313663109196,0.032945313663109196,0.032945313663109196,0.032945313663109196,0.032945313663109196,0.032945313663109196,0.032945313663109196,0.032945313663109196,0.032945313663109196,0.032945313663109196,0.032945313663109196
1139,A,0.023391509654048938,0.023391509654048938,0.023391509654048938,0.023391509654048938,0.023391509654048938,0.023391509654048938,0.023391509654048938,0.023391509654048938,0.023391509654048938,0.023391509654048938,0.023391509654048938,0.023391509654048938,0.023391509654048938,0.023391509654048938,0.023391509654048938,0.023391509654048938,0.023391509654048938,0.023391509654048938,0.023391509654048938,0.023391509654048938,0.023391509654048938,0.023391509654048938,0.023391509654048938,0.023391509654048938
1140,C,0.011034688833767582,0.011034688833767582,0.011034688833767582,0.011034688833767582,0.011034688833767582,0.011034688833767582,0.011034688833767582,0.011034688833767582,0.011034688833767582,0.011034688833767582,0.011034688833767582,0.011034688833767582,0.011034688833767582,0.011034688833767582,0.011034688833767582,0.011034688833767582,0.011034688833767582,0.011034688833767582,0.011034688833767582,0.011034688833767582,0.011034688833767582,0.011034688833767582,0.011034688833767582,0.011034688833767582
1141,C,0.06960444118251856,0.06960444118251856,0.06960444118251856,0.06960444118251856,0.06960444118251856,0.06960444118251856,0.06960444118251856,0.06960444118251856,0.06960444118251856,0.06960444118251856,0.06960444118251856,0.06960444118251856,0.06960444118251856,0.06960444118251856,0.06960444118251856,0.06960444118251856,0.06960444118251856,0.06960444118251856,0.06960444118251856,0.06960444118251856,0.06960444118251856,0.06960444118251856,0.06960444118251856,0.06960444118251856
1142,T,7.479830369136018e-08,7.479830369136018e-08,7.479830369136018e-08,7.479830369136018e-08,7.479830369136018e-08,7.479830369136018e-08,7.479830369136018e-08,7.479830369136018e-08,7.479830369136018e-08,7.479830369136018e-08,7.479830369136018e-08,7.479830369136018e-08,7.479830369136018e-08,7.479830369136018e-08,7.479830369136018e-08,7.479830369136018e-08,7.479830369136018e-08,7.479830369136018e-08,7.479830369136018e-08,7.479830369136018e-08,7.479830369136018e-08,7.479830369136018e-08,7.479830369136018e-08,7.479830369136018e-08
1143,A,0.016482266356040116,0.016482266356040116,0.016482266356040116,0.016482266356040116,0.016482266356040116,0.016482266356040116,0.016482266356040116,0.016482266356040116,0.016482266356040116,0.016482266356040116,0.016482266356040116,0.016482266356040116,0.016482266356040116,0.016482266356040116,0.016482266356040116,0.016482266356040116,0.016482266356040116,0.016482266356040116,0.016482266356040116,0.016482266356040116,0.016482266356040116,0.016482266356040116,0.016482266356040116,0.016482266356040116
1144,T,2.994693363688336e-23,2.994693363688336e-23,2.994693363688336e-23,2.994693363688336e-23,2.994693363688336e-23,2.994693363688336e-23,2.994693363688336e-23,2.994693363688336e-23,2.994693363688336e-23,2.994693363688336e-23,2.994693363688336e-23,2.994693363688336e-23,2.994693363688336e-23,2.994693363688336e-23,2.994693363688336e-23,2.994693363688336e-23,2.994693363688336e-23,2.994693363688336e-23,2.994693363688336e-23,2.994693363688336e-23,2.994693363688336e-23,2.994693363688336e-23,2.994693363688336e-23,2.994693363688336e-23
1145,C,0.07066616187386962,0.07066616187386962,0.07066616187386962,0.07066616187386962,0.07066616187386962,0.07066616187386962,0.07066616187386962,0.07066616187386962,0.07066616187386962,0.07066616187386962,0.07066616187386962,0.07066616187386962,0.07066616187386962,0.07066616187386962,0.07066616187386962,0.07066616187386962,0.07066616187386962,0.07066616187386962,0.07066616187386962,0.07066616187386962,0.07066616187386962,0.07066616187386962,0.07066616187386962,0.07066616187386962
1146,G,2.2075687108370848e-12,2.2075687108370848e-12,2.2075687108370848e-12,2.2075687108370848e-12,2.2075687108370848e-12,2.2075687108370848e-12,2.2075687108370848e-12,2.2075687108370848e-12,2.2075687108370848e-12,2.2075687108370848e-12,2.2075687108370848e-12,2.2075687108370848e-12,2.2075687108370848e-12,2.2075687108370848e-12,2.2075687108370848e-12,2.2075687108370848e-12,2.2075687108370848e-12,2.2075687108370848e-12,2.2075687108370848e-12,2.2075687108370848e-12,2.2075687108370848e-12,2.2075687108370848e-12,2.2075687108370848e-12,2.2075687108370848e-12
1147,G,2.0849756351285286e-05,2.0849756351285286e-05,2.0849756351285286e-05,2.0849756351285286e-05,2.0849756351285286e-05,2.0849756351285286e-05,2.0849756351285286e-05,2.0849756351285286e-05,2.0849756351285286e-05,2.0849756351285286e-05,2.0849756351285286e-05,2.0849756351285286e-05,2.0849756351285286e-05,2.0849756351285286e-05,2.0849756351285286e-05,2.0849756351285286e-05,2.0849756351285286e-05,2.0849756351285286e-05,2.0849756351285286e-05,2.0849756351285286e-05,2.0849756351285286e-05,2.0849756351285286e-05,2.0849756351285286e-05,2.0849756351285286e-05
1148,G,0.00017490503647950864,0.00017490503647950864,0.00017490503647950864,0.00017490503647950864,0.00017490503647950864,0.00017490503647950864,0.00017490503647950864,0.00017490503647950864,0.00017490503647950864,0.00017490503647950864,0.00017490503647950864,0.00017490503647950864,0.00017490503647950864,0.00017490503647950864,0.00017490503647950864,0.00017490503647950864,0.00017490503647950864,0.00017490503647950864,0.00017490503647950864,0.00017490503647950864,0.00017490503647950864,0.00017490503647950864,0.00017490503647950864,0.00017490503647950864
1149,C,0.010038695835125483,0.010038695835125483,0.010038695835125483,0.010038695835125483,0.010038695835125483,0.010038695835125483,0.010038695835125483,0.010038695835125483,0.010038695835125483,0.010038695835125483,0.010038695835125483,0.010038695835125483,0.010038695835125483,0.010038695835125483,0.010038695835125483,0.010038695835125483,0.010038695835125483,0.010038695835125483,0.010038695835125483,0.010038695835125483,0.010038695835125483,0.010038695835125483,0.010038695835125483,0.010038695835125483
1150,G,2.4164863415454375e-06,2.4164863415454375e-06,2.4164863415454375e-06,2.4164863415454375e-06,2.4164863415454375e-06,2.4164863415454375e-06,2.4164863415454375e-06,2.4164863415454375e-06,2.4164863415454375e-06,2.4164863415454375e-06,2.4164863415454375e-06,2.4164863415454375e-06,2.4164863415454375e-06,2.4164863415454375e-06,2.4164863415454375e-06,2.4164863415454375e-06,2.4164863415454375e-06,2.4164863415454375e-06,2.4164863415454375e-06,2.4164863415454375e-06,2.4164863415454375e-06,2.4164863415454375e-06,2.4164863415454375e-06,2.4164863415454375e-06
1151,C,0.009770376982717701,0.009770376982717701,0.009770376982717701,0.009770376982717701,0.009770376982717701,0.009770376982717701,0.009770376982717701,0.009770376982717701,0.009770376982717701,0.009770376982717701,0.009770376982717701,0.009770376982717701,0.009770376982717701,0.009770376982717701,0.009770376982717701,0.009770376982717701,0.009770376982717701,0.009770376982717701,0.009770376982717701,0.009770376982717701,0.009770376982717701,0.009770376982717701,0.009770376982717701,0.009770376982717701
1152,T,1.5165998071339107e-09,1.5165998071339107e-09,1.5165998071339107e-09,1.5165998071339107e-09,1.5165998071339107e-09,1.5165998071339107e-09,1.5165998071339107e-09,1.5165998071339107e-09,1.5165998071339107e-09,1.5165998071339107e-09,1.5165998071339107e-09,1.5165998071339107e-09,1.5165998071339107e-09,1.5165998071339107e-09,1.5165998071339107e-09,1.5165998071339107e-09,1.5165998071339107e-09,1.5165998071339107e-09,1.5165998071339107e-09,1.5165998071339107e-09,1.5165998071339107e-09,1.5165998071339107e-09,1.5165998071339107e-09,1.5165998071339107e-09
1153,G,0.001120040471293588,0.001120040471293588,0.001120040471293588,0.001120040471293588,0.001120040471293588,0.001120040471293588,0.001120040471293588,0.001120040471293588,0.001120040471293588,0.001120040471293588,0.001120040471293588,0.001120040471293588,0.001120040471293588,0.001120040471293588,0.001120040471293588,0.001120040471293588,0.001120040471293588,0.001120040471293588,0.001120040471293588,0.001120040471293588,0.001120040471293588,0.001120040471293588,0.001120040471293588,0.001120040471293588
1154,T,0.0031892603995974534,0.0031892603995974534,0.0031892603995974534,0.0031892603995974534,0.0031892603995974534,0.0031892603995974534,0.0031892603995974534,0.0031892603995974534,0.0031892603995974534,0.0031892603995974534,0.0031892603995974534,0.0031892603995974534,0.0031892603995974534,0.0031892603995974534,0.0031892603995974534,0.0031892603995974534,0.0031892603995974534,0.0031892603995974534,0.0031892603995974534,0.0031892603995974534,0.0031892603995974534,0.0031892603995974534,0.0031892603995974534,0.0031892603995974534
1155,G,0.008375383841991914,0.008375383841991914,0.008375383841991914,0.008375383841991914,0.008375383841991914,0.008375383841991914,0.008375383841991914,0.008375383841991914,0.008375383841991914,0.008375383841991914,0.008375383841991914,0.008375383841991914,0.008375383841991914,0.008375383841991914,0.008375383841991914,0.008375383841991914,0.008375383841991914,0.008375383841991914,0.008375383841991914,0.008375383841991914,0.008375383841991914,0.008375383841991914,0.008375383841991914,0.008375383841991914
1156,C,0.011386804874351186,0.011386804874351186,0.011386804874351186,0.011386804874351186,0.011386804874351186,0.011386804874351186,0.011386804874351186,0.011386804874351186,0.011386804874351186,0.011386804874351186,0.011386804874351186,0.011386804874351186,0.011386804874351186,0.011386804874351186,0.011386804874351186,0.011386804874351186,0.011386804874351186,0.011386804874351186,0.011386804874351186,0.011386804874351186,0.011386804874351186,0.011386804874351186,0.011386804874351186,0.011386804874351186
1157,C,0.02376107685073157,0.02376107685073157,0.02376107685073157,0.02376107685073157,0.02376107685073157,0.02376107685073157,0.02376107685073157,0.02376107685073157,0.02376107685073157,0.02376107685073157,0.02376107685073157,0.02376107685073157,0.02376107685073157,0.02376107685073157,0.02376107685073157,0.02376107685073157,0.02376107685073157,0.02376107685073157,0.02376107685073157,0.02376107685073157,0.02376107685073157,0.02376107685073157,0.02376107685073157,0.02376107685073157
1158,C,0.0020960504218720867,0.0020960504218720867,0.0020960504218720867,0.0020960504218720867,0.0020960504218720867,0.0020960504218720867,0.0020960504218720867,0.0020960504218720867,0.0020960504218720867,0.0020960504218720867,0.0020960504218720867,0.0020960504218720867,0.0020960504218720867,0.0020960504218720867,0.0020960504218720867,0.0020960504218720867,0.0020960504218720867,0.0020960504218720867,0.0020960504218720867,0.0020960504218720867,0.0020960504218720867,0.0020960504218720867,0.0020960504218720867,0.0020960504218720867
1159,G,6.234047831774302e-06,6.234047831774302e-06,6.234047831774302e-06,6.234047831774302e-06,6.234047831774302e-06,6.234047831774302e-06,6.234047831774302e-06,6.234047831774302e-06,6.234047831774302e-06,6.234047831774302e-06,6.234047831774302e-06,6.234047831774302e-06,6.234047831774302e-06,6.234047831774302e-06,6.234047831774302e-06,6.234047831774302e-06,6.234047831774302e-06,6.234047831774302e-06,6.234047831774302e-06,6.234047831774302e-06,6.234047831774302e-06,6.234047831774302e-06,6.234047831774302e-06,6.234047831774302e-06
1160,C,0.003746660750141638,0.003746660750141638,0.003746660750141638,0.003746660750141638,0.003746660750141638,0.003746660750141638,0.003746660750141638,0.003746660750141638,0.003746660750141638,0.003746660750141638,0.003746660750141638,0.003746660750141638,0.003746660750141638,0.003746660750141638,0.003746660750141638,0.003746660750141638,0.003746660750141638,0.003746660750141638,0.003746660750141638,0.003746660750141638,0.003746660750141638,0.003746660750141638,0.003746660750141638,0.003746660750141638
1161,G,0.003237864565911209,0.003237864565911209,0.003237864565911209,0.003237864565911209,0.003237864565911209,0.003237864565911209,0.003237864565911209,0.003237864565911209,0.003237864565911209,0.003237864565911209,0.003237864565911209,0.003237864565911209,0.003237864565911209,0.003237864565911209,0.003237864565911209,0.003237864565911209,0.003237864565911209,0.003237864565911209,0.003237864565911209,0.003237864565911209,0.003237864565911209,0.003237864565911209,0.003237864565911209,0.003237864565911209
1162,T,0.001061664974869972,0.001061664974869972,0.001061664974869972,0.001061664974869972,0.001061664974869972,0.001061664974869972,0.001061664974869972,0.001061664974869972,0.001061664974869972,0.001061664974869972,0.001061664974869972,0.001061664974869972,0.001061664974869972,0.001061664974869972,0.001061664974869972,0.001061664974869972,0.001061664974869972,0.001061664974869972,0.001061664974869972,0.001061664974869972,0.001061664974869972,0.001061664974869972,0.001061664974869972,0.001061664974869972
1163,T,1.4178961379708112e-05,1.4178961379708112e-05,1.4178961379708112e-05,1.4178961379708112e-05,1.4178961379708112e-05,1.4178961379708112e-05,1.4178961379708112e-05,1.4178961379708112e-05,1.4178961379708112e-05,1.4178961379708112e-05,1.4178961379708112e-05,1.4178961379708112e-05,1.4178961379708112e-05,1.4178961379708112e-05,1.4178961379708112e-05,1.4178961379708112e-05,1.4178961379708112e-05,1.4178961379708112e-05,1.4178961379708112e-05,1.4178961379708112e-05,1.4178961379708112e-05,1.4178961379708112e-05,1.4178961379708112e-05,1.4178961379708112e-05
1164,C,0.02263067869148515,0.02263067869148515,0.02263067869148515,0.02263067869148515,0.02263067869148515,0.02263067869148515,0.02263067869148515,0.02263067869148515,0.02263067869148515,0.02263067869148515,0.02263067869148515,0.02263067869148515,0.02263067869148515,0.02263067869148515,0.02263067869148515,0.02263067869148515,0.02263067869148515,0.02263067869148515,0.02263067869148515,0.02263067869148515,0.02263067869148515,0.02263067869148515,0.02263067869148515,0.02263067869148515
1165,A,0.024372703743514433,0.024372703743514433,0.024372703743514433,0.024372703743514433,0.024372703743514433,0.024372703743514433,0.024372703743514433,0.024372703743514433,0.024372703743514433,0.024372703743514433,0.024372703743514433,0.024372703743514433,0.024372703743514433,0.024372703743514433,0.024372703743514433,0.024372703743514433,0.024372703743514433,0.024372703743514433,0.024372703743514433,0.024372703743514433,0.024372703743514433,0.024372703743514433,0.024372703743514433,0.024372703743514433
1166,A,0.011454689558743427,0.011454689558743427,0.011454689558743427,0.011454689558743427,0.011454689558743427,0.011454689558743427,0.011454689558743427,0.011454689558743427,0.011454689558743427,0.011454689558743427,0.011454689558743427,0.011454689558743427,0.011454689558743427,0.011454689558743427,0.011454689558743427,0.011454689558743427,0.011454689558743427,0.011454689558743427,0.011454689558743427,0.011454689558743427,0.011454689558743427,0.011454689558743427,0.011454689558743427,0.011454689558743427
1167,C,0.014311954841041707,0.014311954841041707,0.014311954841041707,0.014311954841041707,0.014311954841041707,0.014311954841041707,0.014311954841041707,0.014311954841041707,0.014311954841041707,0.014311954841041707,0.014311954841041707,0.014311954841041707,0.014311954841041707,0.014311954841041707,0.014311954841041707,0.014311954841041707,0.014311954841041707,0.014311954841041707,0.014311954841041707,0.014311954841041707,0.014311954841041707,0.014311954841041707,0.014311954841041707,0.014311954841041707
1168,C,0.007972595267898803,0.007972595267898803,0.007972595267898803,0.007972595267898803,0.007972595267898803,0.007972595267898803,0.007972595267898803,0.007972595267898803,0.007972595267898803,0.007972595267898803,0.007972595267898803,0.007972595267898803,0.007972595267898803,0.007972595267898803,0.007972595267898803,0.007972595267898803,0.007972595267898803,0.007972595267898803,0.007972595267898803,0.007972595267898803,0.007972595267898803,0.007972595267898803,0.007972595267898803,0.007972595267898803
1169,G,0.0024314645536145873,0.0024314645536145873,0.0024314645536145873,0.0024314645536145873,0.0024314645536145873,0.0024314645536145873,0.0024314645536145873,0.0024314645536145873,0.0024314645536145873,0.0024314645536145873,0.0024314645536145873,0.0024314645536145873,0.0024314645536145873,0.0024314645536145873,0.0024314645536145873,0.0024314645536145873,0.0024314645536145873,0.0024314645536145873,0.0024314645536145873,0.0024314645536145873,0.0024314645536145873,0.0024314645536145873,0.0024314645536145873,0.0024314645536145873
1170,A,0.019975088297389827,0.019975088297389827,0.019975088297389827,0.019975088297389827,0.019975088297389827,0.019975088297389827,0.019975088297389827,0.019975088297389827,0.019975088297389827,0.019975088297389827,0.019975088297389827,0.019975088297389827,0.019975088297389827,0.019975088297389827,0.019975088297389827,0.019975088297389827,0.019975088297389827,0.019975088297389827,0.019975088297389827,0.019975088297389827,0.019975088297389827,0.019975088297389827,0.019975088297389827,0.019975088297389827
1171,A,0.032667380121047404,0.032667380121047404,0.032667380121047404,0.032667380121047404,0.032667380121047404,0.032667380121047404,0.032667380121047404,0.032667380121047404,0.032667380121047404,0.032667380121047404,0.032667380121047404,0.032667380121047404,0.032667380121047404,0.032667380121047404,0.032667380121047404,0.032667380121047404,0.032667380121047404,0.032667380121047404,0.032667380121047404,0.032667380121047404,0.032667380121047404,0.032667380121047404,0.032667380121047404,0.032667380121047404
1172,G,0.001237967312673183,0.001237967312673183,0.001237967312673183,0.001237967312673183,0.001237967312673183,0.001237967312673183,0.001237967312673183,0.001237967312673183,0.001237967312673183,0.001237967312673183,0.001237967312673183,0.001237967312673183,0.001237967312673183,0.001237967312673183,0.001237967312673183,0.001237967312673183,0.001237967312673183,0.001237967312673183,0.001237967312673183,0.001237967312673183,0.001237967312673183,0.001237967312673183,0.001237967312673183,0.001237967312673183
1173,G,0.0006761541248565169,0.0006761541248565169,0.0006761541248565169,0.0006761541248565169,0.0006761541248565169,0.0006761541248565169,0.0006761541248565169,0.0006761541248565169,0.0006761541248565169,0.0006761541248565169,0.0006761541248565169,0.0006761541248565169,0.0006761541248565169,0.0006761541248565169,0.0006761541248565169,0.0006761541248565169,0.0006761541248565169,0.0006761541248565169,0.0006761541248565169,0.0006761541248565169,0.0006761541248565169,0.0006761541248565169,0.0006761541248565169,0.0006761541248565169
1174,G,0.003126754314036488,0.003126754314036488,0.003126754314036488,0.003126754314036488,0.003126754314036488,0.003126754314036488,0.003126754314036488,0.003126754314036488,0.003126754314036488,0.003126754314036488,0.003126754314036488,0.003126754314036488,0.003126754314036488,0.003126754314036488,0.003126754314036488,0.003126754314036488,0.003126754314036488,0.003126754314036488,0.003126754314036488,0.003126754314036488,0.003126754314036488,0.003126754314036488,0.003126754314036488,0.003126754314036488
1175,A,0.02538916782344196,0.02538916782344196,0.02538916782344196,0.02538916782344196,0.02538916782344196,0.02538916782344196,0.02538916782344196,0.02538916782344196,0.02538916782344196,0.02538916782344196,0.02538916782344196,0.02538916782344196,0.02538916782344196,0.02538916782344196,0.02538916782344196,0.02538916782344196,0.02538916782344196,0.02538916782344196,0.02538916782344196,0.02538916782344196,0.02538916782344196,0.02538916782344196,0.02538916782344196,0.02538916782344196
1176,A,0.0020212099872888275,0.0020212099872888275,0.0020212099872888275,0.0020212099872888275,0.0020212099872888275,0.0020212099872888275,0.0020212099872888275,0.0020212099872888275,0.0020212099872888275,0.0020212099872888275,0.0020212099872888275,0.0020212099872888275,0.0020212099872888275,0.0020212099872888275,0.0020212099872888275,0.0020212099872888275,0.0020212099872888275,0.0020212099872888275,0.0020212099872888275,0.0020212099872888275,0.0020212099872888275,0.0020212099872888275,0.0020212099872888275,0.0020212099872888275
1177,T,3.122564979950022e-10,3.122564979950022e-10,3.122564979950022e-10,3.122564979950022e-10,3.122564979950022e-10,3.122564979950022e-10,3.122564979950022e-10,3.122564979950022e-10,3.122564979950022e-10,3.122564979950022e-10,3.122564979950022e-10,3.122564979950022e-10,3.122564979950022e-10,3.122564979950022e-10,3.122564979950022e-10,3.122564979950022e-10,3.122564979950022e-10,3.122564979950022e-10,3.122564979950022e-10,3.122564979950022e-10,3.122564979950022e-10,3.122564979950022e-10,3.122564979950022e-10,3.122564979950022e-10
1178,G,0.010546266769856729,0.010546266769856729,0.010546266769856729,0.010546266769856729,0.010546266769856729,0.010546266769856729,0.010546266769856729,0.010546266769856729,0.010546266769856729,0.010546266769856729,0.010546266769856729,0.010546266769856729,0.010546266769856729,0.010546266769856729,0.010546266769856729,0.010546266769856729,0.010546266769856729,0.010546266769856729,0.010546266769856729,0.010546266769856729,0.010546266769856729,0.010546266769856729,0.010546266769856729,0.010546266769856729
1179,T,2.6216907174708965e-06,2.6216907174708965e-06,2.6216907174708965e-06,2.6216907174708965e-06,2.6216907174708965e-06,2.6216907174708965e-06,2.6216907174708965e-06,2.6216907174708965e-06,2.6216907174708965e-06,2.6216907174708965e-06,2.6216907174708965e-06,2.6216907174708965e-06,2.6216907174708965e-06,2.6216907174708965e-06,2.6216907174708965e-06,2.6216907174708965e-06,2.6216907174708965e-06,2.6216907174708965e-06,2.6216907174708965e-06,2.6216907174708965e-06,2.6216907174708965e-06,2.6216907174708965e-06,2.6216907174708965e-06,2.6216907174708965e-06
1180,G,2.61871072653132e-05,2.61871072653132e-05,2.61871072653132e-05,2.61871072653132e-05,2.61871072653132e-05,2.61871072653132e-05,2.61871072653132e-05,2.61871072653132e-05,2.61871072653132e-05,2.61871072653132e-05,2.61871072653132e-05,2.61871072653132e-05,2.61871072653132e-05,2.61871072653132e-05,2.61871072653132e-05,2.61871072653132e-05,2.61871072653132e-05,2.61871072653132e-05,2.61871072653132e-05,2.61871072653132e-05,2.61871072653132e-05,2.61871072653132e-05,2.61871072653132e-05,2.61871072653132e-05
1181,T,2.898844675692806e-05,2.898844675692806e-05,2.898844675692806e-05,2.898844675692806e-05,2.898844675692806e-05,2.898844675692806e-05,2.898844675692806e-05,2.898844675692806e-05,2.898844675692806e-05,2.898844675692806e-05,2.898844675692806e-05,2.898844675692806e-05,2.898844675692806e-05,2.898844675692806e-05,2.898844675692806e-05,2.898844675692806e-05,2.898844675692806e-05,2.898844675692806e-05,2.898844675692806e-05,2.898844675692806e-05,2.898844675692806e-05,2.898844675692806e-05,2.898844675692806e-05,2.898844675692806e-05
1182,A,0.0056568483508081914,0.0056568483508081914,0.0056568483508081914,0.0056568483508081914,0.0056568483508081914,0.0056568483508081914,0.0056568483508081914,0.0056568483508081914,0.0056568483508081914,0.0056568483508081914,0.0056568483508081914,0.0056568483508081914,0.0056568483508081914,0.0056568483508081914,0.0056568483508081914,0.0056568483508081914,0.0056568483508081914,0.0056568483508081914,0.0056568483508081914,0.0056568483508081914,0.0056568483508081914,0.0056568483508081914,0.0056568483508081914,0.0056568483508081914
1183,A,0.02510985735800282,0.02510985735800282,0.02510985735800282,0.02510985735800282,0.02510985735800282,0.02510985735800282,0.02510985735800282,0.02510985735800282,0.02510985735800282,0.02510985735800282,0.02510985735800282,0.02510985735800282,0.02510985735800282,0.02510985735800282,0.02510985735800282,0.02510985735800282,0.02510985735800282,0.02510985735800282,0.02510985735800282,0.02510985735800282,0.02510985735800282,0.02510985735800282,0.02510985735800282,0.02510985735800282
1184,A,0.015347104640783649,0.015347104640783649,0.015347104640783649,0.015347104640783649,0.015347104640783649,0.015347104640783649,0.015347104640783649,0.015347104640783649,0.015347104640783649,0.015347104640783649,0.015347104640783649,0.015347104640783649,0.015347104640783649,0.015347104640783649,0.015347104640783649,0.015347104640783649,0.015347104640783649,0.015347104640783649,0.015347104640783649,0.015347104640783649,0.015347104640783649,0.015347104640783649,0.015347104640783649,0.015347104640783649
1185,A,0.0003701224051231421,0.0003701224051231421,0.0003701224051231421,0.0003701224051231421,0.0003701224051231421,0.0003701224051231421,0.0003701224051231421,0.0003701224051231421,0.0003701224051231421,0.0003701224051231421,0.0003701224051231421,0.0003701224051231421,0.0003701224051231421,0.0003701224051231421,0.0003701224051231421,0.0003701224051231421,0.0003701224051231421,0.0003701224051231421,0.0003701224051231421,0.0003701224051231421,0.0003701224051231421,0.0003701224051231421,0.0003701224051231421,0.0003701224051231421
1186,T,4.285256030140464e-20,4.285256030140464e-20,4.285256030140464e-20,4.285256030140464e-20,4.285256030140464e-20,4.285256030140464e-20,4.285256030140464e-20,4.285256030140464e-20,4.285256030140464e-20,4.285256030140464e-20,4.285256030140464e-20,4.285256030140464e-20,4.285256030140464e-20,4.285256030140464e-20,4.285256030140464e-20,4.285256030140464e-20,4.285256030140464e-20,4.285256030140464e-20,4.285256030140464e-20,4.285256030140464e-20,4.285256030140464e-20,4.285256030140464e-20,4.285256030140464e-20,4.285256030140464e-20
1187,T,6.754692216104673e-23,6.754692216104673e-23,6.754692216104673e-23,6.754692216104673e-23,6.754692216104673e-23,6.754692216104673e-23,6.754692216104673e-23,6.754692216104673e-23,6.754692216104673e-23,6.754692216104673e-23,6.754692216104673e-23,6.754692216104673e-23,6.754692216104673e-23,6.754692216104673e-23,6.754692216104673e-23,6.754692216104673e-23,6.754692216104673e-23,6.754692216104673e-23,6.754692216104673e-23,6.754692216104673e-23,6.754692216104673e-23,6.754692216104673e-23,6.754692216104673e-23,6.754692216104673e-23
1188,C,0.13065268875192984,0.13065268875192984,0.13065268875192984,0.13065268875192984,0.13065268875192984,0.13065268875192984,0.13065268875192984,0.13065268875192984,0.13065268875192984,0.13065268875192984,0.13065268875192984,0.13065268875192984,0.13065268875192984,0.13065268875192984,0.13065268875192984,0.13065268875192984,0.13065268875192984,0.13065268875192984,0.13065268875192984,0.13065268875192984,0.13065268875192984,0.13065268875192984,0.13065268875192984,0.13065268875192984
1189,C,0.027083916680192516,0.027083916680192516,0.027083916680192516,0.027083916680192516,0.027083916680192516,0.027083916680192516,0.027083916680192516,0.027083916680192516,0.027083916680192516,0.027083916680192516,0.027083916680192516,0.027083916680192516,0.027083916680192516,0.027083916680192516,0.027083916680192516,0.027083916680192516,0.027083916680192516,0.027083916680192516,0.027083916680192516,0.027083916680192516,0.027083916680192516,0.027083916680192516,0.027083916680192516,0.027083916680192516
1190,G,2.5127747939903342e-05,2.5127747939903342e-05,2.5127747939903342e-05,2.5127747939903342e-05,2.5127747939903342e-05,2.5127747939903342e-05,2.5127747939903342e-05,2.5127747939903342e-05,2.5127747939903342e-05,2.5127747939903342e-05,2.5127747939903342e-05,2.5127747939903342e-05,2.5127747939903342e-05,2.5127747939903342e-05,2.5127747939903342e-05,2.5127747939903342e-05,2.5127747939903342e-05,2.5127747939903342e-05,2.5127747939903342e-05,2.5127747939903342e-05,2.5127747939903342e-05,2.5127747939903342e-05,2.5127747939903342e-05,2.5127747939903342e-05
1191,C,0.018193375266132676,0.018193375266132676,0.018193375266132676,0.018193375266132676,0.018193375266132676,0.018193375266132676,0.018193375266132676,0.018193375266132676,0.018193375266132676,0.018193375266132676,0.018193375266132676,0.018193375266132676,0.018193375266132676,0.018193375266132676,0.018193375266132676,0.018193375266132676,0.018193375266132676,0.018193375266132676,0.018193375266132676,0.018193375266132676,0.018193375266132676,0.018193375266132676,0.018193375266132676,0.018193375266132676
1192,A,0.005700326663532732,0.005700326663532732,0.005700326663532732,0.005700326663532732,0.005700326663532732,0.005700326663532732,0.005700326663532732,0.005700326663532732,0.005700326663532732,0.005700326663532732,0.005700326663532732,0.005700326663532732,0.005700326663532732,0.005700326663532732,0.005700326663532732,0.005700326663532732,0.005700326663532732,0.005700326663532732,0.005700326663532732,0.005700326663532732,0.005700326663532732,0.005700326663532732,0.005700326663532732,0.005700326663532732
1193,C,0.02283308478375485,0.02283308478375485,0.02283308478375485,0.02283308478375485,0.02283308478375485,0.02283308478375485,0.02283308478375485,0.02283308478375485,0.02283308478375485,0.02283308478375485,0.02283308478375485,0.02283308478375485,0.02283308478375485,0.02283308478375485,0.02283308478375485,0.02283308478375485,0.02283308478375485,0.02283308478375485,0.02283308478375485,0.02283308478375485,0.02283308478375485,0.02283308478375485,0.02283308478375485,0.02283308478375485
1194,C,0.025276288210438192,0.025276288210438192,0.025276288210438192,0.025276288210438192,0.025276288210438192,0.025276288210438192,0.025276288210438192,0.025276288210438192,0.025276288210438192,0.025276288210438192,0.025276288210438192,0.025276288210438192,0.025276288210438192,0.025276288210438192,0.025276288210438192,0.025276288210438192,0.025276288210438192,0.025276288210438192,0.025276288210438192,0.025276288210438192,0.025276288210438192,0.025276288210438192,0.025276288210438192,0.025276288210438192
1195,T,1.2233130273895475e-05,1.2233130273895475e-05,1.2233130273895475e-05,1.2233130273895475e-05,1.2233130273895475e-05,1.2233130273895475e-05,1.2233130273895475e-05,1.2233130273895475e-05,1.2233130273895475e-05,1.2233130273895475e-05,1.2233130273895475e-05,1.2233130273895475e-05,1.2233130273895475e-05,1.2233130273895475e-05,1.2233130273895475e-05,1.2233130273895475e-05,1.2233130273895475e-05,1.2233130273895475e-05,1.2233130273895475e-05,1.2233130273895475e-05,1.2233130273895475e-05,1.2233130273895475e-05,1.2233130273895475e-05,1.2233130273895475e-05
1196,A,0.09299308987228624,0.09299308987228624,0.09299308987228624,0.09299308987228624,0.09299308987228624,0.09299308987228624,0.09299308987228624,0.09299308987228624,0.09299308987228624,0.09299308987228624,0.09299308987228624,0.09299308987228624,0.09299308987228624,0.09299308987228624,0.09299308987228624,0.09299308987228624,0.09299308987228624,0.09299308987228624,0.09299308987228624,0.09299308987228624,0.09299308987228624,0.09299308987228624,0.09299308987228624,0.09299308987228624
1197,G,0.00023789360388819933,0.00023789360388819933,0.00023789360388819933,0.00023789360388819933,0.00023789360388819933,0.00023789360388819933,0.00023789360388819933,0.00023789360388819933,0.00023789360388819933,0.00023789360388819933,0.00023789360388819933,0.00023789360388819933,0.00023789360388819933,0.00023789360388819933,0.00023789360388819933,0.00023789360388819933,0.00023789360388819933,0.00023789360388819933,0.00023789360388819933,0.00023789360388819933,0.00023789360388819933,0.00023789360388819933,0.00023789360388819933,0.00023789360388819933
1198,T,3.469580697466822e-08,3.469580697466822e-08,3.469580697466822e-08,3.469580697466822e-08,3.469580697466822e-08,3.469580697466822e-08,3.469580697466822e-08,3.469580697466822e-08,3.469580697466822e-08,3.469580697466822e-08,3.469580697466822e-08,3.469580697466822e-08,3.469580697466822e-08,3.469580697466822e-08,3.469580697466822e-08,3.469580697466822e-08,3.469580697466822e-08,3.469580697466822e-08,3.469580697466822e-08,3.469580697466822e-08,3.469580697466822e-08,3.469580697466822e-08,3.469580697466822e-08,3.469580697466822e-08
1199,T,0.0022724246484320722,0.0022724246484320722,0.0022724246484320722,0.0022724246484320722,0.0022724246484320722,0.0022724246484320722,0.0022724246484320722,0.0022724246484320722,0.0022724246484320722,0.0022724246484320722,0.0022724246484320722,0.0022724246484320722,0.0022724246484320722,0.0022724246484320722,0.0022724246484320722,0.0022724246484320722,0.0022724246484320722,0.0022724246484320722,0.0022724246484320722,0.0022724246484320722,0.0022724246484320722,0.0022724246484320722,0.0022724246484320722,0.0022724246484320722
1200,G,6.138209016057236e-10,6.138209016057236e-10,6.138209016057236e-10,6.138209016057236e-10,6.138209016057236e-10,6.138209016057236e-10,6.138209016057236e-10,6.138209016057236e-10,6.138209016057236e-10,6.138209016057236e-10,6.138209016057236e-10,6.138209016057236e-10,6.138209016057236e-10,6.138209016057236e-10,6.138209016057236e-10,6.138209016057236e-10,6.138209016057236e-10,6.138209016057236e-10,6.138209016057236e-10,6.138209016057236e-10,6.138209016057236e-10,6.138209016057236e-10,6.138209016057236e-10,6.138209016057236e-10
