K,,2,2
Cluster,,1,2
Position,Base,,
1,C,0.031121089489776918,0.031121089489776918
3,C,0.00788129143679961,0.00788129143679961
6,A,0.013390288557091082,0.013390288557091082
8,C,0.003390155401675933,0.003390155401675933
10,C,0.01559261411972735,0.01559261411972735
12,C,0.003413642501432413,0.003413642501432413
13,A,0.009411556262857593,0.009411556262857593
14,A,0.011247634742359645,0.011247634742359645
15,A,0.016936667442805694,0.016936667442805694
17,C,0.006784858616263304,0.006784858616263304
18,A,0.029236761325425013,0.029236761325425013
19,C,0.029384969491862638,0.029384969491862638
20,C,0.004149744126795281,0.004149744126795281
21,A,0.024256796517274935,0.024256796517274935
23,C,0.007414258979134605,0.007414258979134605
24,A,0.009386436041084722,0.009386436041084722
25,C,0.06868447415943021,0.06868447415943021
30,A,0.004366731154430363,0.004366731154430363
32,C,0.00602520797013974,0.00602520797013974
35,A,0.013667478117983013,0.013667478117983013
37,A,0.016939279744167552,0.016939279744167552
39,A,0.004398650460502087,0.004398650460502087
40,C,0.009407655932590905,0.009407655932590905
42,A,0.07651533882146828,0.07651533882146828
43,C,0.040072396271069226,0.040072396271069226
44,A,0.012062479501076464,0.012062479501076464
48,C,0.008910710508133668,0.008910710508133668
49,C,0.005310524642714549,0.005310524642714549
50,A,0.006420156577844898,0.006420156577844898
52,A,0.016685607186390786,0.016685607186390786
54,C,0.006808367162635144,0.008755166321816448
57,A,0.013112310909593293,0.019956987435042647
63,C,0.006474521705589915,0.0077615254796925106
64,A,0.04462787234201398,0.005204245961932765
65,A,0.008753053803426131,0.02753924208422352
66,C,0.00820806949384513,0.03668170659733565
68,A,0.0794717919098087,0.0069281017695074915
69,A,0.00047054817841180795,0.02069908902004732
70,C,0.0038257108879420692,0.025901642928340077
72,A,0.07289398099982387,0.0009914769263321497
73,C,0.08459580549659172,0.003045614391003334
74,A,0.02950923780443919,0.020950133549256632
75,A,0.08627396585772616,0.016177502450725374
76,A,0.03922496115837967,0.03684943797351005
78,C,0.004142525895416178,0.010763980370378168
79,A,0.008692055729348214,0.008728816640523322
80,C,0.0017248652851722466,0.029286449761223878
83,A,0.007740607009586859,0.05241938474982373
84,A,0.0019820442900710966,0.029787471334826048
90,A,0.0034402951394397084,0.0034402951394397084
92,A,0.019544345058487726,0.019544345058487726
93,C,0.0005068445450311061,0.0005068445450311061
94,A,0.00033216944882992206,0.00033216944882992206
95,C,0.01657383729633881,0.01657383729633881
97,A,0.0015595091581914662,0.0015595091581914662
100,C,0.010450672739731928,0.010450672739731928
103,A,0.017383484858817362,0.017383484858817362
107,C,0.02789017790071047,0.02789017790071047
108,A,0.015546666349378957,0.015546666349378957
109,C,0.01663106871120572,0.01663106871120572
112,C,0.007875669891302275,0.007875669891302275
113,A,0.0058689330859431465,0.0058689330859431465
114,A,0.014027518947543723,0.014027518947543723
117,C,0.01441170408735032,0.01441170408735032
120,A,0.014060824607718214,0.014060824607718214
121,C,0.007107772478833969,0.007107772478833969
122,A,0.005491897446195335,0.005491897446195335
124,C,0.004530629137819315,0.004530629137819315
125,C,0.08493381616745964,0.08493381616745964
128,A,0.01028329741921305,0.01028329741921305
129,C,0.005634034002039027,0.005634034002039027
131,A,0.0011014228084266758,0.0011014228084266758
133,A,0.002966109258531788,0.002966109258531788
135,A,0.011113353475520801,0.011113353475520801
137,C,0.01935633684890007,0.01935633684890007
143,C,0.005998588624115756,0.005998588624115756
144,A,0.005521658501996716,0.005521658501996716
145,C,0.03662258203074776,0.03662258203074776
147,A,0.023469299520793373,0.023469299520793373
148,C,0.09718843791322405,0.09718843791322405
149,A,0.0015566410828770664,0.0015566410828770664
152,A,0.004179974516227343,0.004179974516227343
154,C,0.01197485382478413,0.01197485382478413
155,C,0.00039364538371187985,0.00039364538371187985
156,C,0.030045915735851428,0.030045915735851428
158,C,0.022520234182317345,0.001686691010121089
159,A,0.03172789939602975,0.03380196481295681
161,A,0.0227744952090923,0.03001188923740531
162,C,0.0008465256220531886,0.01731258097444362
163,A,0.027795987772497435,0.004162206117019539
164,C,0.01430646604551973,0.004476469491321432
167,A,0.012471398466962031,0.04654838740997388
169,C,0.010115879643533948,0.0028105323881124538
170,A,0.019108634774739976,0.01045095327180445
171,C,0.051103061497518996,0.0018997508957917897
172,A,0.005109272525225471,0.009006288319615426
174,C,0.001456142841979583,0.0011328744827923771
175,C,0.00878936358633746,0.004865329244068278
176,A,5.962493412889451e-05,0.004575011272928857
177,C,0.001447427887362655,0.005844262346203749
178,A,0.007727405104370827,0.012409573763273766
179,A,0.003748935052033346,0.001045141235885201
187,C,0.0077740596452956,0.003345742752588945
188,C,0.08150522240818449,0.0022283028501365867
191,A,0.009886533741491751,0.022139367948540056
192,C,0.014697977184673135,0.03644228202972124
193,A,0.029057999505576592,0.009439420311740313
194,A,0.006483671286592849,0.04629832939236057
195,C,0.0011706190370619233,0.022031018001312526
196,A,0.0027024299539165817,0.017803377791256583
197,A,0.005756975189951709,0.03398937488521382
198,A,0.012815680495917465,0.025271209905378594
199,C,0.013887398523243916,0.04091631266287006
202,C,0.024743872183398605,0.0061558139754917
203,C,0.04684611496312225,0.030456506531641173
204,C,0.05421659977613851,0.011586182862134468
207,C,0.03901337649669788,0.030848054543304682
208,A,0.028650636208497806,0.01577928953430783
209,C,0.018956204340549895,0.02573242665965914
211,A,0.02059509013224138,0.006647626438002594
212,A,0.034308092685140304,0.0012265164881613629
214,C,0.04005569000686599,0.027837914855718203
215,A,0.0039142853669552466,0.0250076302019397
219,A,0.04163780044792422,0.0263825417237065
220,C,0.002964681411403428,0.021493023018930676
221,A,0.03115358140517396,0.03477759056513874
222,A,0.012873062228059265,0.004053659615862184
227,A,0.019911765985554844,0.08704123515776374
228,C,0.023556305560285828,0.022775035765506255
231,A,0.018308975144372554,0.015353751383646941
233,C,0.01716765232498629,0.02040885056122903
234,C,0.00018416388146150583,0.017575351269772835
236,A,0.009751367126406998,0.00785681688922843
238,A,0.040489786723884064,0.004372585886393363
240,C,3.7129681508569416e-05,3.7129681508569416e-05
241,A,0.0009162892721306228,0.0009162892721306228
242,C,0.008572833090672118,0.008572833090672118
243,C,0.003246696475495771,0.003246696475495771
244,A,0.01627834304749402,0.01627834304749402
245,A,0.04290906820869535,0.04290906820869535
246,C,0.03207854968655024,0.03207854968655024
254,A,0.008922034809592647,0.020978729363069635
255,A,0.0004909178582991883,0.0051575311808395195
256,C,1.748115160008154e-05,0.031451132651829486
257,C,0.0014927423711333743,0.038407246835775684
258,A,0.02254851316688996,0.027854048356060777
259,C,0.007716149785614596,0.00713820675427684
261,C,0.011389749760431453,0.01297599638375185
263,A,0.013843720687166482,0.0054194613987487
265,C,0.01809643147464911,0.04752340862765413
266,C,0.03878767211206134,0.046395875115809136
267,C,0.0280347078872432,0.0028269500805303723
270,C,0.011461158220190382,0.009700616039741688
272,C,0.00034210969787849203,0.001812574995903362
273,C,0.01667808257704371,0.007377264590990158
274,A,0.0031005615494475603,0.008149539670148837
275,C,0.013287347603208016,0.008088315537324198
277,A,0.007849806998279207,0.014945139242056439
278,C,0.05733148022013461,0.010964045248500597
280,C,0.006255016129457973,0.0002075320350983312
281,C,0.06069028422661062,0.022065515728601673
284,A,0.028398660824828306,0.003447555503208591
285,A,0.013289408398449856,0.03686349565103686
286,C,0.02373030500352547,0.007945612383987624
287,A,0.02545610587443897,0.007187047095228593
289,A,0.03529420372135641,0.007354832401317234
291,A,0.02642080134893983,0.02642080134893983
293,A,0.023988120759958067,0.023988120759958067
294,C,0.008815661043601387,0.008815661043601387
295,A,0.007631091871754664,0.007631091871754664
297,C,0.009035881768041086,0.009035881768041086
298,C,0.0023810540343167414,0.0023810540343167414
299,A,0.0027444391644721147,0.0027444391644721147
302,C,0.03152119115854476,0.03152119115854476
303,C,0.0017633744466097028,0.0017633744466097028
305,C,0.03378838742700387,0.03378838742700387
309,C,0.010748949504279594,0.010748949504279594
310,A,0.022136651455661936,0.022136651455661936
315,A,0.004966548816377646,0.004966548816377646
317,A,0.007123823183535038,0.007123823183535038
318,C,0.001826232632479809,0.001826232632479809
319,A,0.015943446480934043,0.015943446480934043
320,A,0.01438450496836866,0.01438450496836866
322,A,0.031400949985305626,0.031400949985305626
326,A,0.003269749793894282,0.003269749793894282
329,C,0.009722979082597578,0.009722979082597578
331,C,0.021094841622989417,0.021094841622989417
333,C,0.010214830233645422,0.010214830233645422
338,C,0.005001024176760006,0.005001024176760006
340,A,0.007975366473853749,0.007975366473853749
342,A,0.036773631761193436,0.036773631761193436
344,A,0.015837119824227995,0.015837119824227995
346,A,0.003302546911462575,0.003302546911462575
347,A,0.0043279265680096525,0.0043279265680096525
348,C,0.028627923750412846,0.028627923750412846
349,A,0.01904998496115218,0.01904998496115218
350,A,0.05780635787367339,0.05780635787367339
353,A,0.008260004940906878,0.008260004940906878
355,C,0.005066966237557692,0.005066966237557692
359,A,0.028994348063977902,0.028994348063977902
361,C,0.002280783199659702,0.002280783199659702
364,C,0.0034711895601547316,0.0034711895601547316
365,A,0.009413209605154198,0.009413209605154198
366,A,0.021006305086754946,0.021006305086754946
368,C,0.0006213821083904076,0.0006213821083904076
369,A,0.04922756672782257,0.04922756672782257
370,A,0.006542623478929237,0.006542623478929237
377,C,0.00448331509266279,0.00448331509266279
378,A,0.036975274643919656,0.036975274643919656
379,A,0.010643677828706104,0.010643677828706104
383,C,0.009305210480424915,0.009305210480424915
384,C,0.0013711732104776347,0.0013711732104776347
392,C,0.004862384042633271,0.004862384042633271
395,C,0.09259431080822567,0.0021592743373282253
396,A,0.007175777866902057,0.0019739559164410367
397,A,0.01441558336945359,0.006302994509622247
399,C,0.04297397371032859,0.04418531883985151
401,C,0.06534644850768744,0.02586430171820877
402,A,0.005496722787784585,0.005496722787784585
404,C,0.004078967096973049,0.004078967096973049
406,C,0.10345411684021709,0.10345411684021709
407,A,0.004813300311377448,0.004813300311377448
410,C,0.0031194099260665234,0.0031194099260665234
412,C,0.007278065767698396,0.018384105808517896
417,C,0.007610363835894198,0.024619309885275206
419,C,0.009785001944503179,0.025444383719537667
420,C,0.1473963473656182,0.1473963473656182
