Relationship,,2,2,2,2,16,16,16,16,32,32,32,32,64,64,64,64,113,113,113,113,128,128,128,128,177,177,177,177,209,209,209,209,225,225,225,225,241,241,241,241,1,1,1,1
K,,4,4,4,4,4,4,4,4,4,4,4,4,4,4,4,4,4,4,4,4,4,4,4,4,4,4,4,4,4,4,4,4,4,4,4,4,4,4,4,4,4,4,4,4
Cluster,,1,2,3,4,1,2,3,4,1,2,3,4,1,2,3,4,1,2,3,4,1,2,3,4,1,2,3,4,1,2,3,4,1,2,3,4,1,2,3,4,1,2,3,4
Position,Base,,,,,,,,,,,,,,,,,,,,,,,,,,,,,,,,,,,,,,,,,,,,
1,T,1.5283149679703318e-27,1.5283149679703318e-27,1.5283149679703318e-27,1.5283149679703318e-27,1.0784450410371222e-56,1.0784450410371222e-56,1.0784450410371222e-56,1.0784450410371222e-56,1.0188270572626104e-85,1.0188270572626104e-85,1.0188270572626104e-85,1.0188270572626104e-85,1.769226377316098e-38,1.769226377316098e-38,1.769226377316098e-38,1.769226377316098e-38,0.00989270899816923,0.00989270899816923,0.00989270899816923,0.00989270899816923,0.0,0.0,0.0,0.0,0.0,0.0,0.0,0.0,0.0,0.0,0.0,0.0,0.0,0.0,0.0,0.0,0.0,0.0,0.0,0.0,0.9901072910018307,0.9901072910018307,0.9901072910018307,0.9901072910018307
2,A,0.00040693001514749123,0.00040693001514749123,0.00040693001514749123,0.00040693001514749123,0.0,0.0,0.0,0.0,0.012263393519708758,0.012263393519708758,0.012263393519708758,0.012263393519708758,0.023918813764681197,0.023918813764681197,0.023918813764681197,0.023918813764681197,0.0,0.0,0.0,0.0,0.011936442163706183,0.011936442163706183,0.011936442163706183,0.011936442163706183,0.0,0.0,0.0,0.0,0.0,0.0,0.0,0.0,0.0008636940114831701,0.0008636940114831701,0.0008636940114831701,0.0008636940114831701,0.0,0.0,0.0,0.0,0.9506107265252731,0.9506107265252731,0.9506107265252731,0.9506107265252731
3,T,1.5760288700542745e-42,1.5760288700542745e-42,1.5760288700542745e-42,1.5760288700542745e-42,1.8001128267395585e-11,1.8001128267395585e-11,1.8001128267395585e-11,1.8001128267395585e-11,4.75400106527515e-05,4.75400106527515e-05,4.75400106527515e-05,4.75400106527515e-05,2.4771155740003334e-13,2.4771155740003334e-13,2.4771155740003334e-13,2.4771155740003334e-13,0.005752812106451562,0.005752812106451562,0.005752812106451562,0.005752812106451562,0.0,0.0,0.0,0.0,0.0,0.0,0.0,0.0,0.0,0.0,0.0,0.0,0.0,0.0,0.0,0.0,0.0,0.0,0.0,0.0,0.9941996478646469,0.9941996478646469,0.9941996478646469,0.9941996478646469
4,A,0.002018846544711446,0.002018846544711446,0.002018846544711446,0.002018846544711446,0.0,0.0,0.0,0.0,0.0005053525049716597,0.0005053525049716597,0.0005053525049716597,0.0005053525049716597,0.01834002025218325,0.01834002025218325,0.01834002025218325,0.01834002025218325,0.0,0.0,0.0,0.0,0.00811068749970596,0.00811068749970596,0.00811068749970596,0.00811068749970596,0.0,0.0,0.0,0.0,0.0,0.0,0.0,0.0,3.512228861951227e-05,3.512228861951227e-05,3.512228861951227e-05,3.512228861951227e-05,0.0,0.0,0.0,0.0,0.9709899709098082,0.9709899709098082,0.9709899709098082,0.9709899709098082
5,A,1.7921545679558342e-07,1.7921545679558342e-07,1.7921545679558342e-07,1.7921545679558342e-07,0.0,0.0,0.0,0.0,0.018675535664007568,0.018675535664007568,0.018675535664007568,0.018675535664007568,0.04372020560853564,0.04372020560853564,0.04372020560853564,0.04372020560853564,0.0,0.0,0.0,0.0,0.025020499325656538,0.025020499325656538,0.025020499325656538,0.025020499325656538,0.0,0.0,0.0,0.0,0.0,0.0,0.0,0.0,0.012543562860891885,0.012543562860891885,0.012543562860891885,0.012543562860891885,0.0,0.0,0.0,0.0,0.9000400173254516,0.9000400173254516,0.9000400173254516,0.9000400173254516
6,T,0.0,0.0,0.0,0.0,3.9453478335218624e-06,3.9453478335218624e-06,3.9453478335218624e-06,3.9453478335218624e-06,3.3744304092614017e-35,3.3744304092614017e-35,3.3744304092614017e-35,3.3744304092614017e-35,4.84446137058823e-19,4.84446137058823e-19,4.84446137058823e-19,4.84446137058823e-19,1.3158133611260313e-16,1.3158133611260313e-16,1.3158133611260313e-16,1.3158133611260313e-16,0.0,0.0,0.0,0.0,0.0,0.0,0.0,0.0,0.0,0.0,0.0,0.0,0.0,0.0,0.0,0.0,0.0,0.0,0.0,0.0,0.9999960546521665,0.9999960546521665,0.9999960546521665,0.9999960546521665
7,T,2.2257342636855134e-55,2.2257342636855134e-55,2.2257342636855134e-55,2.2257342636855134e-55,5.154621375346081e-11,5.154621375346081e-11,5.154621375346081e-11,5.154621375346081e-11,1.2697947703885643e-18,1.2697947703885643e-18,1.2697947703885643e-18,1.2697947703885643e-18,2.3134546258788685e-15,2.3134546258788685e-15,2.3134546258788685e-15,2.3134546258788685e-15,0.0001495333405125094,0.0001495333405125094,0.0001495333405125094,0.0001495333405125094,0.0,0.0,0.0,0.0,0.0,0.0,0.0,0.0,0.0,0.0,0.0,0.0,0.0,0.0,0.0,0.0,0.0,0.0,0.0,0.0,0.9998504666079391,0.9998504666079391,0.9998504666079391,0.9998504666079391
8,T,1.1360153658788296e-88,1.1360153658788296e-88,1.1360153658788296e-88,1.1360153658788296e-88,4.417779499568379e-37,4.417779499568379e-37,4.417779499568379e-37,4.417779499568379e-37,6.24038589961917e-51,6.24038589961917e-51,6.24038589961917e-51,6.24038589961917e-51,3.9010513461828746e-20,3.9010513461828746e-20,3.9010513461828746e-20,3.9010513461828746e-20,8.01086354803003e-05,8.01086354803003e-05,8.01086354803003e-05,8.01086354803003e-05,0.0,0.0,0.0,0.0,0.0,0.0,0.0,0.0,0.0,0.0,0.0,0.0,0.0,0.0,0.0,0.0,0.0,0.0,0.0,0.0,0.9999198913645198,0.9999198913645198,0.9999198913645198,0.9999198913645198
9,A,0.005048223253786886,0.005048223253786886,0.005048223253786886,0.005048223253786886,0.0,0.0,0.0,0.0,0.002995050868524832,0.002995050868524832,0.002995050868524832,0.002995050868524832,0.03342310898498046,0.03342310898498046,0.03342310898498046,0.03342310898498046,0.0,0.0,0.0,0.0,0.0037281632887364185,0.0037281632887364185,0.0037281632887364185,0.0037281632887364185,0.0,0.0,0.0,0.0,0.0,0.0,0.0,0.0,0.00010624593834613297,0.00010624593834613297,0.00010624593834613297,0.00010624593834613297,0.0,0.0,0.0,0.0,0.9546992076656253,0.9546992076656253,0.9546992076656253,0.9546992076656253
10,C,8.705952762483753e-06,0.00015862032467103953,8.705952762483753e-06,0.00015862032467103953,0.00015427821408172814,0.004900728287852132,0.00015427821408172814,0.004900728287852132,0.0,0.0,0.0,0.0,0.003605377955474953,0.05535087541423957,0.003605377955474953,0.05535087541423957,0.0,0.0,0.0,0.0,0.0021223358032578677,0.05126700676433192,0.0021223358032578677,0.05126700676433192,0.0,0.0,0.0,0.0,0.0007961749402368447,0.002994269269402355,0.0007961749402368447,0.002994269269402355,0.0,0.0,0.0,0.0,0.0,0.0,0.0,0.0,0.9933131271341861,0.8853284999395029,0.9933131271341861,0.8853284999395029
11,C,1.4127770807885417e-14,4.442421438096588e-17,1.4127770807885417e-14,1.4127770807885417e-14,0.0019763282712376203,0.019694545680138023,0.0019763282712376203,0.0019763282712376203,0.0,0.0,0.0,0.0,0.00021502437802998968,3.8998093536570736e-05,0.00021502437802998968,0.00021502437802998968,0.0,0.0,0.0,0.0,0.00450118879704242,0.01911791126820804,0.00450118879704242,0.00450118879704242,0.0,0.0,0.0,0.0,2.110184782320578e-06,6.524791017844002e-08,2.110184782320578e-06,2.110184782320578e-06,0.0,0.0,0.0,0.0,0.0,0.0,0.0,0.0,0.9933053483688934,0.9611484797102072,0.9933053483688934,0.9933053483688934
12,C,6.396419608903002e-17,3.4895504600787883e-09,6.396419608903002e-17,6.396419608903002e-17,0.0008029241319599703,0.0004103719699072671,0.0008029241319599703,0.0008029241319599703,0.0,0.0,0.0,0.0,0.0005217255542324807,0.001395225889253479,0.0005217255542324807,0.0005217255542324807,0.0,0.0,0.0,0.0,0.005048886666802722,0.012861430990045983,0.005048886666802722,0.005048886666802722,0.0,0.0,0.0,0.0,5.491632145018217e-05,0.00014012451456424675,5.491632145018217e-05,5.491632145018217e-05,0.0,0.0,0.0,0.0,0.0,0.0,0.0,0.0,0.9935715473255546,0.9851928431466787,0.9935715473255546,0.9935715473255546
13,G,0.005822008609325281,2.419800732662539e-65,0.005822008609325281,0.005822008609325281,2.4168730893543288e-08,0.0003874651237149919,2.4168730893543288e-08,2.4168730893543288e-08,0.001442587002723089,3.4930547080718425e-06,0.001442587002723089,0.001442587002723089,0.0,0.0,0.0,0.0,0.0,0.0,0.0,0.0,4.1316240395701546e-13,6.92710957014153e-05,4.1316240395701546e-13,4.1316240395701546e-13,0.00454181565645669,0.00030631642628802343,0.00454181565645669,0.00454181565645669,0.0,0.0,0.0,0.0,0.0,0.0,0.0,0.0,0.0,0.0,0.0,0.0,0.988193564562351,0.9992334542995874,0.988193564562351,0.988193564562351
14,C,5.218406743786163e-14,3.129265065717645e-20,5.218406743786163e-14,5.218406743786163e-14,0.03200092217841523,0.0014904343203280149,0.03200092217841523,0.03200092217841523,0.0,0.0,0.0,0.0,0.007745033489059462,0.006507396967599068,0.007745033489059462,0.007745033489059462,0.0,0.0,0.0,0.0,0.008216444118750279,0.005505476055252012,0.008216444118750279,0.008216444118750279,0.0,0.0,0.0,0.0,2.362213046094395e-06,9.907205760522552e-05,2.362213046094395e-06,2.362213046094395e-06,0.0,0.0,0.0,0.0,0.0,0.0,0.0,0.0,0.9520352380006768,0.9863976205992158,0.9520352380006768,0.9520352380006768
15,A,7.14273978581318e-05,0.005124127710584064,7.14273978581318e-05,7.14273978581318e-05,0.0,0.0,0.0,0.0,0.0001267569922398473,0.011452088604070139,0.0001267569922398473,0.0001267569922398473,0.007290125373438835,0.004304801279948583,0.007290125373438835,0.007290125373438835,0.0,0.0,0.0,0.0,0.02518621880816103,0.007327954802326492,0.02518621880816103,0.02518621880816103,0.0,0.0,0.0,0.0,0.0,0.0,0.0,0.0,0.00035791501714591977,1.4419129183434595e-08,0.00035791501714591977,0.00035791501714591977,0.0,0.0,0.0,0.0,0.9669675564111562,0.9717910131839416,0.9669675564111562,0.9669675564111562
16,A,0.00017092686888795349,0.00024013830563470023,0.00017092686888795349,0.00017092686888795349,0.0,0.0,0.0,0.0,0.008508279758449408,3.378354610889584e-05,0.008508279758449408,0.008508279758449408,0.0011230176126308222,5.63922486011079e-05,0.0011230176126308222,0.0011230176126308222,0.0,0.0,0.0,0.0,0.0035035887913232,0.0018636728268939893,0.0035035887913232,0.0035035887913232,0.0,0.0,0.0,0.0,0.0,0.0,0.0,0.0,0.0023975882152619506,2.0150022576656658e-07,0.0023975882152619506,0.0023975882152619506,0.0,0.0,0.0,0.0,0.9842965987534468,0.9978058115725356,0.9842965987534468,0.9842965987534468
17,G,5.913622385043009e-06,3.197234878359453e-30,5.913622385043009e-06,5.913622385043009e-06,3.803822025687207e-15,4.404094279699565e-27,3.803822025687207e-15,3.803822025687207e-15,6.061142369754901e-12,0.0017652744759467653,6.061142369754901e-12,6.061142369754901e-12,0.0,0.0,0.0,0.0,0.0,0.0,0.0,0.0,1.7479923107730243e-08,2.3159797458698257e-12,1.7479923107730243e-08,1.7479923107730243e-08,0.020208338989817845,0.009966755108345078,0.020208338989817845,0.020208338989817845,0.0,0.0,0.0,0.0,0.0,0.0,0.0,0.0,0.0,0.0,0.0,0.0,0.9797857299018091,0.9882679704133922,0.9797857299018091,0.9797857299018091
18,T,5.6434204927328174e-05,3.0809995242463104e-215,5.6434204927328174e-05,5.6434204927328174e-05,0.0015433485616272895,0.0013316518702822494,0.0015433485616272895,0.0015433485616272895,1.831238476775812e-11,2.1964836384858363e-11,1.831238476775812e-11,1.831238476775812e-11,1.0340219276859124e-47,7.825721213942638e-31,1.0340219276859124e-47,1.0340219276859124e-47,3.083989686878471e-05,0.0004688659251861794,3.083989686878471e-05,3.083989686878471e-05,0.0,0.0,0.0,0.0,0.0,0.0,0.0,0.0,0.0,0.0,0.0,0.0,0.0,0.0,0.0,0.0,0.0,0.0,0.0,0.0,0.9983693773182644,0.9981994821825667,0.9983693773182644,0.9983693773182644
19,A,6.345556449395291e-06,1.3736725001632365e-10,6.345556449395291e-06,6.345556449395291e-06,0.0,0.0,0.0,0.0,0.013973011433356806,7.008925765556765e-06,0.013973011433356806,0.013973011433356806,0.005403384658078673,0.005858704834895445,0.005403384658078673,0.005403384658078673,0.0,0.0,0.0,0.0,0.014666005848181,0.0015001980475629773,0.014666005848181,0.014666005848181,0.0,0.0,0.0,0.0,0.0,0.0,0.0,0.0,8.18776229248097e-05,0.0006435349056158831,8.18776229248097e-05,8.18776229248097e-05,0.0,0.0,0.0,0.0,0.9658693748810092,0.9919905531487929,0.9658693748810092,0.9658693748810092
20,C,7.027276527144645e-22,1.5017098746753044e-08,7.027276527144645e-22,7.027276527144645e-22,0.0005258519348235124,0.00041560661026360365,0.0005258519348235124,0.0005258519348235124,0.0,0.0,0.0,0.0,0.0005564104157649117,0.0004168475937100307,0.0005564104157649117,0.0005564104157649117,0.0,0.0,0.0,0.0,0.011282106988162241,0.04195835929529484,0.011282106988162241,0.011282106988162241,0.0,0.0,0.0,0.0,0.007661892184408994,0.0007663400172578822,0.007661892184408994,0.007661892184408994,0.0,0.0,0.0,0.0,0.0,0.0,0.0,0.0,0.9799737384768403,0.9564428314663749,0.9799737384768403,0.9799737384768403
21,C,8.164240835691831e-05,5.306225073309184e-13,8.164240835691831e-05,8.164240835691831e-05,0.0003080525560638586,0.0003337671930818724,0.0003080525560638586,0.0003080525560638586,0.0,0.0,0.0,0.0,0.007129976259919679,0.00042171769844502876,0.007129976259919679,0.007129976259919679,0.0,0.0,0.0,0.0,0.0038061214374359408,0.0036789756826500716,0.0038061214374359408,0.0038061214374359408,0.0,0.0,0.0,0.0,0.0005958182617165195,0.008796201446893097,0.0005958182617165195,0.0005958182617165195,0.0,0.0,0.0,0.0,0.0,0.0,0.0,0.0,0.988078389076507,0.9867693379783993,0.988078389076507,0.988078389076507
22,A,3.550693800862466e-07,0.00016755548623755662,3.550693800862466e-07,3.550693800862466e-07,0.0,0.0,0.0,0.0,5.4889001109878e-05,0.02872569287389641,5.4889001109878e-05,5.4889001109878e-05,0.0016116969988114107,0.02708732201754789,0.0016116969988114107,0.0016116969988114107,0.0,0.0,0.0,0.0,0.013494817525684143,0.01637241095630537,0.013494817525684143,0.013494817525684143,0.0,0.0,0.0,0.0,0.0,0.0,0.0,0.0,4.988340232288837e-05,0.012424126305399373,4.988340232288837e-05,4.988340232288837e-05,0.0,0.0,0.0,0.0,0.9847883580026916,0.9152228923606135,0.9847883580026916,0.9847883580026916
23,G,9.386046416934369e-28,2.6519328920174682e-76,9.386046416934369e-28,9.386046416934369e-28,1.3673280388102066e-09,0.04907707398909073,1.3673280388102066e-09,1.3673280388102066e-09,0.0035506176641306965,3.7880554241909566e-13,0.0035506176641306965,0.0035506176641306965,0.0,0.0,0.0,0.0,0.0,0.0,0.0,0.0,0.0007124860352277325,2.25061701772995e-12,0.0007124860352277325,0.0007124860352277325,0.014134263009117314,9.350109038604302e-05,0.014134263009117314,0.014134263009117314,0.0,0.0,0.0,0.0,0.0,0.0,0.0,0.0,0.0,0.0,0.0,0.0,0.9816026319241963,0.9508294249178938,0.9816026319241963,0.9816026319241963
24,G,1.160960737355505e-58,1.1609827812291057e-20,1.160960737355505e-58,1.160960737355505e-58,0.00028305110731771264,4.1177556894082685e-13,0.00028305110731771264,0.00028305110731771264,2.3124460631588606e-10,1.1494035760143046e-24,2.3124460631588606e-10,2.3124460631588606e-10,0.0,0.0,0.0,0.0,0.0,0.0,0.0,0.0,5.1601205615189265e-08,1.2316624499288122e-16,5.1601205615189265e-08,5.1601205615189265e-08,0.026454325979757845,0.0004072151711944362,0.026454325979757845,0.026454325979757845,0.0,0.0,0.0,0.0,0.0,0.0,0.0,0.0,0.0,0.0,0.0,0.0,0.9732625710804741,0.9995927848283936,0.9732625710804741,0.9732625710804741
25,A,6.846198873005234e-10,0.0002659197061057905,6.846198873005234e-10,6.846198873005234e-10,0.0,0.0,0.0,0.0,0.003800339366085784,7.451887845237994e-05,0.003800339366085784,0.003800339366085784,0.018764924525136815,0.007655157090048389,0.018764924525136815,0.018764924525136815,0.0,0.0,0.0,0.0,0.007260639740232031,0.055322087334097124,0.007260639740232031,0.007260639740232031,0.0,0.0,0.0,0.0,0.0,0.0,0.0,0.0,0.0017250131978769482,0.0035941785562072326,0.0017250131978769482,0.0017250131978769482,0.0,0.0,0.0,0.0,0.9684490824860486,0.9330881384350892,0.9684490824860486,0.9684490824860486
26,A,8.454510351417727e-07,0.0005466387890009516,8.454510351417727e-07,8.454510351417727e-07,0.0,0.0,0.0,0.0,0.00078257396571161,0.00020087279587218692,0.00078257396571161,0.00078257396571161,0.044632391705543915,0.018563958967747582,0.044632391705543915,0.044632391705543915,0.0,0.0,0.0,0.0,0.013069448359268515,0.006300953100761526,0.013069448359268515,0.013069448359268515,0.0,0.0,0.0,0.0,0.0,0.0,0.0,0.0,0.010069733697626515,8.31718068279737e-06,0.010069733697626515,0.010069733697626515,0.0,0.0,0.0,0.0,0.9314450068208142,0.974379259165935,0.9314450068208142,0.9314450068208142
27,G,1.9691127402287194e-56,3.074850943916685e-07,1.9691127402287194e-56,1.9691127402287194e-56,0.0030890895839605884,5.1695181534881364e-05,0.0030890895839605884,0.0030890895839605884,1.497684459088953e-05,2.6214313463372673e-06,1.497684459088953e-05,1.497684459088953e-05,0.0,0.0,0.0,0.0,0.0,0.0,0.0,0.0,2.6198878560543937e-16,8.509096570815681e-10,2.6198878560543937e-16,2.6198878560543937e-16,0.007504191659892647,0.00010711622954856045,0.007504191659892647,0.007504191659892647,0.0,0.0,0.0,0.0,0.0,0.0,0.0,0.0,0.0,0.0,0.0,0.0,0.9893917419115557,0.9998382588215662,0.9893917419115557,0.9893917419115557
28,C,8.266533935615914e-24,3.0782112129515453e-10,8.266533935615914e-24,8.266533935615914e-24,9.925110440484087e-05,0.00039296807328646435,9.925110440484087e-05,9.925110440484087e-05,0.0,0.0,0.0,0.0,0.00903561827157747,0.024172421358071565,0.00903561827157747,0.00903561827157747,0.0,0.0,0.0,0.0,0.02376735833676651,0.00011507206526504666,0.02376735833676651,0.02376735833676651,0.0,0.0,0.0,0.0,3.06911401521234e-08,0.007319408749356178,3.06911401521234e-08,3.06911401521234e-08,0.0,0.0,0.0,0.0,0.0,0.0,0.0,0.0,0.967097741596111,0.9680001294461996,0.967097741596111,0.967097741596111
29,T,6.696583488584365e-183,1.8440861888051572e-78,6.696583488584365e-183,6.696583488584365e-183,3.1905481678391465e-08,7.669290168210924e-10,3.1905481678391465e-08,3.1905481678391465e-08,1.2524458477420695e-06,3.842830206273122e-05,1.2524458477420695e-06,1.2524458477420695e-06,0.001308641665276263,7.105780186253183e-27,0.001308641665276263,0.001308641665276263,0.002185808925294058,2.7416342098048096e-08,0.002185808925294058,0.002185808925294058,0.0,0.0,0.0,0.0,0.0,0.0,0.0,0.0,0.0,0.0,0.0,0.0,0.0,0.0,0.0,0.0,0.0,0.0,0.0,0.0,0.9965042650581002,0.9999615435146662,0.9965042650581002,0.9965042650581002
30,G,3.473157500996472e-45,1.739743887107523e-101,3.473157500996472e-45,3.473157500996472e-45,2.677208303473937e-07,2.114272051567535e-05,2.677208303473937e-07,2.677208303473937e-07,3.4322678604566984e-10,0.0004332915501092265,3.4322678604566984e-10,3.4322678604566984e-10,0.0,0.0,0.0,0.0,0.0,0.0,0.0,0.0,1.1963025964496758e-13,7.86730444596644e-05,1.1963025964496758e-13,1.1963025964496758e-13,7.951511469493415e-05,3.100971237574498e-05,7.951511469493415e-05,7.951511469493415e-05,0.0,0.0,0.0,0.0,0.0,0.0,0.0,0.0,0.0,0.0,0.0,0.0,0.9999202168211282,0.9994358829725396,0.9999202168211282,0.9999202168211282
31,G,8.625660197281889e-39,4.880242418632991e-62,8.625660197281889e-39,8.625660197281889e-39,2.7651632637726107e-05,0.005832289230358872,2.7651632637726107e-05,2.7651632637726107e-05,0.0005010092593625236,5.48563407596242e-07,0.0005010092593625236,0.0005010092593625236,0.0,0.0,0.0,0.0,0.0,0.0,0.0,0.0,4.406374430214472e-05,0.0005724314702858509,4.406374430214472e-05,4.406374430214472e-05,5.283494164835151e-06,9.29942320695738e-08,5.283494164835151e-06,5.283494164835151e-06,0.0,0.0,0.0,0.0,0.0,0.0,0.0,0.0,0.0,0.0,0.0,0.0,0.9994219918695328,0.9935946377417156,0.9994219918695328,0.9994219918695328
32,C,1.5057902268335458e-05,3.0952494609215155e-12,1.5057902268335458e-05,1.5057902268335458e-05,0.018888164101208645,0.013443107502198036,0.018888164101208645,0.018888164101208645,0.0,0.0,0.0,0.0,0.007829525311289925,0.027200886044624742,0.007829525311289925,0.007829525311289925,0.0,0.0,0.0,0.0,0.00930493181010998,0.03089398422379633,0.00930493181010998,0.00930493181010998,0.0,0.0,0.0,0.0,2.977320586129777e-07,0.00404988854590876,2.977320586129777e-07,2.977320586129777e-07,0.0,0.0,0.0,0.0,0.0,0.0,0.0,0.0,0.9639620231430646,0.924412133680377,0.9639620231430646,0.9639620231430646
33,A,0.00014486383960203212,0.0001458701833199626,0.00014486383960203212,0.00014486383960203212,0.0,0.0,0.0,0.0,0.013208023238563765,0.004088016093690481,0.013208023238563765,0.013208023238563765,0.005598306010318304,0.00868222583026451,0.005598306010318304,0.005598306010318304,0.0,0.0,0.0,0.0,0.022418409055162687,0.001692444857791262,0.022418409055162687,0.022418409055162687,0.0,0.0,0.0,0.0,0.0,0.0,0.0,0.0,0.024345597077310585,0.006015668892084464,0.024345597077310585,0.024345597077310585,0.0,0.0,0.0,0.0,0.9342848007790427,0.9793757741428494,0.9342848007790427,0.9342848007790427
34,T,3.5e-323,3.9384997945602046e-98,3.5e-323,3.5e-323,3.3041180996806983e-18,8.280423963285598e-35,3.3041180996806983e-18,3.3041180996806983e-18,3.6780933916479615e-14,7.823752229801063e-20,3.6780933916479615e-14,3.6780933916479615e-14,3.4206355210197015e-16,0.002193553392047943,3.4206355210197015e-16,3.4206355210197015e-16,0.008264442526894141,0.0036964377001393245,0.008264442526894141,0.008264442526894141,0.0,0.0,0.0,0.0,0.0,0.0,0.0,0.0,0.0,0.0,0.0,0.0,0.0,0.0,0.0,0.0,0.0,0.0,0.0,0.0,0.9917355574730686,0.9941100089078129,0.9917355574730686,0.9917355574730686
35,C,4.528920192994751e-05,9.226871804499813e-06,4.528920192994751e-05,4.528920192994751e-05,0.010631731541069963,0.02039650977141118,0.010631731541069963,0.010631731541069963,0.0,0.0,0.0,0.0,0.001633374265895663,0.00041260051343182505,0.001633374265895663,0.001633374265895663,0.0,0.0,0.0,0.0,0.014310319206792998,0.021734779645711338,0.014310319206792998,0.014310319206792998,0.0,0.0,0.0,0.0,0.0055828891184286555,0.0009207826242227795,0.0055828891184286555,0.0055828891184286555,0.0,0.0,0.0,0.0,0.0,0.0,0.0,0.0,0.9677963966658828,0.9565261005734184,0.9677963966658828,0.9677963966658828
36,C,1.1623425512609708e-09,1.540947393700232e-07,1.1623425512609708e-09,1.1623425512609708e-09,0.02760163822483244,7.229311953950668e-05,0.02760163822483244,0.02760163822483244,0.0,0.0,0.0,0.0,0.008067862990677372,0.002922061227569402,0.008067862990677372,0.008067862990677372,0.0,0.0,0.0,0.0,0.06532570168898297,0.031655673286792745,0.06532570168898297,0.06532570168898297,0.0,0.0,0.0,0.0,0.0002843155300934921,0.011764337546654301,0.0002843155300934921,0.0002843155300934921,0.0,0.0,0.0,0.0,0.0,0.0,0.0,0.0,0.8987204804030712,0.9535854807247046,0.8987204804030712,0.8987204804030712
37,A,1.4052762401160536e-09,1.2186160218851698e-14,1.4052762401160536e-09,1.4052762401160536e-09,0.0,0.0,0.0,0.0,0.009136933127346038,0.007423191949256073,0.009136933127346038,0.009136933127346038,0.05499314118560549,0.027441066173495652,0.05499314118560549,0.05499314118560549,0.0,0.0,0.0,0.0,0.009781409876664282,0.0007420361710889594,0.009781409876664282,0.009781409876664282,0.0,0.0,0.0,0.0,0.0,0.0,0.0,0.0,2.1040134495297776e-15,0.007791037573288585,2.1040134495297776e-15,2.1040134495297776e-15,0.0,0.0,0.0,0.0,0.9260885144051059,0.9566026681328584,0.9260885144051059,0.9260885144051059
38,G,2.3895784649295634e-06,3.543136619848519e-46,6.404084327974354e-44,2.3895784649295634e-06,1.18847166300632e-07,3.036234286422095e-23,0.0003605696996047745,1.18847166300632e-07,2.782892066395255e-21,5.1096564517031306e-05,0.01013881349096194,2.782892066395255e-21,0.0,0.0,0.0,0.0,0.0,0.0,0.0,0.0,2.722867274497801e-12,1.1124132867931395e-14,2.2345399950457536e-11,2.722867274497801e-12,0.00455926967602451,0.0005929488224189279,0.00017350658594128055,0.00455926967602451,0.0,0.0,0.0,0.0,0.0,0.0,0.0,0.0,0.0,0.0,0.0,0.0,0.9954382218956215,0.9993559546130529,0.9893271102011466,0.9954382218956215
39,G,1.8867360554874756e-68,1.8867360554874756e-68,7.626943470164285e-09,1.8867360554874756e-68,0.01757905831152954,0.01757905831152954,1.6070244102227873e-06,0.01757905831152954,2.4963118297467543e-18,2.4963118297467543e-18,1.6731378543835354e-08,2.4963118297467543e-18,0.0,0.0,0.0,0.0,0.0,0.0,0.0,0.0,1.5707713940172742e-05,1.5707713940172742e-05,4.6912270353590294e-08,1.5707713940172742e-05,1.0419411202402508e-05,1.0419411202402508e-05,3.947095773595552e-13,1.0419411202402508e-05,0.0,0.0,0.0,0.0,0.0,0.0,0.0,0.0,0.0,0.0,0.0,0.0,0.9823948145633278,0.9823948145633278,0.9999983217046027,0.9823948145633278
40,C,9.215363599826542e-18,9.215363599826542e-18,4.106914318310668e-12,9.215363599826542e-18,0.004984967210490318,0.004984967210490318,0.00019104441834777113,0.004984967210490318,0.0,0.0,0.0,0.0,0.008529565462422012,0.008529565462422012,0.0028678632637228084,0.008529565462422012,0.0,0.0,0.0,0.0,0.04948674383997431,0.04948674383997431,0.009761461973303888,0.04948674383997431,0.0,0.0,0.0,0.0,0.00011021551044925619,0.00011021551044925619,0.00019069782921273966,0.00011021551044925619,0.0,0.0,0.0,0.0,0.0,0.0,0.0,0.0,0.9368885079766642,0.9368885079766642,0.9869889325113058,0.9368885079766642
41,A,4.029218317065127e-06,4.029218317065127e-06,1.3835240161422126e-11,4.029218317065127e-06,0.0,0.0,0.0,0.0,0.0004858198262870561,0.0004858198262870561,0.0025786396664372,0.0004858198262870561,0.005397316081081111,0.005397316081081111,0.01785659803402246,0.005397316081081111,0.0,0.0,0.0,0.0,0.00015943870609487265,0.00015943870609487265,0.007736010000835684,0.00015943870609487265,0.0,0.0,0.0,0.0,0.0,0.0,0.0,0.0,2.0331078115405524e-05,2.0331078115405524e-05,0.0009251421862073894,2.0331078115405524e-05,0.0,0.0,0.0,0.0,0.9939330650901045,0.9939330650901045,0.9709036100986621,0.9939330650901045
42,C,1.2479935570997805e-27,1.2479935570997805e-27,3.541008047341133e-13,1.2479935570997805e-27,0.0003779124525800512,0.0003779124525800512,0.0009670487072845602,0.0003779124525800512,0.0,0.0,0.0,0.0,0.00020906577832624428,0.00020906577832624428,0.00267125958494331,0.00020906577832624428,0.0,0.0,0.0,0.0,0.003520628901326947,0.003520628901326947,0.001962556025724339,0.003520628901326947,0.0,0.0,0.0,0.0,0.00011289747633846113,0.00011289747633846113,7.702564494129995e-05,0.00011289747633846113,0.0,0.0,0.0,0.0,0.0,0.0,0.0,0.0,0.9957794953914282,0.9957794953914282,0.9943221100367523,0.9957794953914282
43,G,2.70840663138841e-35,2.70840663138841e-35,6.781737800339468e-29,2.70840663138841e-35,3.833019582400312e-05,3.833019582400312e-05,3.2991077757196204e-06,3.833019582400312e-05,0.0013528310258694133,0.0013528310258694133,1.8147051146246798e-10,0.0013528310258694133,0.0,0.0,0.0,0.0,0.0,0.0,0.0,0.0,0.00303941025232326,0.00303941025232326,7.109912772759083e-07,0.00303941025232326,0.0004209483998968557,0.0004209483998968557,5.672157824473252e-06,0.0004209483998968557,0.0,0.0,0.0,0.0,0.0,0.0,0.0,0.0,0.0,0.0,0.0,0.0,0.9951484801260865,0.9951484801260865,0.999990317561652,0.9951484801260865
44,T,9.549704353628498e-07,9.549704353628498e-07,8.196410374879543e-156,9.549704353628498e-07,1.2773223699582259e-08,1.2773223699582259e-08,1.1691693718541e-06,1.2773223699582259e-08,2.3550633468440594e-30,2.3550633468440594e-30,2.540545164555457e-53,2.3550633468440594e-30,2.4527443552313408e-36,2.4527443552313408e-36,6.610926758018473e-09,2.4527443552313408e-36,0.0022177433369074038,0.0022177433369074038,0.0006105003579415942,0.0022177433369074038,0.0,0.0,0.0,0.0,0.0,0.0,0.0,0.0,0.0,0.0,0.0,0.0,0.0,0.0,0.0,0.0,0.0,0.0,0.0,0.0,0.9977812889194335,0.9977812889194335,0.9993883238617599,0.9977812889194335
45,A,0.019200418219462608,0.019200418219462608,1.0311708997358541e-07,0.019200418219462608,0.0,0.0,0.0,0.0,1.2079360690662997e-05,1.2079360690662997e-05,0.0035816850791585792,1.2079360690662997e-05,1.4515937812407879e-05,1.4515937812407879e-05,0.006528485107595996,1.4515937812407879e-05,0.0,0.0,0.0,0.0,0.005452247625506704,0.005452247625506704,0.020060490630921853,0.005452247625506704,0.0,0.0,0.0,0.0,0.0,0.0,0.0,0.0,0.002679511286184118,0.002679511286184118,0.0007206500969268014,0.002679511286184118,0.0,0.0,0.0,0.0,0.9726412275703434,0.9726412275703434,0.9691085859683067,0.9726412275703434
46,A,4.569484767355698e-10,4.569484767355698e-10,1.8639836364419456e-13,4.569484767355698e-10,0.0,0.0,0.0,0.0,2.9139521257018648e-05,2.9139521257018648e-05,0.015634827878639544,2.9139521257018648e-05,0.013244959983758853,0.013244959983758853,0.002377940864535529,0.013244959983758853,0.0,0.0,0.0,0.0,0.001123314420538107,0.001123314420538107,0.0346480495163224,0.001123314420538107,0.0,0.0,0.0,0.0,0.0,0.0,0.0,0.0,0.0016314677207364416,0.0016314677207364416,0.0008984985137392515,0.0016314677207364416,0.0,0.0,0.0,0.0,0.9839711178967611,0.9839711178967611,0.946440683226577,0.9839711178967611
47,A,0.001752652503891303,0.001752652503891303,2.2900028419798105e-05,0.001752652503891303,0.0,0.0,0.0,0.0,0.02591504258738578,0.02591504258738578,0.00048787642856056663,0.02591504258738578,0.0035208454717234492,0.0035208454717234492,0.02182301232819067,0.0035208454717234492,0.0,0.0,0.0,0.0,0.041687015177390145,0.041687015177390145,0.0004646584851816511,0.041687015177390145,0.0,0.0,0.0,0.0,0.0,0.0,0.0,0.0,2.8689969960192903e-05,2.8689969960192903e-05,0.011000877103401719,2.8689969960192903e-05,0.0,0.0,0.0,0.0,0.9270957542896491,0.9270957542896491,0.9662006756262456,0.9270957542896491
48,A,7.975322246581384e-05,7.975322246581384e-05,0.003511525358158399,7.975322246581384e-05,0.0,0.0,0.0,0.0,0.003966294509830409,0.003966294509830409,2.2982966239695967e-06,0.003966294509830409,0.0021656420105833868,0.0021656420105833868,0.0006950448841543039,0.0021656420105833868,0.0,0.0,0.0,0.0,0.02513495986758335,0.02513495986758335,0.010953668406979802,0.02513495986758335,0.0,0.0,0.0,0.0,0.0,0.0,0.0,0.0,0.01486158485398993,0.01486158485398993,0.0020274760733440715,0.01486158485398993,0.0,0.0,0.0,0.0,0.9537917655355471,0.9537917655355471,0.9828099869807396,0.9537917655355471
49,G,4.956777922762779e-25,4.956777922762779e-25,8.520688266018425e-125,4.956777922762779e-25,1.7542616740462108e-13,1.7542616740462108e-13,1.961152766918513e-23,1.7542616740462108e-13,0.0006143777474671182,0.0006143777474671182,8.264120145250954e-05,0.0006143777474671182,0.0,0.0,0.0,0.0,0.0,0.0,0.0,0.0,9.529009462563041e-07,9.529009462563041e-07,0.0032363069607583626,9.529009462563041e-07,9.378050258997284e-05,9.378050258997284e-05,0.0023362847850839055,9.378050258997284e-05,0.0,0.0,0.0,0.0,0.0,0.0,0.0,0.0,0.0,0.0,0.0,0.0,0.9992908888488213,0.9992908888488213,0.9943447670527054,0.9992908888488213
50,C,0.0011160577810652146,0.0011160577810652146,5.429126271724538e-26,0.0011160577810652146,0.005077098363729677,0.005077098363729677,3.9544924162514256e-05,0.005077098363729677,0.0,0.0,0.0,0.0,0.010211836645816787,0.010211836645816787,2.2200406786186964e-05,0.010211836645816787,0.0,0.0,0.0,0.0,0.0025161386882730863,0.0025161386882730863,0.012307253424225709,0.0025161386882730863,0.0,0.0,0.0,0.0,0.0006120021435299812,0.0006120021435299812,1.1199412826674233e-06,0.0006120021435299812,0.0,0.0,0.0,0.0,0.0,0.0,0.0,0.0,0.9804668663775852,0.9804668663775852,0.9876298813035429,0.9804668663775852
51,T,9.555244820156074e-176,9.555244820156074e-176,2.481493506417117e-208,9.555244820156074e-176,9.061330133166865e-43,9.061330133166865e-43,3.151152168284081e-21,9.061330133166865e-43,5.4187473758418635e-17,5.4187473758418635e-17,4.032634644828231e-07,5.4187473758418635e-17,5.809803253833249e-29,5.809803253833249e-29,7.400775175041105e-12,5.809803253833249e-29,1.6118574929274138e-05,1.6118574929274138e-05,1.565804410278458e-05,1.6118574929274138e-05,0.0,0.0,0.0,0.0,0.0,0.0,0.0,0.0,0.0,0.0,0.0,0.0,0.0,0.0,0.0,0.0,0.0,0.0,0.0,0.0,0.9999838814250707,0.9999838814250707,0.999983938685032,0.9999838814250707
52,T,0.0,0.0,1.0101510030484204e-34,0.0,9.210123695344466e-20,9.210123695344466e-20,1.7018656203526755e-10,9.210123695344466e-20,1.6165553573890766e-05,1.6165553573890766e-05,7.684999899463109e-21,1.6165553573890766e-05,3.434720073705674e-20,3.434720073705674e-20,1.6087109837908737e-17,3.434720073705674e-20,0.011191420568613506,0.011191420568613506,7.277238986574228e-10,0.011191420568613506,0.0,0.0,0.0,0.0,0.0,0.0,0.0,0.0,0.0,0.0,0.0,0.0,0.0,0.0,0.0,0.0,0.0,0.0,0.0,0.0,0.9887924138778126,0.9887924138778126,0.9999999991020895,0.9887924138778126
53,T,0.0,0.0,2.6048031471630765e-22,0.0,1.4895211882022893e-07,1.4895211882022893e-07,1.0728110292226674e-82,1.4895211882022893e-07,8.107891944207536e-18,8.107891944207536e-18,7.50551889780182e-20,8.107891944207536e-18,2.858070153708916e-08,2.858070153708916e-08,0.0003351703278669187,2.858070153708916e-08,1.048965619760312e-05,1.048965619760312e-05,1.0784301249574768e-11,1.048965619760312e-05,0.0,0.0,0.0,0.0,0.0,0.0,0.0,0.0,0.0,0.0,0.0,0.0,0.0,0.0,0.0,0.0,0.0,0.0,0.0,0.0,0.9999893328109819,0.9999893328109819,0.9996648296613488,0.9999893328109819
54,A,2.2639068078055043e-08,2.2639068078055043e-08,2.4660611462300292e-05,2.2639068078055043e-08,0.0,0.0,0.0,0.0,7.550709476028668e-06,7.550709476028668e-06,0.0061951144790779586,7.550709476028668e-06,0.017813036352865904,0.017813036352865904,0.006438499322267498,0.017813036352865904,0.0,0.0,0.0,0.0,0.01706830409060147,0.01706830409060147,0.05113382742799931,0.01706830409060147,0.0,0.0,0.0,0.0,0.0,0.0,0.0,0.0,1.1748290310014282e-06,1.1748290310014282e-06,0.001953773979972862,1.1748290310014282e-06,0.0,0.0,0.0,0.0,0.9651099113789575,0.9651099113789575,0.93425412417922,0.9651099113789575
55,T,7.94669835253475e-80,7.94669835253475e-80,0.0,7.94669835253475e-80,4.565759760353338e-07,4.565759760353338e-07,1.8396208768314702e-18,4.565759760353338e-07,4.0631203369432966e-16,4.0631203369432966e-16,8.966224415813814e-20,4.0631203369432966e-16,0.0006576756640057152,0.0006576756640057152,3.7304955903944525e-11,0.0006576756640057152,1.543159241748747e-08,1.543159241748747e-08,0.0036475561868829836,1.543159241748747e-08,0.0,0.0,0.0,0.0,0.0,0.0,0.0,0.0,0.0,0.0,0.0,0.0,0.0,0.0,0.0,0.0,0.0,0.0,0.0,0.0,0.9993418523284254,0.9993418523284254,0.996352443775812,0.9993418523284254
56,A,0.00013833112566256494,0.00013833112566256494,1.9940297253292211e-07,0.00013833112566256494,0.0,0.0,0.0,0.0,0.0003493734460984487,0.0003493734460984487,0.004433464243431548,0.0003493734460984487,0.00019963599021132137,0.00019963599021132137,0.004971356780367782,0.00019963599021132137,0.0,0.0,0.0,0.0,0.006061738547320452,0.006061738547320452,0.008519844436800612,0.006061738547320452,0.0,0.0,0.0,0.0,0.0,0.0,0.0,0.0,0.00038790771675395317,0.00038790771675395317,7.820773112807778e-05,0.00038790771675395317,0.0,0.0,0.0,0.0,0.9928630131739533,0.9928630131739533,0.9819969274052994,0.9928630131739533
57,T,1.2028613354883693e-245,1.2028613354883693e-245,1.1715743216704138e-245,1.2028613354883693e-245,0.0001671595691661683,0.0001671595691661683,1.2373251835174048e-21,0.0001671595691661683,1.7705448824839155e-22,1.7705448824839155e-22,5.443525822652083e-20,1.7705448824839155e-22,1.328475065389417e-14,1.328475065389417e-14,2.1605474657151957e-20,1.328475065389417e-14,3.454831998640333e-08,3.454831998640333e-08,1.2147310740077735e-06,3.454831998640333e-08,0.0,0.0,0.0,0.0,0.0,0.0,0.0,0.0,0.0,0.0,0.0,0.0,0.0,0.0,0.0,0.0,0.0,0.0,0.0,0.0,0.9998328058825006,0.9998328058825006,0.9999987852689262,0.9998328058825006
58,T,5.42448428836766e-256,5.42448428836766e-256,6.74571441012153e-109,5.42448428836766e-256,9.10803934057777e-19,9.10803934057777e-19,4.429776230513887e-67,9.10803934057777e-19,3.590042988869788e-05,3.590042988869788e-05,0.00014811877246626959,3.590042988869788e-05,2.8357815917940596e-46,2.8357815917940596e-46,0.007271742013103842,2.8357815917940596e-46,1.1480068455457126e-06,1.1480068455457126e-06,0.00433982656885951,1.1480068455457126e-06,0.0,0.0,0.0,0.0,0.0,0.0,0.0,0.0,0.0,0.0,0.0,0.0,0.0,0.0,0.0,0.0,0.0,0.0,0.0,0.0,0.9999629515632659,0.9999629515632659,0.9882403126455704,0.9999629515632659
59,C,5.810997649785324e-14,5.810997649785324e-14,3.262751046426834e-08,5.810997649785324e-14,0.01181915669441877,0.01181915669441877,0.01945864582110632,0.01181915669441877,0.0,0.0,0.0,0.0,2.519276451819382e-06,2.519276451819382e-06,0.00551707077959184,2.519276451819382e-06,0.0,0.0,0.0,0.0,0.0014019971799351346,0.0014019971799351346,0.01695146288430571,0.0014019971799351346,0.0,0.0,0.0,0.0,8.633632522456112e-07,8.633632522456112e-07,0.011327378630073683,8.633632522456112e-07,0.0,0.0,0.0,0.0,0.0,0.0,0.0,0.0,0.986775463485884,0.986775463485884,0.946745409257412,0.986775463485884
60,A,0.0020263396231996506,0.0020263396231996506,4.143589668117252e-09,0.0020263396231996506,0.0,0.0,0.0,0.0,0.0035054659540114472,0.0035054659540114472,0.004524344955335099,0.0035054659540114472,0.020917941337048458,0.020917941337048458,0.0012104120178876162,0.020917941337048458,0.0,0.0,0.0,0.0,0.001139299256342387,0.001139299256342387,0.01987795235122612,0.001139299256342387,0.0,0.0,0.0,0.0,0.0,0.0,0.0,0.0,0.00011868979011251361,0.00011868979011251361,0.0011390273924310875,0.00011868979011251361,0.0,0.0,0.0,0.0,0.9722922640392856,0.9722922640392856,0.9732482591395303,0.9722922640392856
61,C,8.75588164725967e-08,8.75588164725967e-08,1.8705701170917243e-10,8.75588164725967e-08,0.032294674034257405,0.032294674034257405,0.001693341114569714,0.032294674034257405,0.0,0.0,0.0,0.0,0.0037564145522946276,0.0037564145522946276,0.0025740559595636963,0.0037564145522946276,0.0,0.0,0.0,0.0,0.016736595469318567,0.016736595469318567,0.031612298453636035,0.016736595469318567,0.0,0.0,0.0,0.0,0.000302004154390587,0.000302004154390587,0.0021932264900209365,0.000302004154390587,0.0,0.0,0.0,0.0,0.0,0.0,0.0,0.0,0.9469102242309222,0.9469102242309222,0.9619270777951526,0.9469102242309222
62,A,1.5534596217870506e-05,1.5534596217870506e-05,7.967939575352542e-06,1.5534596217870506e-05,0.0,0.0,0.0,0.0,0.005510614164466911,0.005510614164466911,0.001261584966286548,0.005510614164466911,0.005672630540416157,0.005672630540416157,0.0027535442947195185,0.005672630540416157,0.0,0.0,0.0,0.0,0.0019099711706430926,0.0019099711706430926,0.025002567224111916,0.0019099711706430926,0.0,0.0,0.0,0.0,0.0,0.0,0.0,0.0,0.006546834283296186,0.006546834283296186,0.0009093399603311189,0.006546834283296186,0.0,0.0,0.0,0.0,0.98034441524496,0.98034441524496,0.9700649956149754,0.98034441524496
63,G,2.594977987949956e-15,2.594977987949956e-15,7.842144610823453e-14,2.594977987949956e-15,1.2116047203553882e-05,1.2116047203553882e-05,0.00034995288555734257,1.2116047203553882e-05,1.920892725697996e-07,1.920892725697996e-07,0.00016996349484190172,1.920892725697996e-07,0.0,0.0,0.0,0.0,0.0,0.0,0.0,0.0,0.0013136508582606194,0.0013136508582606194,0.002249562328289442,0.0013136508582606194,0.0005142413258817972,0.0005142413258817972,8.987724369330833e-06,0.0005142413258817972,0.0,0.0,0.0,0.0,0.0,0.0,0.0,0.0,0.0,0.0,0.0,0.0,0.998159799679379,0.998159799679379,0.9972215335668636,0.998159799679379
64,G,0.0006496531549417475,0.0006496531549417475,7.484171563684247e-82,0.0006496531549417475,0.0023728782497341003,0.0023728782497341003,6.365064864524848e-07,0.0023728782497341003,7.841421942028093e-09,7.841421942028093e-09,1.4715164482397274e-06,7.841421942028093e-09,0.0,0.0,0.0,0.0,0.0,0.0,0.0,0.0,2.009643227313853e-12,2.009643227313853e-12,2.803826766708975e-07,2.009643227313853e-12,1.8704996572285789e-06,1.8704996572285789e-06,2.4363763522349555e-08,1.8704996572285789e-06,0.0,0.0,0.0,0.0,0.0,0.0,0.0,0.0,0.0,0.0,0.0,0.0,0.9969755902522354,0.9969755902522354,0.9999975872306252,0.9969755902522354
65,C,8.526304800458777e-40,8.526304800458777e-40,2.1219688564649516e-57,8.526304800458777e-40,0.009854090130670795,0.009854090130670795,0.004367937906903635,0.009854090130670795,0.0,0.0,0.0,0.0,0.0013954145024637943,0.0013954145024637943,0.00024293930803942447,0.0013954145024637943,0.0,0.0,0.0,0.0,0.004360310616540336,0.004360310616540336,0.025394796349241296,0.004360310616540336,0.0,0.0,0.0,0.0,8.58371050464684e-05,8.58371050464684e-05,0.0004584464066665114,8.58371050464684e-05,0.0,0.0,0.0,0.0,0.0,0.0,0.0,0.0,0.9843043476452786,0.9843043476452786,0.9695358800291491,0.9843043476452786
66,A,8.914418659801746e-15,8.914418659801746e-15,2.7432119566279644e-06,8.914418659801746e-15,0.0,0.0,0.0,0.0,0.012330549452197314,0.012330549452197314,0.0014694644414651038,0.012330549452197314,0.00134901691160864,0.00134901691160864,0.017794094973643055,0.00134901691160864,0.0,0.0,0.0,0.0,0.05487331770693108,0.05487331770693108,0.020374125083491953,0.05487331770693108,0.0,0.0,0.0,0.0,0.0,0.0,0.0,0.0,0.00966894281888626,0.00966894281888626,0.01625128448766592,0.00966894281888626,0.0,0.0,0.0,0.0,0.9217781731103678,0.9217781731103678,0.9441082878017772,0.9217781731103678
67,G,3.1627179114871543e-39,3.1627179114871543e-39,1.1603191512900807e-15,3.1627179114871543e-39,0.0028217307932195406,0.0028217307932195406,0.00026466779785597216,0.0028217307932195406,9.997876500853746e-07,9.997876500853746e-07,1.8027672388912495e-07,9.997876500853746e-07,0.0,0.0,0.0,0.0,0.0,0.0,0.0,0.0,4.85664674687064e-18,4.85664674687064e-18,4.321059866785164e-08,4.85664674687064e-18,0.00011892980573518623,0.00011892980573518623,0.01191494861826475,0.00011892980573518623,0.0,0.0,0.0,0.0,0.0,0.0,0.0,0.0,0.0,0.0,0.0,0.0,0.9970583396133952,0.9970583396133952,0.9878201600965556,0.9970583396133952
68,A,2.2931288447557616e-08,2.2931288447557616e-08,7.940500984664046e-13,2.2931288447557616e-08,0.0,0.0,0.0,0.0,0.00018284627642303354,0.00018284627642303354,0.002067205470928597,0.00018284627642303354,0.014246755178756967,0.014246755178756967,0.0013103243997012294,0.014246755178756967,0.0,0.0,0.0,0.0,0.07401018417424662,0.07401018417424662,0.004719692865388963,0.07401018417424662,0.0,0.0,0.0,0.0,0.0,0.0,0.0,0.0,0.019864802437934023,0.019864802437934023,0.006552609449032287,0.019864802437934023,0.0,0.0,0.0,0.0,0.8916953890013509,0.8916953890013509,0.9853501678141549,0.8916953890013509
69,T,2.0598261179537958e-140,2.0598261179537958e-140,2.244383715882156e-64,2.0598261179537958e-140,5.933985055835295e-15,5.933985055835295e-15,4.912551497415005e-21,5.933985055835295e-15,6.327681055242221e-47,6.327681055242221e-47,1.3860070438856235e-11,6.327681055242221e-47,3.368449229669981e-09,3.368449229669981e-09,1.6712246563586769e-07,3.368449229669981e-09,5.9151142967006306e-05,5.9151142967006306e-05,7.8062776286461e-14,5.9151142967006306e-05,0.0,0.0,0.0,0.0,0.0,0.0,0.0,0.0,0.0,0.0,0.0,0.0,0.0,0.0,0.0,0.0,0.0,0.0,0.0,0.0,0.9999408454885778,0.9999408454885778,0.9999998328635963,0.9999408454885778
70,C,0.0072042641106048145,0.0072042641106048145,3.655550055194358e-05,0.0072042641106048145,0.0011910812483926082,0.0011910812483926082,0.0024579570977388103,0.0011910812483926082,0.0,0.0,0.0,0.0,0.008100767422288574,0.008100767422288574,1.8315375074704236e-05,0.008100767422288574,0.0,0.0,0.0,0.0,0.009846609683154942,0.009846609683154942,0.007521193523736624,0.009846609683154942,0.0,0.0,0.0,0.0,0.0013166484066843382,0.0013166484066843382,0.003121721841512207,0.0013166484066843382,0.0,0.0,0.0,0.0,0.0,0.0,0.0,0.0,0.9723406291288746,0.9723406291288746,0.9868442566613858,0.9723406291288746
71,T,4.962012153130538e-11,4.962012153130538e-11,0.0003546770383307341,4.962012153130538e-11,3.756755890675564e-45,3.756755890675564e-45,3.6068532307427224e-53,3.756755890675564e-45,1.4321361516594077e-12,1.4321361516594077e-12,2.2877414796005075e-09,1.4321361516594077e-12,3.646479972731252e-06,3.646479972731252e-06,2.809652380372123e-61,3.646479972731252e-06,7.91867897417772e-06,7.91867897417772e-06,0.0017040914037272424,7.91867897417772e-06,0.0,0.0,0.0,0.0,0.0,0.0,0.0,0.0,0.0,0.0,0.0,0.0,0.0,0.0,0.0,0.0,0.0,0.0,0.0,0.0,0.9999884347900008,0.9999884347900008,0.9979412292702006,0.9999884347900008
72,T,1.6561396167948038e-136,1.6561396167948038e-136,7.47642127652769e-222,1.6561396167948038e-136,0.00022007591615503375,0.00022007591615503375,0.00037905904848691897,0.00022007591615503375,0.0015895939915256468,0.0015895939915256468,2.1852286067324314e-27,0.0015895939915256468,1.7135602630356744e-06,1.7135602630356744e-06,1.4425692814363483e-18,1.7135602630356744e-06,0.002952459500751492,0.002952459500751492,0.015064144336377056,0.002952459500751492,0.0,0.0,0.0,0.0,0.0,0.0,0.0,0.0,0.0,0.0,0.0,0.0,0.0,0.0,0.0,0.0,0.0,0.0,0.0,0.0,0.995236157031305,0.995236157031305,0.9845567966151361,0.995236157031305
73,C,2.576144806994008e-15,2.576144806994008e-15,0.0008450473824382007,2.576144806994008e-15,0.007769705471040028,0.007769705471040028,0.012658641048482716,0.007769705471040028,0.0,0.0,0.0,0.0,5.161490421064757e-06,5.161490421064757e-06,0.0011612722032371405,5.161490421064757e-06,0.0,0.0,0.0,0.0,0.023477013162754818,0.023477013162754818,0.009720045143486384,0.023477013162754818,0.0,0.0,0.0,0.0,0.003926052797310418,0.003926052797310418,0.008273045562114511,0.003926052797310418,0.0,0.0,0.0,0.0,0.0,0.0,0.0,0.0,0.9648220670784712,0.9648220670784712,0.9673419486602411,0.9648220670784712
74,G,8.228485989594712e-27,8.228485989594712e-27,2.7590066276190065e-94,8.228485989594712e-27,1.0052077885376778e-08,1.0052077885376778e-08,9.469178231560152e-06,1.0052077885376778e-08,5.968175475281138e-06,5.968175475281138e-06,2.0776142614006262e-13,5.968175475281138e-06,0.0,0.0,0.0,0.0,0.0,0.0,0.0,0.0,6.486251738917804e-09,6.486251738917804e-09,5.21246396780927e-18,6.486251738917804e-09,0.0002714036430406421,0.0002714036430406421,1.0787209580754654e-09,0.0002714036430406421,0.0,0.0,0.0,0.0,0.0,0.0,0.0,0.0,0.0,0.0,0.0,0.0,0.9997226116431543,0.9997226116431543,0.9999905297428396,0.9997226116431543
75,G,1.0820129961518818e-103,1.0820129961518818e-103,3.85649956133975e-39,1.0820129961518818e-103,5.752090381729715e-08,5.752090381729715e-08,0.0018773690857801035,5.752090381729715e-08,9.382723908097334e-08,9.382723908097334e-08,0.00014598267279022947,9.382723908097334e-08,0.0,0.0,0.0,0.0,0.0,0.0,0.0,0.0,0.001354811426436253,0.001354811426436253,1.8335098301346665e-12,0.001354811426436253,0.00048198812539272467,0.00048198812539272467,0.00012175846027318028,0.00048198812539272467,0.0,0.0,0.0,0.0,0.0,0.0,0.0,0.0,0.0,0.0,0.0,0.0,0.9981630491000281,0.9981630491000281,0.9978548897793229,0.9981630491000281
76,C,1.6339764753264511e-41,1.6339764753264511e-41,7.6532090625963e-12,1.6339764753264511e-41,0.00015902373042650376,0.00015902373042650376,7.242576646586946e-05,0.00015902373042650376,0.0,0.0,0.0,0.0,0.0001730677929571091,0.0001730677929571091,0.005227087635249998,0.0001730677929571091,0.0,0.0,0.0,0.0,0.00405306517413861,0.00405306517413861,0.001811614778719503,0.00405306517413861,0.0,0.0,0.0,0.0,8.045620898356845e-07,8.045620898356845e-07,2.0289624998273997e-12,8.045620898356845e-07,0.0,0.0,0.0,0.0,0.0,0.0,0.0,0.0,0.9956140387403881,0.9956140387403881,0.9928888718098825,0.9956140387403881
77,C,4.4764841427655065e-12,4.4764841427655065e-12,0.00025014221172317335,4.4764841427655065e-12,0.00996547191908464,0.00996547191908464,0.004660687070615181,0.00996547191908464,0.0,0.0,0.0,0.0,0.0039554933918168,0.0039554933918168,0.0011646021227854977,0.0039554933918168,0.0,0.0,0.0,0.0,0.01441537484125769,0.01441537484125769,0.001666579193865239,0.01441537484125769,0.0,0.0,0.0,0.0,0.0015357468952309284,0.0015357468952309284,0.0015579451122277133,0.0015357468952309284,0.0,0.0,0.0,0.0,0.0,0.0,0.0,0.0,0.9701279129481336,0.9701279129481336,0.9907000442887832,0.9701279129481336
78,G,1.8522924674163153e-110,1.8522924674163153e-110,3.866424877589889e-39,1.8522924674163153e-110,9.260823225480981e-14,9.260823225480981e-14,6.192402484659225e-13,9.260823225480981e-14,9.64999971433189e-08,9.64999971433189e-08,2.8500708989058536e-12,9.64999971433189e-08,0.0,0.0,0.0,0.0,0.0,0.0,0.0,0.0,8.27978808551562e-10,8.27978808551562e-10,1.8648031060494519e-06,8.27978808551562e-10,0.0015043012624535715,0.0015043012624535715,3.2639990066520616e-06,0.0015043012624535715,0.0,0.0,0.0,0.0,0.0,0.0,0.0,0.0,0.0,0.0,0.0,0.0,0.9984956014094779,0.9984956014094779,0.999994871194418,0.9984956014094779
79,G,7.161060564067346e-126,7.161060564067346e-126,6.34767117233545e-20,7.161060564067346e-126,7.454015856522603e-05,7.454015856522603e-05,5.3637676543038705e-06,7.454015856522603e-05,5.296036495295071e-06,5.296036495295071e-06,1.6284603891641241e-09,5.296036495295071e-06,0.0,0.0,0.0,0.0,0.0,0.0,0.0,0.0,1.7986207918782675e-07,1.7986207918782675e-07,0.0006694277822893369,1.7986207918782675e-07,5.930879138791774e-06,5.930879138791774e-06,0.028869098497331182,5.930879138791774e-06,0.0,0.0,0.0,0.0,0.0,0.0,0.0,0.0,0.0,0.0,0.0,0.0,0.9999140530637215,0.9999140530637215,0.9704561083242649,0.9999140530637215
80,C,2.190816263561813e-06,2.190816263561813e-06,1.4303355448397813e-08,2.190816263561813e-06,2.068727185977145e-06,2.068727185977145e-06,0.0008254448128294081,2.068727185977145e-06,0.0,0.0,0.0,0.0,0.00023405753882927108,0.00023405753882927108,0.005611452346641445,0.00023405753882927108,0.0,0.0,0.0,0.0,0.007818916236044535,0.007818916236044535,0.0016808270162746851,0.007818916236044535,0.0,0.0,0.0,0.0,5.417628119101094e-12,5.417628119101094e-12,0.002698235424490611,5.417628119101094e-12,0.0,0.0,0.0,0.0,0.0,0.0,0.0,0.0,0.9919427666762589,0.9919427666762589,0.9891840260964084,0.9919427666762589
81,G,1.699542219830473e-08,1.699542219830473e-08,5.800310297835967e-35,1.699542219830473e-08,0.004175071153793804,0.004175071153793804,3.714419789618209e-05,0.004175071153793804,2.2779221424846815e-06,2.2779221424846815e-06,8.382353832954822e-08,2.2779221424846815e-06,0.0,0.0,0.0,0.0,0.0,0.0,0.0,0.0,3.685894045494317e-07,3.685894045494317e-07,1.68389409871012e-19,3.685894045494317e-07,4.813706427875659e-07,4.813706427875659e-07,6.243625424262856e-08,4.813706427875659e-07,0.0,0.0,0.0,0.0,0.0,0.0,0.0,0.0,0.0,0.0,0.0,0.0,0.9958217839685942,0.9958217839685942,0.9999627095423113,0.9958217839685942
82,T,8.198147635926146e-27,8.198147635926146e-27,4.028474009249232e-61,8.198147635926146e-27,1.5535300752914382e-06,1.5535300752914382e-06,1.8120228476216033e-07,1.5535300752914382e-06,1.1861438173982759e-15,1.1861438173982759e-15,6.393279395308931e-25,1.1861438173982759e-15,3.7064455359470753e-09,3.7064455359470753e-09,0.0005577880952515476,3.7064455359470753e-09,0.00024950653767490615,0.00024950653767490615,0.0002987457705903362,0.00024950653767490615,0.0,0.0,0.0,0.0,0.0,0.0,0.0,0.0,0.0,0.0,0.0,0.0,0.0,0.0,0.0,0.0,0.0,0.0,0.0,0.0,0.9997489362258032,0.9997489362258032,0.9991432849318733,0.9997489362258032
83,A,1.2115897021848706e-08,1.2115897021848706e-08,0.0002373979205777056,1.2115897021848706e-08,0.0,0.0,0.0,0.0,6.435748373898982e-05,6.435748373898982e-05,0.0323602152562996,6.435748373898982e-05,0.008270743306701462,0.008270743306701462,0.04474796913629033,0.008270743306701462,0.0,0.0,0.0,0.0,0.016585973878021576,0.016585973878021576,0.043397070344614555,0.016585973878021576,0.0,0.0,0.0,0.0,0.0,0.0,0.0,0.0,0.005928566940466851,0.005928566940466851,0.035069885631350745,0.005928566940466851,0.0,0.0,0.0,0.0,0.9691503462751743,0.9691503462751743,0.844187461710867,0.9691503462751743
84,A,0.010840213374705684,0.010840213374705684,0.0038007031230712584,0.010840213374705684,0.0,0.0,0.0,0.0,0.004928709258439545,0.004928709258439545,0.002839130054187855,0.004928709258439545,0.0020739810938344076,0.0020739810938344076,0.0017783111037181461,0.0020739810938344076,0.0,0.0,0.0,0.0,0.00859076517360175,0.00859076517360175,0.008402455085836003,0.00859076517360175,0.0,0.0,0.0,0.0,0.0,0.0,0.0,0.0,0.005806881692019804,0.005806881692019804,0.0003231550611162665,0.005806881692019804,0.0,0.0,0.0,0.0,0.9677594494073988,0.9677594494073988,0.9828562455720705,0.9677594494073988
85,G,1.3431136084190995e-134,1.3431136084190995e-134,1.7794280991694113e-70,1.3431136084190995e-134,8.586767882535878e-26,8.586767882535878e-26,8.686097212047023e-13,8.586767882535878e-26,4.809159592203041e-19,4.809159592203041e-19,7.852703535173007e-09,4.809159592203041e-19,0.0,0.0,0.0,0.0,0.0,0.0,0.0,0.0,0.0003622275964707525,0.0003622275964707525,0.0017484683086094958,0.0003622275964707525,0.002999366804443572,0.002999366804443572,0.0017517463079761255,0.002999366804443572,0.0,0.0,0.0,0.0,0.0,0.0,0.0,0.0,0.0,0.0,0.0,0.0,0.9966384055990858,0.9966384055990858,0.9964997775298422,0.9966384055990858
86,A,0.0029024075523057307,0.0029024075523057307,3.3394751705516944e-05,0.0029024075523057307,0.0,0.0,0.0,0.0,3.6739851667215603e-06,3.6739851667215603e-06,0.020067217010861907,3.6739851667215603e-06,0.02297413868958967,0.02297413868958967,0.0002076590946000886,0.02297413868958967,0.0,0.0,0.0,0.0,0.039809217653446596,0.039809217653446596,0.007253978769665673,0.039809217653446596,0.0,0.0,0.0,0.0,0.0,0.0,0.0,0.0,0.0028010494738013978,0.0028010494738013978,0.012291721132232324,0.0028010494738013978,0.0,0.0,0.0,0.0,0.9315095126456899,0.9315095126456899,0.9601460292409345,0.9315095126456899
87,T,7.772081195348166e-05,7.772081195348166e-05,2.31811257450639e-41,7.772081195348166e-05,0.0029705927752722407,0.0029705927752722407,1.5731503655356758e-06,0.0029705927752722407,1.4822582655066088e-56,1.4822582655066088e-56,0.00021229625409211917,1.4822582655066088e-56,0.00408103790859072,0.00408103790859072,1.3364219348355532e-20,0.00408103790859072,0.0025564974559283173,0.0025564974559283173,3.070481613448214e-08,0.0025564974559283173,0.0,0.0,0.0,0.0,0.0,0.0,0.0,0.0,0.0,0.0,0.0,0.0,0.0,0.0,0.0,0.0,0.0,0.0,0.0,0.0,0.9903141510482552,0.9903141510482552,0.9997860998907263,0.9903141510482552
88,T,0.0,0.0,4.1477684959594e-82,0.0,1.3570750977332528e-10,1.3570750977332528e-10,5.590374966987734e-06,1.3570750977332528e-10,5.006525105630523e-09,5.006525105630523e-09,1.947742202815743e-26,5.006525105630523e-09,7.487803303318116e-41,7.487803303318116e-41,6.353591064570927e-13,7.487803303318116e-41,0.0005911472935315727,0.0005911472935315727,0.004576811865781422,0.0005911472935315727,0.0,0.0,0.0,0.0,0.0,0.0,0.0,0.0,0.0,0.0,0.0,0.0,0.0,0.0,0.0,0.0,0.0,0.0,0.0,0.0,0.9994088475642359,0.9994088475642359,0.9954175977586163,0.9994088475642359
89,A,2.0925238682130498e-05,2.0925238682130498e-05,3.0812147716692654e-05,2.0925238682130498e-05,0.0,0.0,0.0,0.0,0.0022163831208060307,0.0022163831208060307,0.0004107521882035837,0.0022163831208060307,0.0055682212905445215,0.0055682212905445215,0.005289356620879607,0.0055682212905445215,0.0,0.0,0.0,0.0,0.025848126714399698,0.025848126714399698,0.0016999234680080953,0.025848126714399698,0.0,0.0,0.0,0.0,0.0,0.0,0.0,0.0,7.87289012108235e-10,7.87289012108235e-10,0.0004910394681364049,7.87289012108235e-10,0.0,0.0,0.0,0.0,0.9663463428482786,0.9663463428482786,0.9920781161070557,0.9663463428482786
90,G,2.6627760265398345e-97,2.6627760265398345e-97,0.00022259951811584873,2.6627760265398345e-97,1.0358606387243136e-10,1.0358606387243136e-10,0.0009876891938885015,1.0358606387243136e-10,0.037167189069932174,0.037167189069932174,1.201716702996239e-13,0.037167189069932174,0.0,0.0,0.0,0.0,0.0,0.0,0.0,0.0,7.677264960518609e-05,7.677264960518609e-05,0.008242420392194793,7.677264960518609e-05,0.004195251584337788,0.004195251584337788,3.6416589058157137e-07,0.004195251584337788,0.0,0.0,0.0,0.0,0.0,0.0,0.0,0.0,0.0,0.0,0.0,0.0,0.958560786592539,0.958560786592539,0.9905469267297901,0.958560786592539
91,A,0.0001396327403763343,0.0001396327403763343,8.444512671224142e-07,0.0001396327403763343,0.0,0.0,0.0,0.0,0.005133569542144806,0.005133569542144806,3.670391323318724e-06,0.005133569542144806,5.38780716088883e-05,5.38780716088883e-05,0.015176988833747717,5.38780716088883e-05,0.0,0.0,0.0,0.0,0.0027763298991418978,0.0027763298991418978,0.011511222268452304,0.0027763298991418978,0.0,0.0,0.0,0.0,0.0,0.0,0.0,0.0,9.355403099169565e-05,9.355403099169565e-05,0.009332154373216522,9.355403099169565e-05,0.0,0.0,0.0,0.0,0.9918030357157364,0.9918030357157364,0.9639751196819929,0.9918030357157364
92,C,9.166747194866837e-28,9.166747194866837e-28,1.0432309340946802e-07,9.166747194866837e-28,0.0014600697256130066,0.0014600697256130066,0.0016555433187675028,0.0014600697256130066,0.0,0.0,0.0,0.0,9.461012872878808e-05,9.461012872878808e-05,0.0006572851877130593,9.461012872878808e-05,0.0,0.0,0.0,0.0,0.0005406445967147043,0.0005406445967147043,0.0006248973291937079,0.0005406445967147043,0.0,0.0,0.0,0.0,0.0006706397555113667,0.0006706397555113667,0.009977714936092308,0.0006706397555113667,0.0,0.0,0.0,0.0,0.0,0.0,0.0,0.0,0.9972340357934322,0.9972340357934322,0.9870844549051402,0.9972340357934322
93,G,3.2240516844771606e-49,3.2240516844771606e-49,2.8848609682654687e-09,3.2240516844771606e-49,3.1742786959079547e-06,3.1742786959079547e-06,1.2437662350405807e-07,3.1742786959079547e-06,6.483633363308772e-10,6.483633363308772e-10,1.2205518756344322e-05,6.483633363308772e-10,0.0,0.0,0.0,0.0,0.0,0.0,0.0,0.0,2.126362384059489e-09,2.126362384059489e-09,0.00013345995309757317,2.126362384059489e-09,0.006249589971733551,0.006249589971733551,6.952230991155162e-06,0.006249589971733551,0.0,0.0,0.0,0.0,0.0,0.0,0.0,0.0,0.0,0.0,0.0,0.0,0.9937472329748449,0.9937472329748449,0.9998472550356705,0.9937472329748449
94,T,5.629338290583231e-28,5.629338290583231e-28,1.7169284392324229e-22,5.629338290583231e-28,9.647339194426713e-34,9.647339194426713e-34,1.0148625654580019e-07,9.647339194426713e-34,5.649974465015677e-23,5.649974465015677e-23,7.915948015726615e-25,5.649974465015677e-23,3.355031464905148e-05,3.355031464905148e-05,4.258560749034188e-06,3.355031464905148e-05,0.00011958857200328348,0.00011958857200328348,0.00091012530042319,0.00011958857200328348,0.0,0.0,0.0,0.0,0.0,0.0,0.0,0.0,0.0,0.0,0.0,0.0,0.0,0.0,0.0,0.0,0.0,0.0,0.0,0.0,0.9998468611133476,0.9998468611133476,0.9990855146525713,0.9998468611133476
95,A,5.278324588453843e-06,5.278324588453843e-06,3.814872757187813e-05,5.278324588453843e-06,0.0,0.0,0.0,0.0,0.026195470232116477,0.026195470232116477,0.005547204013556038,0.026195470232116477,0.010236412085038286,0.010236412085038286,0.004226798481916062,0.010236412085038286,0.0,0.0,0.0,0.0,0.01218132990503311,0.01218132990503311,0.0017377280008461348,0.01218132990503311,0.0,0.0,0.0,0.0,0.0,0.0,0.0,0.0,0.00014550810901950767,0.00014550810901950767,1.0858730788282323e-08,0.00014550810901950767,0.0,0.0,0.0,0.0,0.9512360013442043,0.9512360013442043,0.988450109917379,0.9512360013442043
96,G,7.712340556493374e-13,7.712340556493374e-13,4.7805736418125905e-21,7.712340556493374e-13,1.4657707973363565e-09,1.4657707973363565e-09,1.3884877082287334e-14,1.4657707973363565e-09,2.3457777628723854e-07,2.3457777628723854e-07,2.202837825646012e-06,2.3457777628723854e-07,0.0,0.0,0.0,0.0,0.0,0.0,0.0,0.0,0.00011736730270585821,0.00011736730270585821,2.633138606602328e-05,0.00011736730270585821,3.289177645239163e-05,3.289177645239163e-05,6.975130504890171e-05,3.289177645239163e-05,0.0,0.0,0.0,0.0,0.0,0.0,0.0,0.0,0.0,0.0,0.0,0.0,0.9998495048765234,0.9998495048765234,0.9999017144710456,0.9998495048765234
97,C,4.4329157423551546e-11,4.4329157423551546e-11,4.4612458662617583e-10,4.4329157423551546e-11,0.005946053001371127,0.005946053001371127,0.008811795239866863,0.005946053001371127,0.0,0.0,0.0,0.0,0.0024888789215561685,0.0024888789215561685,0.0015540774838342832,0.0024888789215561685,0.0,0.0,0.0,0.0,0.005276836291805643,0.005276836291805643,0.006713952786334741,0.005276836291805643,0.0,0.0,0.0,0.0,0.0002985226591158075,0.0002985226591158075,0.000613989852642308,0.0002985226591158075,0.0,0.0,0.0,0.0,0.0,0.0,0.0,0.0,0.9859897090818222,0.9859897090818222,0.9823061841911972,0.9859897090818222
98,T,8.068142028094479e-22,8.068142028094479e-22,4.3805788427332856e-144,8.068142028094479e-22,1.7725171753634746e-05,1.7725171753634746e-05,4.0712985786141266e-11,1.7725171753634746e-05,1.9660536335068887e-16,1.9660536335068887e-16,1.1872304017156966e-18,1.9660536335068887e-16,2.259689553347003e-26,2.259689553347003e-26,0.0009251313783031185,2.259689553347003e-26,0.000132493033281085,0.000132493033281085,0.007163599153452781,0.000132493033281085,0.0,0.0,0.0,0.0,0.0,0.0,0.0,0.0,0.0,0.0,0.0,0.0,0.0,0.0,0.0,0.0,0.0,0.0,0.0,0.0,0.999849781794965,0.999849781794965,0.9919112694275312,0.999849781794965
99,G,5.724692780961716e-36,5.724692780961716e-36,9.855342108382672e-59,5.724692780961716e-36,1.850660904687754e-08,1.850660904687754e-08,5.050148091009227e-05,1.850660904687754e-08,1.3501228775679819e-22,1.3501228775679819e-22,7.1221427902652725e-06,1.3501228775679819e-22,0.0,0.0,0.0,0.0,0.0,0.0,0.0,0.0,1.9693819574746217e-05,1.9693819574746217e-05,2.330911833030359e-06,1.9693819574746217e-05,4.45366929977498e-06,4.45366929977498e-06,0.005044218655435153,4.45366929977498e-06,0.0,0.0,0.0,0.0,0.0,0.0,0.0,0.0,0.0,0.0,0.0,0.0,0.9999758340045164,0.9999758340045164,0.9948958268090315,0.9999758340045164
100,A,7.305074979628634e-13,7.305074979628634e-13,3.998511252453879e-12,7.305074979628634e-13,0.0,0.0,0.0,0.0,0.0006058736463584799,0.0006058736463584799,0.016979957760221535,0.0006058736463584799,0.006661724044566898,0.006661724044566898,0.05492542747649912,0.006661724044566898,0.0,0.0,0.0,0.0,0.0014816073552062377,0.0014816073552062377,0.015366408566254042,0.0014816073552062377,0.0,0.0,0.0,0.0,0.0,0.0,0.0,0.0,0.0004080359918451169,0.0004080359918451169,0.00018109762774880687,0.0004080359918451169,0.0,0.0,0.0,0.0,0.9908427589612928,0.9908427589612928,0.9125471085652781,0.9908427589612928
101,G,7.280347603616816e-13,7.280347603616816e-13,3.9667704144006714e-39,7.280347603616816e-13,9.598583286470221e-05,9.598583286470221e-05,4.712330722485817e-13,9.598583286470221e-05,8.829058490487041e-11,8.829058490487041e-11,2.247362746872852e-07,8.829058490487041e-11,0.0,0.0,0.0,0.0,0.0,0.0,0.0,0.0,3.418300449529241e-08,3.418300449529241e-08,0.03659482218161407,3.418300449529241e-08,8.453818124440518e-05,8.453818124440518e-05,4.909444830576637e-05,8.453818124440518e-05,0.0,0.0,0.0,0.0,0.0,0.0,0.0,0.0,0.0,0.0,0.0,0.0,0.9998194417138676,0.9998194417138676,0.9633558586333343,0.9998194417138676
102,G,8.842457439978414e-09,8.842457439978414e-09,7.407756330328533e-06,8.842457439978414e-09,0.001594241330340837,0.001594241330340837,1.914046190121121e-06,0.001594241330340837,2.514318243110093e-06,2.514318243110093e-06,5.08880267187951e-05,2.514318243110093e-06,0.0,0.0,0.0,0.0,0.0,0.0,0.0,0.0,0.0016258947928011393,0.0016258947928011393,4.031662926031034e-10,0.0016258947928011393,0.004004807296377189,0.004004807296377189,0.0014463175325239172,0.004004807296377189,0.0,0.0,0.0,0.0,0.0,0.0,0.0,0.0,0.0,0.0,0.0,0.0,0.9927725334197801,0.9927725334197801,0.9984934722350705,0.9927725334197801
103,C,0.005087284911400978,0.005087284911400978,2.0994381527515407e-05,0.005087284911400978,0.00028113896808103467,0.00028113896808103467,0.019746360964872846,0.00028113896808103467,0.0,0.0,0.0,0.0,0.0009287880101429552,0.0009287880101429552,0.005810365505392434,0.0009287880101429552,0.0,0.0,0.0,0.0,0.018400589130505653,0.018400589130505653,0.006053540149193567,0.018400589130505653,0.0,0.0,0.0,0.0,0.0032409283608819802,0.0032409283608819802,4.069762229912065e-05,0.0032409283608819802,0.0,0.0,0.0,0.0,0.0,0.0,0.0,0.0,0.9720612706189873,0.9720612706189873,0.9683280413767146,0.9720612706189873
104,C,8.524737120876754e-31,8.524737120876754e-31,2.63375608038754e-65,8.524737120876754e-31,0.002949262296617316,0.002949262296617316,0.004686543687159589,0.002949262296617316,0.0,0.0,0.0,0.0,0.018083402146606642,0.018083402146606642,0.0001206150443956493,0.018083402146606642,0.0,0.0,0.0,0.0,0.02552983573526556,0.02552983573526556,0.00202368533176916,0.02552983573526556,0.0,0.0,0.0,0.0,0.00037392900338326286,0.00037392900338326286,2.7869259793899104e-07,0.00037392900338326286,0.0,0.0,0.0,0.0,0.0,0.0,0.0,0.0,0.9530635708181272,0.9530635708181272,0.9931688772440777,0.9530635708181272
105,T,1.3480864528974044e-21,1.3480864528974044e-21,6.293077907717393e-07,1.3480864528974044e-21,9.440689433191028e-15,9.440689433191028e-15,0.0015467841101350786,9.440689433191028e-15,1.5124467353825558e-08,1.5124467353825558e-08,1.2210726210858802e-10,1.5124467353825558e-08,1.3821120789645198e-12,1.3821120789645198e-12,2.9585394442592343e-10,1.3821120789645198e-12,0.00020842806615847071,0.00020842806615847071,0.00011555925662325816,0.00020842806615847071,0.0,0.0,0.0,0.0,0.0,0.0,0.0,0.0,0.0,0.0,0.0,0.0,0.0,0.0,0.0,0.0,0.0,0.0,0.0,0.0,0.9997915568079825,0.9997915568079825,0.9983370269074897,0.9997915568079825
106,T,3.6900391796816854e-173,3.6900391796816854e-173,3.4406338298251897e-259,3.6900391796816854e-173,1.6186793388609287e-32,1.6186793388609287e-32,3.2114039786982807e-25,1.6186793388609287e-32,3.2677560600039e-59,3.2677560600039e-59,9.782107672364977e-44,3.2677560600039e-59,2.628976249694601e-13,2.628976249694601e-13,2.0492291270814002e-19,2.628976249694601e-13,0.024817917397386893,0.024817917397386893,0.00022450478624258204,0.024817917397386893,0.0,0.0,0.0,0.0,0.0,0.0,0.0,0.0,0.0,0.0,0.0,0.0,0.0,0.0,0.0,0.0,0.0,0.0,0.0,0.0,0.9751820826023503,0.9751820826023503,0.9997754952137575,0.9751820826023503
107,T,7.57824848911397e-11,7.57824848911397e-11,9.273292214664028e-10,7.57824848911397e-11,6.529880823503749e-15,6.529880823503749e-15,6.5327461256220764e-09,6.529880823503749e-15,4.3199826028540696e-32,4.3199826028540696e-32,4.1832179834115247e-10,4.3199826028540696e-32,5.505651672452494e-09,5.505651672452494e-09,9.542282515552745e-51,5.505651672452494e-09,0.0018686669994344852,0.0018686669994344852,0.0006300362670599932,0.0018686669994344852,0.0,0.0,0.0,0.0,0.0,0.0,0.0,0.0,0.0,0.0,0.0,0.0,0.0,0.0,0.0,0.0,0.0,0.0,0.0,0.0,0.9981313274191248,0.9981313274191248,0.9993699558545428,0.9981313274191248
108,G,7.08704924879293e-09,7.08704924879293e-09,1.3959649898280298e-38,7.08704924879293e-09,0.0008948029557619856,0.0008948029557619856,0.00017326527977488116,0.0008948029557619856,4.493621315645065e-05,4.493621315645065e-05,0.00013590542676486294,4.493621315645065e-05,0.0,0.0,0.0,0.0,0.0,0.0,0.0,0.0,0.0002917787668321189,0.0002917787668321189,1.0912555891057938e-06,0.0002917787668321189,1.0185012112638495e-05,1.0185012112638495e-05,8.14470930793477e-06,1.0185012112638495e-05,0.0,0.0,0.0,0.0,0.0,0.0,0.0,0.0,0.0,0.0,0.0,0.0,0.9987582899650876,0.9987582899650876,0.9996815933285632,0.9987582899650876
109,G,8.963380414665159e-60,8.963380414665159e-60,8.282657644100685e-11,8.963380414665159e-60,8.007495580621366e-07,8.007495580621366e-07,0.0014134447876825223,8.007495580621366e-07,0.0008344211337479228,0.0008344211337479228,0.0031040150831083144,0.0008344211337479228,0.0,0.0,0.0,0.0,0.0,0.0,0.0,0.0,1.5491712075529443e-08,1.5491712075529443e-08,0.0030990953697833763,1.5491712075529443e-08,0.0030385910517259527,0.0030385910517259527,0.00046809174464411293,0.0030385910517259527,0.0,0.0,0.0,0.0,0.0,0.0,0.0,0.0,0.0,0.0,0.0,0.0,0.9961261715732559,0.9961261715732559,0.9919153529319551,0.9961261715732559
110,T,1.5251130221708213e-19,1.5251130221708213e-19,6.275338104275806e-07,1.5251130221708213e-19,1.0141936730201334e-31,1.0141936730201334e-31,2.004701198041372e-35,1.0141936730201334e-31,2.5901470139981884e-30,2.5901470139981884e-30,7.358602239591719e-30,2.5901470139981884e-30,8.103850437211852e-10,8.103850437211852e-10,1.3980406656596331e-09,8.103850437211852e-10,0.0014842600548495817,0.0014842600548495817,0.00024977647054789226,0.0014842600548495817,0.0,0.0,0.0,0.0,0.0,0.0,0.0,0.0,0.0,0.0,0.0,0.0,0.0,0.0,0.0,0.0,0.0,0.0,0.0,0.0,0.9985157391347654,0.9985157391347654,0.9997495945976009,0.9985157391347654
111,A,0.00020380329557903815,0.00020380329557903815,0.0006370571470567819,0.00020380329557903815,0.0,0.0,0.0,0.0,2.138154004635069e-06,2.138154004635069e-06,0.0021059443224399205,2.138154004635069e-06,0.005615566790245078,0.005615566790245078,0.001369072455149135,0.005615566790245078,0.0,0.0,0.0,0.0,0.006282849923710424,0.006282849923710424,0.013212018512109864,0.006282849923710424,0.0,0.0,0.0,0.0,0.0,0.0,0.0,0.0,0.0037867418649599875,0.0037867418649599875,0.004406485299536391,0.0037867418649599875,0.0,0.0,0.0,0.0,0.9841088999715009,0.9841088999715009,0.9782694222637079,0.9841088999715009
112,T,1.607560410043649e-31,1.607560410043649e-31,1.4911288983693457e-46,1.607560410043649e-31,6.165247079490728e-06,6.165247079490728e-06,5.915171686867904e-10,6.165247079490728e-06,3.3994409163195655e-11,3.3994409163195655e-11,0.000253659229688967,3.3994409163195655e-11,2.081888808805358e-17,2.081888808805358e-17,4.03941913353172e-17,2.081888808805358e-17,0.0001318617948784521,0.0001318617948784521,0.002436248049105279,0.0001318617948784521,0.0,0.0,0.0,0.0,0.0,0.0,0.0,0.0,0.0,0.0,0.0,0.0,0.0,0.0,0.0,0.0,0.0,0.0,0.0,0.0,0.9998619729240477,0.9998619729240477,0.9973100921296886,0.9998619729240477
113,T,1.1291445043837348e-144,1.1291445043837348e-144,7.416327431011854e-118,1.1291445043837348e-144,2.6349872674782698e-34,2.6349872674782698e-34,1.2761129997326592e-10,2.6349872674782698e-34,2.156018056186567e-11,2.156018056186567e-11,3.655284197852663e-51,2.156018056186567e-11,4.01395973675075e-34,4.01395973675075e-34,8.950971524573968e-65,4.01395973675075e-34,0.00015706160008246484,0.00015706160008246484,0.007976033797534345,0.00015706160008246484,0.0,0.0,0.0,0.0,0.0,0.0,0.0,0.0,0.0,0.0,0.0,0.0,0.0,0.0,0.0,0.0,0.0,0.0,0.0,0.0,0.9998429383783575,0.9998429383783575,0.9920239660748544,0.9998429383783575
114,G,8.182238758358337e-134,8.182238758358337e-134,3.6744531715293776e-57,8.182238758358337e-134,2.273771686765618e-07,2.273771686765618e-07,3.124418515361066e-11,2.273771686765618e-07,9.156955857769286e-11,9.156955857769286e-11,5.787001878364603e-05,9.156955857769286e-11,0.0,0.0,0.0,0.0,0.0,0.0,0.0,0.0,3.367440250208587e-06,3.367440250208587e-06,1.0653113052235742e-08,3.367440250208587e-06,5.585120451230339e-06,5.585120451230339e-06,4.022930667758608e-05,5.585120451230339e-06,0.0,0.0,0.0,0.0,0.0,0.0,0.0,0.0,0.0,0.0,0.0,0.0,0.9999908199705603,0.9999908199705603,0.9999018899901815,0.9999908199705603
115,T,2.1490748662311607e-223,2.1490748662311607e-223,1.2859443675993173e-186,2.1490748662311607e-223,7.471023309520427e-21,7.471023309520427e-21,1.3853971594598646e-13,7.471023309520427e-21,2.1794835047002324e-09,2.1794835047002324e-09,6.495129535006007e-24,2.1794835047002324e-09,1.2011969630631732e-07,1.2011969630631732e-07,6.180698491349424e-17,1.2011969630631732e-07,0.007059240186065762,0.007059240186065762,0.007444550455665008,0.007059240186065762,0.0,0.0,0.0,0.0,0.0,0.0,0.0,0.0,0.0,0.0,0.0,0.0,0.0,0.0,0.0,0.0,0.0,0.0,0.0,0.0,0.9929406375147544,0.9929406375147544,0.9925554495441965,0.9929406375147544
116,C,1.0820513737790147e-20,1.0820513737790147e-20,5.412669723306407e-09,1.0820513737790147e-20,0.02381007354646759,0.02381007354646759,0.0009204960897611265,0.02381007354646759,0.0,0.0,0.0,0.0,0.00026488540495823336,0.00026488540495823336,0.016511835843041577,0.00026488540495823336,0.0,0.0,0.0,0.0,0.02185575709736523,0.02185575709736523,0.0011896397542674232,0.02185575709736523,0.0,0.0,0.0,0.0,1.4347220134306286e-05,1.4347220134306286e-05,1.3137619987415708e-06,1.4347220134306286e-05,0.0,0.0,0.0,0.0,0.0,0.0,0.0,0.0,0.9540549367310746,0.9540549367310746,0.9813767091382614,0.9540549367310746
117,G,3.171738043844583e-36,3.171738043844583e-36,2.534543796621238e-25,3.171738043844583e-36,0.000947564380770447,0.000947564380770447,0.0019509867167255366,0.000947564380770447,0.0033649911804884596,0.0033649911804884596,0.0016355755906660241,0.0033649911804884596,0.0,0.0,0.0,0.0,0.0,0.0,0.0,0.0,0.014527443465681725,0.014527443465681725,0.011181185573029847,0.014527443465681725,2.307741096334903e-06,2.307741096334903e-06,8.291209710118679e-05,2.307741096334903e-06,0.0,0.0,0.0,0.0,0.0,0.0,0.0,0.0,0.0,0.0,0.0,0.0,0.981157693231963,0.981157693231963,0.9851493400224776,0.981157693231963
118,C,4.07442001362268e-14,4.07442001362268e-14,1.4878663661204058e-22,4.07442001362268e-14,0.010359502844888893,0.010359502844888893,0.000563360618061804,0.010359502844888893,0.0,0.0,0.0,0.0,0.003910863942682949,0.003910863942682949,0.0007446267917417054,0.003910863942682949,0.0,0.0,0.0,0.0,0.01662090478984717,0.01662090478984717,0.014219646265915457,0.01662090478984717,0.0,0.0,0.0,0.0,1.579962726590266e-07,1.579962726590266e-07,2.755717691173702e-06,1.579962726590266e-07,0.0,0.0,0.0,0.0,0.0,0.0,0.0,0.0,0.9691085704262676,0.9691085704262676,0.98446961060659,0.9691085704262676
119,G,1.0698485345951213e-65,1.0698485345951213e-65,3.149398472386031e-42,1.0698485345951213e-65,1.1168974028128294e-18,1.1168974028128294e-18,0.003669840086880714,1.1168974028128294e-18,0.0008214524229873015,0.0008214524229873015,7.983197903938866e-18,0.0008214524229873015,0.0,0.0,0.0,0.0,0.0,0.0,0.0,0.0,4.908142971030678e-07,4.908142971030678e-07,0.0010024697203430053,4.908142971030678e-07,0.018992386593051244,0.018992386593051244,0.00020136450445067185,0.018992386593051244,0.0,0.0,0.0,0.0,0.0,0.0,0.0,0.0,0.0,0.0,0.0,0.0,0.9801856701696643,0.9801856701696643,0.9951263256883256,0.9801856701696643
120,A,1.1901799157367551e-06,1.1901799157367551e-06,1.332884786564556e-07,1.1901799157367551e-06,0.0,0.0,0.0,0.0,0.03280410672509471,0.03280410672509471,0.009527192934956592,0.03280410672509471,0.006730844516881609,0.006730844516881609,0.011660530054305424,0.006730844516881609,0.0,0.0,0.0,0.0,0.009960183876581276,0.009960183876581276,0.0034722775286879248,0.009960183876581276,0.0,0.0,0.0,0.0,0.0,0.0,0.0,0.0,0.00582048820595117,0.00582048820595117,0.003008789769298188,0.00582048820595117,0.0,0.0,0.0,0.0,0.9446831864955755,0.9446831864955755,0.9723310764242732,0.9446831864955755
121,T,5.16474297219011e-65,5.16474297219011e-65,9.702258100978462e-31,5.16474297219011e-65,1.4621836302186395e-13,1.4621836302186395e-13,5.0021242330979964e-05,1.4621836302186395e-13,5.95819088671848e-17,5.95819088671848e-17,5.4091412322416726e-11,5.95819088671848e-17,5.997554520673871e-30,5.997554520673871e-30,3.9495951827419867e-28,5.997554520673871e-30,4.287490291612892e-08,4.287490291612892e-08,0.00047516265202118076,4.287490291612892e-08,0.0,0.0,0.0,0.0,0.0,0.0,0.0,0.0,0.0,0.0,0.0,0.0,0.0,0.0,0.0,0.0,0.0,0.0,0.0,0.0,0.9999999571249507,0.9999999571249507,0.9994748160515563,0.9999999571249507
122,T,1.1757025907071823e-22,1.1757025907071823e-22,0.0,1.1757025907071823e-22,6.558257047748806e-09,6.558257047748806e-09,2.747839742301137e-79,6.558257047748806e-09,1.0075676643225125e-12,1.0075676643225125e-12,2.3277064654665998e-10,1.0075676643225125e-12,8.327052238891194e-18,8.327052238891194e-18,1.4957841184531354e-11,8.327052238891194e-18,0.01037996110164856,0.01037996110164856,0.014033276555968852,0.01037996110164856,0.0,0.0,0.0,0.0,0.0,0.0,0.0,0.0,0.0,0.0,0.0,0.0,0.0,0.0,0.0,0.0,0.0,0.0,0.0,0.0,0.9896200323390869,0.9896200323390869,0.9859667231963027,0.9896200323390869
123,A,0.0020553398905177552,0.0020553398905177552,0.016599596074344136,0.0020553398905177552,0.0,0.0,0.0,0.0,0.00140096188089294,0.00140096188089294,0.0015066642711456647,0.00140096188089294,0.0020025247534175192,0.0020025247534175192,0.010807050218677955,0.0020025247534175192,0.0,0.0,0.0,0.0,0.0013459309789101987,0.0013459309789101987,0.0063669943190943715,0.0013459309789101987,0.0,0.0,0.0,0.0,0.0,0.0,0.0,0.0,0.0004035108520896939,0.0004035108520896939,0.0025549853170373374,0.0004035108520896939,0.0,0.0,0.0,0.0,0.9927917316441718,0.9927917316441718,0.9621647097997006,0.9927917316441718
124,C,9.443377642673579e-05,9.443377642673579e-05,1.9193687118145177e-14,9.443377642673579e-05,0.0002243201652350552,0.0002243201652350552,0.001809177276624625,0.0002243201652350552,0.0,0.0,0.0,0.0,0.0011196909815803723,0.0011196909815803723,0.005940082964315488,0.0011196909815803723,0.0,0.0,0.0,0.0,0.006390855976920243,0.006390855976920243,0.0025193423529668167,0.006390855976920243,0.0,0.0,0.0,0.0,9.844045790916421e-08,9.844045790916421e-08,0.001756477244861551,9.844045790916421e-08,0.0,0.0,0.0,0.0,0.0,0.0,0.0,0.0,0.9921706006593797,0.9921706006593797,0.9879749201612124,0.9921706006593797
125,G,3.4890500714644157e-87,3.4890500714644157e-87,9.980937518550274e-12,3.4890500714644157e-87,0.029384242555230453,0.029384242555230453,5.7737021099325594e-05,0.029384242555230453,0.0020792483078318842,0.0020792483078318842,9.742071405786535e-10,0.0020792483078318842,0.0,0.0,0.0,0.0,0.0,0.0,0.0,0.0,0.0010888205347843814,0.0010888205347843814,2.247173434161489e-11,0.0010888205347843814,1.1050766977261432e-05,1.1050766977261432e-05,0.00023352402861213806,1.1050766977261432e-05,0.0,0.0,0.0,0.0,0.0,0.0,0.0,0.0,0.0,0.0,0.0,0.0,0.9674366378351761,0.9674366378351761,0.9997087379436287,0.9674366378351761
126,T,9.363021295836566e-08,9.363021295836566e-08,8.189594654125289e-50,9.363021295836566e-08,0.0013382305667946415,0.0013382305667946415,1.2212911750453e-06,0.0013382305667946415,5.835915680470945e-08,5.835915680470945e-08,6.648423623480024e-25,5.835915680470945e-08,9.718076412775063e-24,9.718076412775063e-24,2.3366262124909704e-18,9.718076412775063e-24,0.00016017997569422372,0.00016017997569422372,0.004725002202954539,0.00016017997569422372,0.0,0.0,0.0,0.0,0.0,0.0,0.0,0.0,0.0,0.0,0.0,0.0,0.0,0.0,0.0,0.0,0.0,0.0,0.0,0.0,0.9985014374681414,0.9985014374681414,0.9952737765058705,0.9985014374681414
127,G,4.3137707830220363e-29,4.3137707830220363e-29,2.4021772654531144e-42,4.3137707830220363e-29,0.00010306047307719136,0.00010306047307719136,1.706416524904611e-10,0.00010306047307719136,0.00027427691270567146,0.00027427691270567146,2.3284652204026826e-10,0.00027427691270567146,0.0,0.0,0.0,0.0,0.0,0.0,0.0,0.0,1.8271694854642352e-13,1.8271694854642352e-13,2.3413673360023712e-07,1.8271694854642352e-13,0.0022413190097810847,0.0022413190097810847,0.0017651892349714456,0.0022413190097810847,0.0,0.0,0.0,0.0,0.0,0.0,0.0,0.0,0.0,0.0,0.0,0.0,0.9973813436042533,0.9973813436042533,0.9982345762248069,0.9973813436042533
128,C,9.018631609174597e-09,9.018631609174597e-09,4.929030064678756e-34,9.018631609174597e-09,0.0017094555122157237,0.0017094555122157237,0.00046190498935939385,0.0017094555122157237,0.0,0.0,0.0,0.0,4.4801652185163307e-07,4.4801652185163307e-07,8.612788574255596e-06,4.4801652185163307e-07,0.0,0.0,0.0,0.0,0.0021502490487015982,0.0021502490487015982,0.0003044504276741521,0.0021502490487015982,0.0,0.0,0.0,0.0,3.5236178133417335e-06,3.5236178133417335e-06,6.171378870972628e-06,3.5236178133417335e-06,0.0,0.0,0.0,0.0,0.0,0.0,0.0,0.0,0.996136314786116,0.996136314786116,0.9992188604155212,0.996136314786116
129,A,0.007643257572697285,1.1345627398320376e-10,5.233548656926157e-06,0.007643257572697285,0.0,0.0,0.0,0.0,0.009396244241349433,0.00019108894374003811,6.717429468537136e-06,0.009396244241349433,0.007742934917217729,0.011640704657745204,0.020657604197667653,0.007742934917217729,0.0,0.0,0.0,0.0,0.021176234275508275,0.05217887206944352,0.006039271387674794,0.021176234275508275,0.0,0.0,0.0,0.0,0.0,0.0,0.0,0.0,0.014759291725896182,0.0010281989082829264,1.0358597211221793e-07,0.014759291725896182,0.0,0.0,0.0,0.0,0.9392820372673311,0.934961135307332,0.9732910698505599,0.9392820372673311
130,G,5.646875983618208e-88,4.746813419290284e-182,2.0251002456893454e-49,5.646875983618208e-88,3.067603759712946e-13,2.7676297127569004e-33,4.419825091194286e-11,3.067603759712946e-13,9.41582248654897e-08,3.131617639869372e-19,1.0066750721597768e-07,9.41582248654897e-08,0.0,0.0,0.0,0.0,0.0,0.0,0.0,0.0,0.0033768740843558407,1.1869933358027526e-33,1.9344089560501698e-05,0.0033768740843558407,0.011520148597398932,0.00011254514162238206,9.584172248361653e-06,0.011520148597398932,0.0,0.0,0.0,0.0,0.0,0.0,0.0,0.0,0.0,0.0,0.0,0.0,0.9851028831597135,0.9998874548583776,0.9999709710264856,0.9851028831597135
131,T,0.0,0.0,1.5114146112043273e-143,0.0,2.2316508852665435e-12,5.5252517711357516e-39,8.722683096403617e-08,2.2316508852665435e-12,3.632820538737668e-07,9.264815284631616e-63,0.0030787681490372456,3.632820538737668e-07,3.41128155827664e-50,9.472718555670667e-35,2.0321244488307887e-10,3.41128155827664e-50,0.0038462194321125676,3.747313940440393e-07,1.7581306857707256e-07,0.0038462194321125676,0.0,0.0,0.0,0.0,0.0,0.0,0.0,0.0,0.0,0.0,0.0,0.0,0.0,0.0,0.0,0.0,0.0,0.0,0.0,0.0,0.996153417283602,0.999999625268606,0.9969209686078508,0.996153417283602
132,T,2.6168107986811416e-268,5.818085061017888e-180,0.0,2.6168107986811416e-268,2.986933334909835e-141,1.2007000447245988e-21,1.2588249041180556e-08,2.986933334909835e-141,1.1063555730962037e-08,1.2856541748434995e-08,1.1810619022107156e-07,1.1063555730962037e-08,3.479729527520547e-36,4.118146436855484e-13,1.211859347949849e-05,3.479729527520547e-36,9.937303651327223e-09,0.0023399409592679108,0.001344905937231857,9.937303651327223e-09,0.0,0.0,0.0,0.0,0.0,0.0,0.0,0.0,0.0,0.0,0.0,0.0,0.0,0.0,0.0,0.0,0.0,0.0,0.0,0.0,0.9999999789991406,0.9976600461837786,0.9986428447748493,0.9999999789991406
133,A,2.405003920707549e-10,8.455276111528988e-14,6.17474000119736e-05,2.405003920707549e-10,0.0,0.0,0.0,0.0,0.0021781390438073795,0.002107059163736081,0.0011702659614039029,0.0021781390438073795,0.02310714063739413,0.02018798845745278,0.00022341806448002423,0.02310714063739413,0.0,0.0,0.0,0.0,0.03045040288495598,0.0009571082396945614,0.005251794480295716,0.03045040288495598,0.0,0.0,0.0,0.0,0.0,0.0,0.0,0.0,0.0003946862414499334,0.0027050511877408008,0.006107352355744571,0.0003946862414499334,0.0,0.0,0.0,0.0,0.9438696309518922,0.9740427929512911,0.9871854217380638,0.9438696309518922
134,C,1.241336344742655e-10,2.3437228827261944e-44,4.998482344978415e-10,1.241336344742655e-10,0.033579702382818835,0.014833278058998147,0.008986710037047294,0.033579702382818835,0.0,0.0,0.0,0.0,0.006864158389365895,3.827736713764883e-09,0.002674317147592694,0.006864158389365895,0.0,0.0,0.0,0.0,0.02815496845841821,0.013835633416579942,0.004535054510536671,0.02815496845841821,0.0,0.0,0.0,0.0,0.0017249751720611749,3.945166039770272e-05,2.461092456582285e-07,0.0017249751720611749,0.0,0.0,0.0,0.0,0.0,0.0,0.0,0.0,0.9296761954732023,0.9712916330362876,0.9838036716957296,0.9296761954732023
135,G,1.5125097435359319e-87,1.6616981684594e-24,6.894542139661847e-40,1.5125097435359319e-87,1.5452736156637426e-05,0.00025611408146134954,3.533722023961445e-14,1.5452736156637426e-05,0.006473572029612079,0.004706560074811693,0.00012605475951484957,0.006473572029612079,0.0,0.0,0.0,0.0,0.0,0.0,0.0,0.0,0.006490651496441723,2.9351789919793344e-07,7.773957065173721e-07,0.006490651496441723,3.5560405029369044e-05,0.00039965675547400684,0.0034585768288153034,3.5560405029369044e-05,0.0,0.0,0.0,0.0,0.0,0.0,0.0,0.0,0.0,0.0,0.0,0.0,0.9869847633327602,0.9946373755703538,0.996414591015928,0.9869847633327602
136,A,0.0038862537369531705,0.001031280936002148,5.270175634667271e-09,0.0038862537369531705,0.0,0.0,0.0,0.0,0.02563755420553181,0.00028463449395451816,0.00015846087527902477,0.02563755420553181,0.0005080132181628146,0.011616795985242772,0.0007657790812888374,0.0005080132181628146,0.0,0.0,0.0,0.0,0.001683341902283955,0.01844750229586949,0.042329430731594134,0.001683341902283955,0.0,0.0,0.0,0.0,0.0,0.0,0.0,0.0,2.8227555904327354e-05,0.005114434968404743,0.001340855352876789,2.8227555904327354e-05,0.0,0.0,0.0,0.0,0.9682566093811639,0.9635053513205264,0.9554054686887856,0.9682566093811639
137,T,1.140213393979575e-34,2.1534213374868707e-34,2.655036229430458e-95,1.140213393979575e-34,5.3942024241183644e-24,9.367910057798625e-31,1.0722116364169532e-14,5.3942024241183644e-24,1.5795614735253205e-16,2.4859474094361954e-24,0.0004617979902956378,1.5795614735253205e-16,2.617025456561695e-12,2.950682826639824e-17,1.6432361859649645e-13,2.617025456561695e-12,0.00016955311462642166,0.001668833879869902,0.0148622224141578,0.00016955311462642166,0.0,0.0,0.0,0.0,0.0,0.0,0.0,0.0,0.0,0.0,0.0,0.0,0.0,0.0,0.0,0.0,0.0,0.0,0.0,0.0,0.9998304468827565,0.9983311661201301,0.9846759795953713,0.9998304468827565
138,A,1.5595752237224787e-05,4.265385769388137e-12,0.00012221725701567094,1.5595752237224787e-05,0.0,0.0,0.0,0.0,0.006512793229008278,0.006434699300493641,0.0040546248174335876,0.006512793229008278,0.003974545491058334,0.009297663583012079,0.012725385652800288,0.003974545491058334,0.0,0.0,0.0,0.0,0.007104052866888593,0.004596547396415297,0.00020637310572312628,0.007104052866888593,0.0,0.0,0.0,0.0,0.0,0.0,0.0,0.0,2.601156449958527e-07,0.0004879912843818033,0.00047388526767438624,2.601156449958527e-07,0.0,0.0,0.0,0.0,0.9823927525451626,0.9791830984314317,0.9824175138993528,0.9823927525451626
139,G,1.1469308611344148e-08,8.776283086952602e-16,2.5013229983294616e-64,1.1469308611344148e-08,8.384044300517174e-05,0.0002838284664258344,0.0027323550274979598,8.384044300517174e-05,7.646182807883162e-05,3.1903091023548783e-10,0.00041508216409694653,7.646182807883162e-05,0.0,0.0,0.0,0.0,0.0,0.0,0.0,0.0,3.1090705226793e-14,0.001930218919807758,1.1293679633820837e-07,3.1090705226793e-14,1.7241482779776338e-06,1.6711897671296043e-06,0.009668274630807518,1.7241482779776338e-06,0.0,0.0,0.0,0.0,0.0,0.0,0.0,0.0,0.0,0.0,0.0,0.0,0.9998379621112984,0.9977842811049675,0.9871841752408013,0.9998379621112984
140,T,1.6977102326688493e-202,1.8739447800493655e-267,4.067061181670432e-37,1.6977102326688493e-202,3.7532328652398604e-10,0.00020483184543285086,8.583532864379887e-22,3.7532328652398604e-10,4.612380633977506e-19,0.00022569335415016745,3.046520643467602e-06,4.612380633977506e-19,0.008261921935780746,4.7637329732568574e-26,0.00020683835979201954,0.008261921935780746,0.00014534491309631213,6.145175457175867e-05,0.007615483943078971,0.00014534491309631213,0.0,0.0,0.0,0.0,0.0,0.0,0.0,0.0,0.0,0.0,0.0,0.0,0.0,0.0,0.0,0.0,0.0,0.0,0.0,0.0,0.9915927327757996,0.9995080230458452,0.9921746311764855,0.9915927327757996
141,A,2.0062685543353224e-06,1.3332770142699453e-11,5.441418051661146e-06,2.0062685543353224e-06,0.0,0.0,0.0,0.0,0.0015920581538842705,0.0005044759675367101,0.00044455908964138207,0.0015920581538842705,0.013692301391909698,0.004752664932488628,0.01316799472552971,0.013692301391909698,0.0,0.0,0.0,0.0,0.0036618443550575715,0.0017760108816545466,0.0016089115035699797,0.0036618443550575715,0.0,0.0,0.0,0.0,0.0,0.0,0.0,0.0,0.03669516279412517,4.925223949958835e-05,4.422191653385737e-08,0.03669516279412517,0.0,0.0,0.0,0.0,0.944356627036469,0.9929175959654877,0.9847730490412908,0.944356627036469
142,C,5.4272484272969457e-14,1.9461201320417295e-18,4.882273007901503e-11,5.4272484272969457e-14,0.00013102774544500981,0.000522596630210318,6.602622913450108e-05,0.00013102774544500981,0.0,0.0,0.0,0.0,0.0009634075693395744,0.008123176857238077,0.007046828762741553,0.0009634075693395744,0.0,0.0,0.0,0.0,0.005644560260282289,0.012884849392837416,0.004475201365767237,0.005644560260282289,0.0,0.0,0.0,0.0,8.443023569704627e-05,1.0789736914091717e-06,0.0005455166520154267,8.443023569704627e-05,0.0,0.0,0.0,0.0,0.0,0.0,0.0,0.0,0.9931765741891819,0.9784682981460229,0.9878664269415186,0.9931765741891819
143,G,3.3284256856274494e-61,2.3977731764164953e-14,9.898734132309577e-09,3.3284256856274494e-61,7.630180084312401e-09,0.00011391976706875636,5.7501622244583964e-18,7.630180084312401e-09,0.007360940142321029,0.001031968785966324,0.009477944839086316,0.007360940142321029,0.0,0.0,0.0,0.0,0.0,0.0,0.0,0.0,0.0010244540438730052,5.779307467002201e-08,1.163836222404849e-07,0.0010244540438730052,0.0028244332539618193,4.470001992937113e-06,0.0001628367525015099,0.0028244332539618193,0.0,0.0,0.0,0.0,0.0,0.0,0.0,0.0,0.0,0.0,0.0,0.0,0.988790164929664,0.9988495836518734,0.9903590921260558,0.988790164929664
144,C,1.427102322328808e-13,2.3381210391199212e-33,1.4135982579399952e-07,1.427102322328808e-13,0.000280477956882082,0.0044660352360206875,0.00533318822529612,0.000280477956882082,0.0,0.0,0.0,0.0,0.0006852788203119218,0.004285835177160178,0.0003987653773151172,0.0006852788203119218,0.0,0.0,0.0,0.0,0.004064803542922866,0.017430173267090492,0.01379028599071983,0.004064803542922866,0.0,0.0,0.0,0.0,0.001092918310314146,1.4228156402148253e-08,7.025658707650905e-07,0.001092918310314146,0.0,0.0,0.0,0.0,0.0,0.0,0.0,0.0,0.9938765213694263,0.9738179420915722,0.9804769164809723,0.9938765213694263
145,C,0.06525502062027376,1.9169447213278242e-17,5.890395712605087e-15,0.06525502062027376,0.010794210189421973,0.005788878528362846,0.001056902467808047,0.010794210189421973,0.0,0.0,0.0,0.0,0.03264905550540985,3.836584553455333e-06,2.478956635009099e-06,0.03264905550540985,0.0,0.0,0.0,0.0,0.018225222407809452,0.0072294837806026815,0.002329682547762451,0.018225222407809452,0.0,0.0,0.0,0.0,2.8403572186484914e-08,1.334993240203903e-07,0.00948786761607639,2.8403572186484914e-08,0.0,0.0,0.0,0.0,0.0,0.0,0.0,0.0,0.8730764628735128,0.986977667607157,0.9871230684117122,0.8730764628735128
146,G,6.626573277895466e-34,1.3195711978609223e-28,1.7067128656062603e-06,6.626573277895466e-34,0.0024546395538048624,4.654821295493571e-22,0.0039187166358935,0.0024546395538048624,0.0007124752168409157,0.0005720732917035414,4.107719433488942e-10,0.0007124752168409157,0.0,0.0,0.0,0.0,0.0,0.0,0.0,0.0,0.002887381548883014,1.1996827237702194e-15,0.00016299535845245612,0.002887381548883014,2.716029941372271e-07,1.0853850352178595e-09,0.0012532465300754644,2.716029941372271e-07,0.0,0.0,0.0,0.0,0.0,0.0,0.0,0.0,0.0,0.0,0.0,0.0,0.9939452320774771,0.9994279256229102,0.9946633343519411,0.9939452320774771
147,G,2.5634228275809105e-10,1.6142700984536913e-40,9.093176163251241e-95,2.5634228275809105e-10,0.004525162413098054,0.0001374365488997135,5.02489865466354e-11,0.004525162413098054,0.00032136241236250434,7.915756338939721e-12,1.344701848884364e-07,0.00032136241236250434,0.0,0.0,0.0,0.0,0.0,0.0,0.0,0.0,6.125412518631544e-12,5.342853864764297e-06,1.1789792146557563e-08,6.125412518631544e-12,6.628731084737663e-08,0.0006155042299125382,2.4620990675936442e-05,6.628731084737663e-08,0.0,0.0,0.0,0.0,0.0,0.0,0.0,0.0,0.0,0.0,0.0,0.0,0.9951534086247609,0.9992417163594072,0.999975232699098,0.9951534086247609
148,A,1.4884441972706333e-05,0.0005693314870303839,3.9502436889344176e-09,1.4884441972706333e-05,0.0,0.0,0.0,0.0,0.007642838962213741,0.01742519700616779,8.0216676063791e-05,0.007642838962213741,0.003409176812700864,0.0073315446259513035,0.0009132925569678311,0.003409176812700864,0.0,0.0,0.0,0.0,0.02065274944478298,0.024220431697533337,0.06055638885807634,0.02065274944478298,0.0,0.0,0.0,0.0,0.0,0.0,0.0,0.0,0.0017017737782841437,5.12111854264529e-06,0.0008194945697808368,0.0017017737782841437,0.0,0.0,0.0,0.0,0.9665785765600456,0.9504483740647746,0.9376306033888676,0.9665785765600456
149,A,0.009519291502268958,1.3314431743936339e-09,0.0051328748981340775,0.009519291502268958,0.0,0.0,0.0,0.0,0.023586778256696674,0.00813192683114845,0.005385671527350521,0.023586778256696674,0.003871300584555507,0.006010617200187209,0.03725148002091268,0.003871300584555507,0.0,0.0,0.0,0.0,0.05665651660396201,0.026738462356252234,0.02265934825773397,0.05665651660396201,0.0,0.0,0.0,0.0,0.0,0.0,0.0,0.0,0.0010162413668143723,5.381182031728912e-06,4.06934163869183e-06,0.0010162413668143723,0.0,0.0,0.0,0.0,0.9053498716857026,0.9591136110989372,0.9295665559542301,0.9053498716857026
150,G,1.7030006198683571e-12,1.6821484563446375e-18,1.895852673755798e-29,1.7030006198683571e-12,3.2702556355432616e-08,3.259786442542243e-05,4.2621521799497754e-10,3.2702556355432616e-08,6.014718798563143e-06,5.561524843484013e-14,2.1459017784416808e-29,6.014718798563143e-06,0.0,0.0,0.0,0.0,0.0,0.0,0.0,0.0,9.666469187907531e-05,0.00012488591187322117,3.023054953561717e-10,9.666469187907531e-05,0.0015921154769086507,0.0002143147854204322,0.005175443847007838,0.0015921154769086507,0.0,0.0,0.0,0.0,0.0,0.0,0.0,0.0,0.0,0.0,0.0,0.0,0.9983051724081543,0.9996282014382253,0.9948245554244713,0.9983051724081543
151,C,8.715964397157631e-14,1.5732165788459314e-05,0.0032751567980532155,8.715964397157631e-14,3.4482210601157484e-05,0.0038819161475663723,0.006872642817815935,3.4482210601157484e-05,0.0,0.0,0.0,0.0,0.0001449274872180038,0.00010779411613009026,0.0017760222773220483,0.0001449274872180038,0.0,0.0,0.0,0.0,0.014599705008082331,0.020834737575037586,0.020464231598019595,0.014599705008082331,0.0,0.0,0.0,0.0,0.00023640454408352664,0.0009719343293552818,2.0638086045191286e-06,0.00023640454408352664,0.0,0.0,0.0,0.0,0.0,0.0,0.0,0.0,0.9849844807499277,0.9741878856661222,0.9676098827001848,0.9849844807499277
152,G,3.2274839544407057e-39,4.3318020551748494e-44,1.1317452374803656e-19,3.2274839544407057e-39,8.497111188113407e-09,8.061259637758819e-06,2.875196835527704e-07,8.497111188113407e-09,3.5163760643108162e-09,2.6377038291363343e-10,4.3510928282468216e-06,3.5163760643108162e-09,0.0,0.0,0.0,0.0,0.0,0.0,0.0,0.0,0.00037147160246984746,0.0022260769852110234,0.00022321380545394976,0.00037147160246984746,1.3989770755202717e-08,0.0005058814535536238,0.0006217336246758048,1.3989770755202717e-08,0.0,0.0,0.0,0.0,0.0,0.0,0.0,0.0,0.0,0.0,0.0,0.0,0.9996285023942721,0.9972599800378271,0.9991504139573585,0.9996285023942721
153,A,4.625214417202984e-06,4.639886333868948e-08,8.195101295836991e-05,4.625214417202984e-06,0.0,0.0,0.0,0.0,0.0015380515847961999,0.00873933260294486,0.007232735810334228,0.0015380515847961999,0.0026124700979485074,0.006112861130377449,0.0060087943421199535,0.0026124700979485074,0.0,0.0,0.0,0.0,0.030862440262801192,0.01951657114703207,0.009400308843061355,0.030862440262801192,0.0,0.0,0.0,0.0,0.0,0.0,0.0,0.0,8.273008968387939e-06,0.003148193505370684,0.005964211755282659,8.273008968387939e-06,0.0,0.0,0.0,0.0,0.9649741398310685,0.9624829952154117,0.9713119982362434,0.9649741398310685
154,T,2.0284761617372482e-23,1.184918451471268e-98,2.9520694469184646e-56,2.0284761617372482e-23,1.7718538076110327e-11,1.8321217768173513e-15,2.3392504940636187e-09,1.7718538076110327e-11,1.0708148171697901e-14,4.138501890574171e-42,2.8639637390387998e-34,1.0708148171697901e-14,1.6648987402437488e-13,1.9377849145394146e-09,7.704672990735947e-07,1.6648987402437488e-13,4.205177097875036e-06,3.901414705818047e-05,0.0015777434286758669,4.205177097875036e-06,0.0,0.0,0.0,0.0,0.0,0.0,0.0,0.0,0.0,0.0,0.0,0.0,0.0,0.0,0.0,0.0,0.0,0.0,0.0,0.0,0.9999957948050063,0.9999609839151551,0.9984214837647745,0.9999957948050063
155,C,2.4646286830985246e-09,0.0011046218464878126,2.2153833072872082e-18,2.4646286830985246e-09,2.1105767398106786e-05,0.008758169240243571,0.0014682462253693314,2.1105767398106786e-05,0.0,0.0,0.0,0.0,0.003482370102754278,0.002103406030635866,0.004532719443341258,0.003482370102754278,0.0,0.0,0.0,0.0,0.012004032747592564,0.008542721065899667,6.465935825638828e-05,0.012004032747592564,0.0,0.0,0.0,0.0,0.00043281938986157426,4.968834169476921e-05,2.149806895028015e-09,0.00043281938986157426,0.0,0.0,0.0,0.0,0.0,0.0,0.0,0.0,0.9840596695277648,0.9794413934750384,0.9939343728232262,0.9840596695277648
156,T,7.722364878775695e-101,1.9860287531828904e-13,4.325219604818e-311,7.722364878775695e-101,0.0033013646630157475,2.6495016979008886e-29,1.190830843162593e-97,0.0033013646630157475,6.821397294961563e-06,5.040725599594354e-36,5.844297634340672e-10,6.821397294961563e-06,2.663491808977108e-40,8.323485014515274e-17,1.56696025835584e-13,2.663491808977108e-40,0.0003266049228020079,0.0006831857546016121,0.0011532791571032999,0.0003266049228020079,0.0,0.0,0.0,0.0,0.0,0.0,0.0,0.0,0.0,0.0,0.0,0.0,0.0,0.0,0.0,0.0,0.0,0.0,0.0,0.0,0.9963652090168873,0.9993168142451998,0.9988467202583103,0.9963652090168873
157,C,4.199335194725971e-25,3.3050336272766705e-14,7.049730478320741e-10,4.199335194725971e-25,0.02134940438903142,0.010242246050430894,0.011645513011880371,0.02134940438903142,0.0,0.0,0.0,0.0,0.00489949942800916,0.0014638503270769832,0.0050484942590173915,0.00489949942800916,0.0,0.0,0.0,0.0,0.02230727249581028,0.00025240420543821447,0.04641438658732914,0.02230727249581028,0.0,0.0,0.0,0.0,0.0009153846513864311,0.0027419978345355448,7.166266769976765e-07,0.0009153846513864311,0.0,0.0,0.0,0.0,0.0,0.0,0.0,0.0,0.9505284390357628,0.9852995015824855,0.9368908888101232,0.9505284390357628
158,G,2.8917719856912825e-51,2.233531215073081e-25,5.257749123341216e-37,2.8917719856912825e-51,7.295993591799848e-07,7.938866061265496e-10,2.0430459004330708e-05,7.295993591799848e-07,6.946161825487013e-15,3.232918228349544e-05,2.5292512213127757e-11,6.946161825487013e-15,0.0,0.0,0.0,0.0,0.0,0.0,0.0,0.0,3.856485564049886e-07,1.7696024149847766e-07,7.93914739614394e-06,3.856485564049886e-07,5.833384994433277e-05,8.947749934518055e-06,1.3376615109540395e-09,5.833384994433277e-05,0.0,0.0,0.0,0.0,0.0,0.0,0.0,0.0,0.0,0.0,0.0,0.0,0.9999405509021331,0.9999585453136538,0.9999716290306454,0.9999405509021331
159,A,0.005473294396679821,6.3992157174213196e-09,0.00842022079362683,0.005473294396679821,0.0,0.0,0.0,0.0,0.0013950376829652235,4.0996785743560594e-05,0.004223964268431781,0.0013950376829652235,0.020039721257243782,0.003136295332195059,0.02107578974049697,0.020039721257243782,0.0,0.0,0.0,0.0,0.02318211704983517,0.007506685347444804,0.018631483719963732,0.02318211704983517,0.0,0.0,0.0,0.0,0.0,0.0,0.0,0.0,8.064606538043338e-06,9.877972786001083e-05,4.1074427528791394e-08,8.064606538043338e-06,0.0,0.0,0.0,0.0,0.949901765006738,0.9892172364075409,0.947648500403053,0.949901765006738
160,C,4.797236415947747e-06,0.0006788688024124789,0.0023609119435734085,4.797236415947747e-06,0.009148874170105768,0.019149788200838916,0.00840819956557351,0.009148874170105768,0.0,0.0,0.0,0.0,0.0016839161626773986,0.0006734059987539369,0.01133212639025814,0.0016839161626773986,0.0,0.0,0.0,0.0,0.018628698165422338,0.005564882175746372,0.005524630551666697,0.018628698165422338,0.0,0.0,0.0,0.0,0.008483088011633054,0.00013118792145110425,0.01925639442467633,0.008483088011633054,0.0,0.0,0.0,0.0,0.0,0.0,0.0,0.0,0.9620506262537455,0.9738018669007972,0.9531177371242519,0.9620506262537455
161,A,8.864873765090649e-08,1.4582645046168984e-06,2.806446718071476e-11,8.864873765090649e-08,0.0,0.0,0.0,0.0,0.014838079432444267,0.00029426656563156134,0.0007363412776085793,0.014838079432444267,0.013755867555832914,0.018642557386730024,0.019103242218660207,0.013755867555832914,0.0,0.0,0.0,0.0,0.04147011091928341,0.02886059460050574,0.016570761864002692,0.04147011091928341,0.0,0.0,0.0,0.0,0.0,0.0,0.0,0.0,2.751516252044436e-07,2.9304527726703553e-05,0.02260517782816272,2.751516252044436e-07,0.0,0.0,0.0,0.0,0.9299355782920766,0.9521718186549014,0.9409844767835013,0.9299355782920766
162,T,5.165053975047589e-258,0.0,8.751128297819752e-191,5.165053975047589e-258,1.6868310955566745e-17,8.180959213442088e-298,8.739958670500693e-06,1.6868310955566745e-17,1.3314476267949212e-25,3.9967757318438583e-84,3.5537839402990306e-37,1.3314476267949212e-25,4.4239411800527666e-89,5.151050224811139e-18,0.013620148863080992,4.4239411800527666e-89,0.00034966598265935876,0.0001363220104093744,0.004011959734851343,0.00034966598265935876,0.0,0.0,0.0,0.0,0.0,0.0,0.0,0.0,0.0,0.0,0.0,0.0,0.0,0.0,0.0,0.0,0.0,0.0,0.0,0.0,0.9996503340173406,0.9998636779895906,0.9823591514433971,0.9996503340173406
163,G,4.729111120305572e-23,2.262017830490594e-19,6.2952318530802335e-170,4.729111120305572e-23,2.6603217667864543e-05,5.02135468769563e-07,0.0016508754039967015,2.6603217667864543e-05,2.28086075065866e-07,8.086897359947045e-10,1.1209278001398179e-11,2.28086075065866e-07,0.0,0.0,0.0,0.0,0.0,0.0,0.0,0.0,6.12592054362022e-06,6.145552870382941e-12,3.984375121329751e-33,6.12592054362022e-06,0.0001867706996680642,8.024389952300868e-06,0.00822202517841955,0.0001867706996680642,0.0,0.0,0.0,0.0,0.0,0.0,0.0,0.0,0.0,0.0,0.0,0.0,0.9997802720760453,0.9999914726597436,0.9901270994063744,0.9997802720760453
164,A,0.0002177690409001359,3.4495118898525425e-06,0.011765064182948766,0.0002177690409001359,0.0,0.0,0.0,0.0,0.00010136089972507375,0.0010966825683929975,0.005836573799836228,0.00010136089972507375,0.00592389065576316,0.0021518033584145,0.0014343039949317256,0.00592389065576316,0.0,0.0,0.0,0.0,0.001276003738361416,0.009741470026162892,0.007439552407757364,0.001276003738361416,0.0,0.0,0.0,0.0,0.0,0.0,0.0,0.0,0.0033883924873998775,8.671808603741979e-07,0.0011383059145713265,0.0033883924873998775,0.0,0.0,0.0,0.0,0.9890925831778503,0.9870057273542794,0.9723861996999545,0.9890925831778503
165,C,6.717363372520223e-41,8.83524502661302e-16,0.0017224756017030869,6.717363372520223e-41,0.008431957735894552,0.0005058875067941175,9.884501815883413e-05,0.008431957735894552,0.0,0.0,0.0,0.0,0.004492756196458231,0.009612555549852367,2.6890277590803937e-07,0.004492756196458231,0.0,0.0,0.0,0.0,0.0029235435592799017,0.003275545253975125,0.023261179950396983,0.0029235435592799017,0.0,0.0,0.0,0.0,0.00773884707104113,0.00491101872457531,3.877267565527208e-05,0.00773884707104113,0.0,0.0,0.0,0.0,0.0,0.0,0.0,0.0,0.9764128954373262,0.9816949929648022,0.97487845785131,0.9764128954373262
166,G,8.954379313357834e-05,5.9408885465384566e-55,2.3514589178404314e-09,8.954379313357834e-05,1.4081287792266982e-06,4.865041733085926e-06,0.002116474164449291,1.4081287792266982e-06,2.48435993879275e-12,2.0243405660416875e-05,0.0030991860840825208,2.48435993879275e-12,0.0,0.0,0.0,0.0,0.0,0.0,0.0,0.0,9.445445553916064e-23,0.0008849810672545718,0.00035741681765107786,9.445445553916064e-23,9.772899155659315e-05,1.1864120139080708e-06,0.0042815310380323645,9.772899155659315e-05,0.0,0.0,0.0,0.0,0.0,0.0,0.0,0.0,0.0,0.0,0.0,0.0,0.9998113190840463,0.9990887240733379,0.9901453895443258,0.9998113190840463
167,T,2.0390074062634583e-132,1.065543965801792e-52,3.4629406583546885e-40,2.0390074062634583e-132,6.752121430444925e-13,1.5985029410470739e-06,8.99826752373359e-28,6.752121430444925e-13,5.677974950737813e-07,5.640044443270528e-71,0.0005131706180451101,5.677974950737813e-07,7.260203021929708e-23,2.544152946678688e-14,2.2188212690854835e-11,7.260203021929708e-23,0.0015075579604686043,0.011225238892684905,7.97443307406154e-08,0.0015075579604686043,0.0,0.0,0.0,0.0,0.0,0.0,0.0,0.0,0.0,0.0,0.0,0.0,0.0,0.0,0.0,0.0,0.0,0.0,0.0,0.0,0.9984918742413611,0.9887731626043487,0.999486749615436,0.9984918742413611
168,G,7.841715642319496e-143,2.4919077574387487e-55,1.1924498245267937e-43,7.841715642319496e-143,4.26564906723924e-12,1.1406894217569055e-05,1.4485861410208846e-09,4.26564906723924e-12,7.39200645787732e-15,2.530913322762943e-06,2.349974916773147e-06,7.39200645787732e-15,0.0,0.0,0.0,0.0,0.0,0.0,0.0,0.0,1.319862436861386e-05,1.0546491565419702e-14,0.00015289839195663902,1.319862436861386e-05,6.087209655681886e-06,0.010215181581082904,0.0005914991647537393,6.087209655681886e-06,0.0,0.0,0.0,0.0,0.0,0.0,0.0,0.0,0.0,0.0,0.0,0.0,0.9999807141617028,0.9897708806113663,0.9992532510197868,0.9999807141617028
169,C,4.286785176236509e-10,6.7564525770078925e-06,1.2710689832129327e-37,4.286785176236509e-10,0.011545120621989067,0.0135855372189328,0.003623392965893239,0.011545120621989067,0.0,0.0,0.0,0.0,0.0004343054997094807,0.0026703058663398458,0.0026886049407551875,0.0004343054997094807,0.0,0.0,0.0,0.0,0.03256231204806332,0.0012338019966885894,6.52721619475365e-06,0.03256231204806332,0.0,0.0,0.0,0.0,0.012492393581303284,0.0006611743695597855,4.750321588766539e-07,0.012492393581303284,0.0,0.0,0.0,0.0,0.0,0.0,0.0,0.0,0.9429658678202564,0.981842424095902,0.993680999844998,0.9429658678202564
170,C,2.011601938189105e-18,1.8103534229780777e-06,2.030361284016939e-31,2.011601938189105e-18,0.011196443780078003,0.006674632879215154,0.004616635546442252,0.011196443780078003,0.0,0.0,0.0,0.0,0.00032384254154655854,0.02317191258256505,0.004413810038810385,0.00032384254154655854,0.0,0.0,0.0,0.0,0.006698525493453249,0.0015110728808456241,0.004628045158310897,0.006698525493453249,0.0,0.0,0.0,0.0,0.0001996609092039296,9.188054215892028e-05,8.803329167179645e-07,0.0001996609092039296,0.0,0.0,0.0,0.0,0.0,0.0,0.0,0.0,0.9815815272757182,0.9685486907617923,0.9863406289235198,0.9815815272757182
171,C,2.063021760669827e-06,1.0917265515394034e-06,1.1853529795909927e-23,2.063021760669827e-06,0.03963138605497078,0.009837387510009257,0.03624384273607678,0.03963138605497078,0.0,0.0,0.0,0.0,0.003288881946990939,0.0014509672411890725,0.003077653733110365,0.003288881946990939,0.0,0.0,0.0,0.0,0.009593312985277712,0.019498190054471905,0.0031105501276785514,0.009593312985277712,0.0,0.0,0.0,0.0,0.0005551998768793794,3.728137864114323e-08,1.7414024979127253e-05,0.0005551998768793794,0.0,0.0,0.0,0.0,0.0,0.0,0.0,0.0,0.9469291561141205,0.9692123261863995,0.9575505393781552,0.9469291561141205
172,A,0.003503924640127538,1.708049788620757e-11,0.0012244600050010013,0.003503924640127538,0.0,0.0,0.0,0.0,0.004321278790477348,0.002412964213319506,0.010738344567777577,0.004321278790477348,0.009722371343513916,0.013196894705416662,0.03359735408177212,0.009722371343513916,0.0,0.0,0.0,0.0,0.029555061761781642,0.020758654125804465,0.009246630786765747,0.029555061761781642,0.0,0.0,0.0,0.0,0.0,0.0,0.0,0.0,4.5639614598461216e-05,0.00045751158395313885,2.6208396861785046e-05,4.5639614598461216e-05,0.0,0.0,0.0,0.0,0.9528517238495011,0.9631739753544258,0.9451670021618218,0.9528517238495011
173,C,1.361477906979824e-07,3.888783350637733e-09,7.136376080568272e-16,1.361477906979824e-07,0.006009762501315622,0.04061117075743921,0.010855833581415564,0.006009762501315622,0.0,0.0,0.0,0.0,0.0005855987979109731,0.0013416736159352603,8.023316159749381e-08,0.0005855987979109731,0.0,0.0,0.0,0.0,0.01897284308729121,0.05093793927371121,0.035117499238780284,0.01897284308729121,0.0,0.0,0.0,0.0,0.0007573096553504567,0.000172077559526662,4.582069447769583e-06,0.0007573096553504567,0.0,0.0,0.0,0.0,0.0,0.0,0.0,0.0,0.9736743498103411,0.9069371349046043,0.9540220048771941,0.9736743498103411
174,G,5.155498197346604e-14,1.454024817172683e-05,6.917484473826896e-23,5.155498197346604e-14,4.4088363490884875e-06,3.7548191260308595e-08,4.8866304515091775e-05,4.4088363490884875e-06,0.0007336165200801817,1.4536877748153985e-06,6.671336670632093e-13,0.0007336165200801817,0.0,0.0,0.0,0.0,0.0,0.0,0.0,0.0,0.018628140875103057,0.00023530514611629544,0.000954169555066636,0.018628140875103057,0.009876300947462216,1.5719426242735114e-05,0.00039236339389989335,0.009876300947462216,0.0,0.0,0.0,0.0,0.0,0.0,0.0,0.0,0.0,0.0,0.0,0.0,0.9707575328209539,0.9997329439435032,0.9986046007458513,0.9707575328209539
175,T,3.1106445506289387e-50,5.231907409936797e-21,8.25885648926466e-202,3.1106445506289387e-50,0.001916563341000773,9.763672066505593e-25,7.268661796975534e-14,0.001916563341000773,4.502782404281715e-47,0.0062745886379253005,8.328775323144101e-14,4.502782404281715e-47,0.004014320517114701,3.378114387024724e-07,4.331779401589274e-07,0.004014320517114701,0.00960314534597437,0.0045015717512531615,0.0036811980103294427,0.00960314534597437,0.0,0.0,0.0,0.0,0.0,0.0,0.0,0.0,0.0,0.0,0.0,0.0,0.0,0.0,0.0,0.0,0.0,0.0,0.0,0.0,0.9844659707959101,0.9892235017993828,0.9963183688115744,0.9844659707959101
176,T,3.0633538417209466e-95,6.006212632389089e-92,7.701355129184238e-131,3.0633538417209466e-95,0.00013588895644037747,2.485511914088201e-12,3.5256418531731685e-63,0.00013588895644037747,2.824894267915147e-06,5.613507467436808e-31,1.4398953599602699e-08,2.824894267915147e-06,1.4778547534634118e-15,0.0005132300193431514,3.745736648271364e-08,1.4778547534634118e-15,0.00010089721382665802,0.0015837045624208855,0.006042858927490532,0.00010089721382665802,0.0,0.0,0.0,0.0,0.0,0.0,0.0,0.0,0.0,0.0,0.0,0.0,0.0,0.0,0.0,0.0,0.0,0.0,0.0,0.0,0.9997603889354636,0.9979030654157505,0.9939570892161894,0.9997603889354636
177,G,1.477515318665639e-14,3.9924113050818453e-199,2.404364125104563e-09,1.477515318665639e-14,5.3190303905468356e-14,2.093903539704169e-06,3.371484119052735e-05,5.3190303905468356e-14,0.0021652776805097937,4.4077645981807643e-13,4.669751365893242e-14,0.0021652776805097937,0.0,0.0,0.0,0.0,0.0,0.0,0.0,0.0,2.8702479482411595e-07,1.1484991814632602e-18,1.8583446034269953e-16,2.8702479482411595e-07,3.101283968515934e-08,5.9375276507817314e-05,0.0006287832701850316,3.101283968515934e-08,0.0,0.0,0.0,0.0,0.0,0.0,0.0,0.0,0.0,0.0,0.0,0.0,0.9978344042817877,0.9999385308195117,0.9993374994842136,0.9978344042817877
178,T,8.45760968225438e-119,3.2740429586833188e-164,2.8136726104198416e-39,8.45760968225438e-119,1.3716479447099738e-48,3.1572634161025784e-18,6.0653709649388515e-34,1.3716479447099738e-48,1.2398863499592464e-13,7.131681672765515e-14,2.13060468594599e-09,1.2398863499592464e-13,1.943228908546401e-15,1.479003840463921e-28,2.4311965908457812e-49,1.943228908546401e-15,0.00023784522497783092,0.009333169205888546,6.15290905026133e-08,0.00023784522497783092,0.0,0.0,0.0,0.0,0.0,0.0,0.0,0.0,0.0,0.0,0.0,0.0,0.0,0.0,0.0,0.0,0.0,0.0,0.0,0.0,0.9997621547748962,0.9906668307940402,0.9999999363403047,0.9997621547748962
179,A,5.433741011094149e-07,0.0020338312070739134,0.00012355290838271104,5.433741011094149e-07,0.0,0.0,0.0,0.0,0.0005519230852169969,0.026035420732054806,0.0042438734719734885,0.0005519230852169969,0.0014708658067107132,0.014992150590487755,0.020039832699133276,0.0014708658067107132,0.0,0.0,0.0,0.0,0.02908425030252881,0.016164763083107297,0.011967644821638257,0.02908425030252881,0.0,0.0,0.0,0.0,0.0,0.0,0.0,0.0,0.0004261457483018414,0.0004656676297877637,0.002009398061612072,0.0004261457483018414,0.0,0.0,0.0,0.0,0.9684662716831405,0.9403081667574884,0.9616156980372601,0.9684662716831405
180,C,0.0034267747999240134,1.8042181326259486e-12,0.0008255970019664013,0.0034267747999240134,0.0005143976679222453,0.007675300363796062,0.02351110967679445,0.0005143976679222453,0.0,0.0,0.0,0.0,0.004011550287574022,0.0010511137339576208,6.532382414774439e-05,0.004011550287574022,0.0,0.0,0.0,0.0,0.010041128090716465,0.009967449043479128,0.04029980063957369,0.010041128090716465,0.0,0.0,0.0,0.0,0.00971296770631081,0.0031057630326606156,3.736094237053485e-05,0.00971296770631081,0.0,0.0,0.0,0.0,0.0,0.0,0.0,0.0,0.9722931814475525,0.9782003738243024,0.9352608079151473,0.9722931814475525
181,T,6.560424206514647e-39,5.134457869665175e-212,8.10837870788352e-74,6.560424206514647e-39,6.783496742530292e-62,3.592738824420029e-36,6.589737160672563e-08,6.783496742530292e-62,4.764095337218292e-12,1.9513915101713504e-08,1.313196064558727e-06,4.764095337218292e-12,1.998394991285009e-12,2.1502869833496557e-10,3.465614110656973e-13,1.998394991285009e-12,0.00017709417123987014,2.335237308670243e-05,0.003960529632166315,0.00017709417123987014,0.0,0.0,0.0,0.0,0.0,0.0,0.0,0.0,0.0,0.0,0.0,0.0,0.0,0.0,0.0,0.0,0.0,0.0,0.0,0.0,0.9998229058219977,0.9999766278979694,0.9960380912740509,0.9998229058219977
182,C,4.25505904888938e-05,3.009335699522319e-07,2.8383364046718853e-14,4.25505904888938e-05,0.0064610854699374744,0.012922320593487982,0.012590847375557438,0.0064610854699374744,0.0,0.0,0.0,0.0,0.016998929995608585,0.009449779397512141,0.0019325995931002318,0.016998929995608585,0.0,0.0,0.0,0.0,0.0168988587952767,0.012603501808692961,0.009691316951082607,0.0168988587952767,0.0,0.0,0.0,0.0,2.40452034260021e-08,0.000675232600953998,0.014603403282955339,2.40452034260021e-08,0.0,0.0,0.0,0.0,0.0,0.0,0.0,0.0,0.9595985511034849,0.964348864665783,0.961181832797276,0.9595985511034849
183,A,1.044276151294993e-07,0.00036901740763589625,0.00010410523758059798,1.044276151294993e-07,0.0,0.0,0.0,0.0,0.008680188541943109,0.000955231905802888,0.0001139824495198384,0.008680188541943109,0.0007015423578269257,0.008719577037797408,0.0034552809524396578,0.0007015423578269257,0.0,0.0,0.0,0.0,0.015789084421185356,0.03986687414527161,0.024534560965835377,0.015789084421185356,0.0,0.0,0.0,0.0,0.0,0.0,0.0,0.0,0.011916680957608469,6.563325700505404e-07,0.0031779599449129003,0.011916680957608469,0.0,0.0,0.0,0.0,0.962912399293821,0.9500886431709221,0.9686141104497116,0.962912399293821
184,T,3.84094658902542e-49,1.2817395041136069e-111,9.045420503093801e-268,3.84094658902542e-49,0.00047338863424784965,8.179737021679214e-17,4.9949739338154846e-14,0.00047338863424784965,3.5953288833988004e-06,1.788746743273108e-18,2.85698345408875e-12,3.5953288833988004e-06,9.019726621811278e-07,9.347567656460184e-07,4.2154814525680046e-19,9.019726621811278e-07,0.0029141642033121903,3.908653234004094e-08,2.1522458423506537e-05,0.0029141642033121903,0.0,0.0,0.0,0.0,0.0,0.0,0.0,0.0,0.0,0.0,0.0,0.0,0.0,0.0,0.0,0.0,0.0,0.0,0.0,0.0,0.9966079498608944,0.9999990261567019,0.9999784775386695,0.9966079498608944
185,T,6.497118745630186e-46,0.0,1.9089027128801223e-30,6.497118745630186e-46,3.2408935847789354e-07,2.9243330672481316e-30,4.034276506781198e-24,3.2408935847789354e-07,5.16326379340779e-15,3.666333229482875e-11,4.806709526779054e-14,5.16326379340779e-15,1.057011133626285e-08,1.9410191281241232e-19,9.765500801894642e-52,1.057011133626285e-08,5.978368895191459e-10,2.244562491339673e-06,0.002047731142470312,5.978368895191459e-10,0.0,0.0,0.0,0.0,0.0,0.0,0.0,0.0,0.0,0.0,0.0,0.0,0.0,0.0,0.0,0.0,0.0,0.0,0.0,0.0,0.9999996647426882,0.9999977554008453,0.9979522688574816,0.9999996647426882
186,C,1.0811207862973666e-09,7.109264198730984e-13,1.0811207862973666e-09,1.0811207862973666e-09,0.004280809696562342,0.006938706074155074,0.004280809696562342,0.004280809696562342,0.0,0.0,0.0,0.0,0.007335260790854954,0.0032984599787650244,0.007335260790854954,0.007335260790854954,0.0,0.0,0.0,0.0,0.02140704573713329,0.005034212509290521,0.02140704573713329,0.02140704573713329,0.0,0.0,0.0,0.0,1.999114462651902e-14,0.0022159747911716823,1.999114462651902e-14,1.999114462651902e-14,0.0,0.0,0.0,0.0,0.0,0.0,0.0,0.0,0.9669768826943087,0.9825126466459068,0.9669768826943087,0.9669768826943087
187,T,4.1574619294996744e-51,1.3450267935876905e-278,4.1574619294996744e-51,4.1574619294996744e-51,5.103075059312122e-36,1.1738829374079623e-06,5.103075059312122e-36,5.103075059312122e-36,2.1691988869032794e-28,1.6505347050519276e-35,2.1691988869032794e-28,2.1691988869032794e-28,2.15274431428432e-25,5.126496204484897e-12,2.15274431428432e-25,2.15274431428432e-25,0.0006907656231519074,1.7825497531749346e-08,0.0006907656231519074,0.0006907656231519074,0.0,0.0,0.0,0.0,0.0,0.0,0.0,0.0,0.0,0.0,0.0,0.0,0.0,0.0,0.0,0.0,0.0,0.0,0.0,0.0,0.999309234376848,0.9999988082864386,0.999309234376848,0.999309234376848
188,A,5.502888376540381e-05,0.0005977599825628013,5.502888376540381e-05,5.502888376540381e-05,0.0,0.0,0.0,0.0,0.000434285243558349,0.00043762117225159685,0.000434285243558349,0.000434285243558349,0.0011719185486314125,0.006436919440928414,0.0011719185486314125,0.0011719185486314125,0.0,0.0,0.0,0.0,0.01589400152180135,0.0005062797419102742,0.01589400152180135,0.01589400152180135,0.0,0.0,0.0,0.0,0.0,0.0,0.0,0.0,0.0007727466984316447,1.6531202108486517e-08,0.0007727466984316447,0.0007727466984316447,0.0,0.0,0.0,0.0,0.9816720191038117,0.9920214031311447,0.9816720191038117,0.9816720191038117
189,C,0.00012684679079907006,3.128457601470539e-14,0.00012684679079907006,0.00012684679079907006,0.003613093831707642,3.6546357245887385e-05,0.003613093831707642,0.003613093831707642,0.0,0.0,0.0,0.0,0.00023115920166366148,0.002095707193441419,0.00023115920166366148,0.00023115920166366148,0.0,0.0,0.0,0.0,0.015474435699267153,0.006841136070947376,0.015474435699267153,0.015474435699267153,0.0,0.0,0.0,0.0,1.6085719116492136e-05,0.0060628093493507364,1.6085719116492136e-05,1.6085719116492136e-05,0.0,0.0,0.0,0.0,0.0,0.0,0.0,0.0,0.9805383787574459,0.9849638010289832,0.9805383787574459,0.9805383787574459
190,T,2.0330040215008623e-185,5.360108489805839e-80,2.0330040215008623e-185,2.0330040215008623e-185,6.595588307246239e-33,3.1985563434544215e-105,6.595588307246239e-33,6.595588307246239e-33,3.5205465901662066e-28,0.001465877249442848,3.5205465901662066e-28,3.5205465901662066e-28,8.223091893587024e-11,0.0006743920877960132,8.223091893587024e-11,8.223091893587024e-11,0.0013036090567670748,0.0006968440662641096,0.0013036090567670748,0.0013036090567670748,0.0,0.0,0.0,0.0,0.0,0.0,0.0,0.0,0.0,0.0,0.0,0.0,0.0,0.0,0.0,0.0,0.0,0.0,0.0,0.0,0.998696390861002,0.997162886596497,0.998696390861002,0.998696390861002
191,C,0.003493442124261158,9.203509178399472e-05,0.003493442124261158,0.003493442124261158,0.00024221704007094293,0.006711138158788843,0.00024221704007094293,0.00024221704007094293,0.0,0.0,0.0,0.0,0.0014807386588521108,0.029309120954464266,0.0014807386588521108,0.0014807386588521108,0.0,0.0,0.0,0.0,0.0012466656061095585,0.050350190989037306,0.0012466656061095585,0.0012466656061095585,0.0,0.0,0.0,0.0,0.0031542763090999285,0.0022821623473040144,0.0031542763090999285,0.0031542763090999285,0.0,0.0,0.0,0.0,0.0,0.0,0.0,0.0,0.9903826602616063,0.9112553524586215,0.9903826602616063,0.9903826602616063
192,G,1.5243333597021121e-68,4.795713564416768e-19,1.5243333597021121e-68,1.5243333597021121e-68,7.12382918034549e-05,1.2709192426006411e-06,7.12382918034549e-05,7.12382918034549e-05,1.6698961532860543e-05,8.642790847888741e-19,1.6698961532860543e-05,1.6698961532860543e-05,0.0,0.0,0.0,0.0,0.0,0.0,0.0,0.0,0.009787342635619265,6.308176982266753e-21,0.009787342635619265,0.009787342635619265,0.005245097833365798,0.005471408274783629,0.005245097833365798,0.005245097833365798,0.0,0.0,0.0,0.0,0.0,0.0,0.0,0.0,0.0,0.0,0.0,0.0,0.9848796222776787,0.9945273208059738,0.9848796222776787,0.9848796222776787
193,G,7.197761477230484e-46,2.489267748787879e-13,7.197761477230484e-46,7.197761477230484e-46,0.005894948214717124,0.003224246089757222,0.005894948214717124,0.005894948214717124,1.0044502171716326e-09,4.469934423897684e-11,1.0044502171716326e-09,1.0044502171716326e-09,0.0,0.0,0.0,0.0,0.0,0.0,0.0,0.0,1.2399090005274103e-21,3.401892138395913e-05,1.2399090005274103e-21,1.2399090005274103e-21,0.006518034131355522,5.581686082666782e-05,0.006518034131355522,0.006518034131355522,0.0,0.0,0.0,0.0,0.0,0.0,0.0,0.0,0.0,0.0,0.0,0.0,0.9875870166494772,0.9966859180830839,0.9875870166494772,0.9875870166494772
194,G,2.151909338498514e-14,1.1060303387000976e-12,2.151909338498514e-14,7.891210655244625e-17,8.583551887964123e-08,3.387006779805047e-12,8.583551887964123e-08,7.860872958288173e-10,0.0005666407195076145,0.00076475794446194,0.0005666407195076145,0.0005471665899724594,0.0,0.0,0.0,0.0,0.0,0.0,0.0,0.0,0.002855227343302013,0.00015394752472392374,0.002855227343302013,1.3867499408592983e-05,0.0012125243059432668,4.2879882917088305e-05,0.0012125243059432668,0.0011152120239728072,0.0,0.0,0.0,0.0,0.0,0.0,0.0,0.0,0.0,0.0,0.0,0.0,0.9953655217957068,0.999038414643404,0.9953655217957068,0.9983237531005588
195,C,2.9605896016334422e-08,4.807252207860653e-16,2.9605896016334422e-08,2.9605896016334422e-08,0.008669400068937405,0.0008639394589568281,0.008669400068937405,0.008669400068937405,0.0,0.0,0.0,0.0,5.2523120262302395e-06,0.001358228630980429,5.2523120262302395e-06,5.2523120262302395e-06,0.0,0.0,0.0,0.0,0.00991520881563313,0.0015123733006969964,0.00991520881563313,0.00991520881563313,0.0,0.0,0.0,0.0,0.0005116002065968828,9.286773239222495e-08,0.0005116002065968828,0.0005116002065968828,0.0,0.0,0.0,0.0,0.0,0.0,0.0,0.0,0.9808985089909104,0.9962653657416329,0.9808985089909104,0.9808985089909104
196,A,9.853712254965362e-09,5.0417177096175465e-14,9.853712254965362e-09,9.853712254965362e-09,0.0,0.0,0.0,0.0,0.01584801204087864,0.0088404731882021,0.01584801204087864,0.01584801204087864,0.0050722295425594125,0.017773859159352687,0.0050722295425594125,0.0050722295425594125,0.0,0.0,0.0,0.0,0.0011763674276328371,0.0028483983508454666,0.0011763674276328371,0.0011763674276328371,0.0,0.0,0.0,0.0,0.0,0.0,0.0,0.0,0.00808412515805979,0.002363352538348978,0.00808412515805979,0.00808412515805979,0.0,0.0,0.0,0.0,0.9698192559771571,0.9681739167632004,0.9698192559771571,0.9698192559771571
197,T,9.65156551296145e-105,0.0,9.65156551296145e-105,9.65156551296145e-105,2.897183054359438e-15,3.1197039135663374e-25,2.897183054359438e-15,2.897183054359438e-15,6.132805027556257e-07,6.381606164723966e-15,6.132805027556257e-07,6.132805027556257e-07,2.9351277992464285e-36,4.563014442781977e-22,2.9351277992464285e-36,2.9351277992464285e-36,0.03304511116242604,5.497340396116181e-07,0.03304511116242604,0.03304511116242604,0.0,0.0,0.0,0.0,0.0,0.0,0.0,0.0,0.0,0.0,0.0,0.0,0.0,0.0,0.0,0.0,0.0,0.0,0.0,0.0,0.9669542755570684,0.999999450265954,0.9669542755570684,0.9669542755570684
198,G,2.038081451682465e-19,1.1611656369105343e-68,2.038081451682465e-19,2.038081451682465e-19,6.797160308107716e-05,0.005508307191015324,6.797160308107716e-05,6.797160308107716e-05,8.763089522199319e-07,0.001563644910619686,8.763089522199319e-07,8.763089522199319e-07,0.0,0.0,0.0,0.0,0.0,0.0,0.0,0.0,5.020474820034676e-06,0.00012539041935902672,5.020474820034676e-06,5.020474820034676e-06,0.0009243242536211413,0.0008239731597734994,0.0009243242536211413,0.0009243242536211413,0.0,0.0,0.0,0.0,0.0,0.0,0.0,0.0,0.0,0.0,0.0,0.0,0.9990018073595255,0.9919786843192324,0.9990018073595255,0.9990018073595255
199,G,2.380217026936906e-143,2.5610098321000255e-06,2.380217026936906e-143,2.380217026936906e-143,0.0001401650111324153,6.824911304806694e-10,0.0001401650111324153,0.0001401650111324153,2.144439515490293e-05,2.273280726959968e-16,2.144439515490293e-05,2.144439515490293e-05,0.0,0.0,0.0,0.0,0.0,0.0,0.0,0.0,0.0005107160294960223,9.055188773337149e-07,0.0005107160294960223,0.0005107160294960223,0.0026563692120557354,1.8229184848439284e-07,0.0026563692120557354,0.0026563692120557354,0.0,0.0,0.0,0.0,0.0,0.0,0.0,0.0,0.0,0.0,0.0,0.0,0.996671305352161,0.9999963504969507,0.996671305352161,0.996671305352161
200,T,5.4846355327720835e-258,7.958266797473365e-82,5.4846355327720835e-258,5.4846355327720835e-258,3.367568119503158e-11,3.3038720763956804e-05,3.367568119503158e-11,3.367568119503158e-11,1.0525299749727957e-06,3.4073681068519235e-09,1.0525299749727957e-06,1.0525299749727957e-06,6.491788892139301e-08,2.9897378822363504e-10,6.491788892139301e-08,6.491788892139301e-08,0.0005724928095178681,0.0012140458309008709,0.0005724928095178681,0.0005724928095178681,0.0,0.0,0.0,0.0,0.0,0.0,0.0,0.0,0.0,0.0,0.0,0.0,0.0,0.0,0.0,0.0,0.0,0.0,0.0,0.0,0.9994263897089426,0.9987529117419932,0.9994263897089426,0.9994263897089426
201,G,0.0036944144028243863,1.3939625402638338e-79,0.0036944144028243863,0.0036944144028243863,0.0002451732087025237,1.9810209999394665e-06,0.0002451732087025237,0.0002451732087025237,0.0008644613499407239,1.0579323852907448e-06,0.0008644613499407239,0.0008644613499407239,0.0,0.0,0.0,0.0,0.0,0.0,0.0,0.0,3.177792999280771e-05,2.7497264432120437e-09,3.177792999280771e-05,3.177792999280771e-05,0.010306970390692382,1.2207964872883096e-11,0.010306970390692382,0.010306970390692382,0.0,0.0,0.0,0.0,0.0,0.0,0.0,0.0,0.0,0.0,0.0,0.0,0.984857202717847,0.9999969582846803,0.984857202717847,0.984857202717847
202,G,1.8811400327287842e-22,4.332596771311922e-15,1.8811400327287842e-22,1.8811400327287842e-22,2.9691439331305314e-05,8.628033779730871e-05,2.9691439331305314e-05,2.9691439331305314e-05,0.009450605072404689,7.533884795849929e-06,0.009450605072404689,0.009450605072404689,0.0,0.0,0.0,0.0,0.0,0.0,0.0,0.0,4.639773193553911e-09,9.127310806753182e-13,4.639773193553911e-09,4.639773193553911e-09,5.239594309809427e-06,1.4703432442996331e-06,5.239594309809427e-06,5.239594309809427e-06,0.0,0.0,0.0,0.0,0.0,0.0,0.0,0.0,0.0,0.0,0.0,0.0,0.9905144592541811,0.9999047154332456,0.9905144592541811,0.9905144592541811
203,A,0.0013015988408576265,2.868521838419929e-14,0.0013015988408576265,0.0013015988408576265,0.0,0.0,0.0,0.0,0.00013781278377312546,3.7665453264878606e-05,0.00013781278377312546,0.00013781278377312546,0.000135053023439388,2.4106723368489555e-05,0.000135053023439388,0.000135053023439388,0.0,0.0,0.0,0.0,0.0020594941859925437,0.0019298659848058439,0.0020594941859925437,0.0020594941859925437,0.0,0.0,0.0,0.0,0.0,0.0,0.0,0.0,0.008979005307669414,0.0036539746537907446,0.008979005307669414,0.008979005307669414,0.0,0.0,0.0,0.0,0.9873870358582679,0.9943543871847415,0.9873870358582679,0.9873870358582679
204,T,1.0243864315929117e-144,0.0,1.0243864315929117e-144,8.342431542020089e-47,3.8076801771572936e-13,1.1291848054203775e-54,3.8076801771572936e-13,2.729746094193914e-10,7.250387326174038e-11,3.3280834692370653e-19,7.250387326174038e-11,0.02263367399480529,1.9446673336406176e-06,2.8034837875050308e-06,1.9446673336406176e-06,1.7788600962730073e-35,2.142496110085269e-05,0.00025263262621043206,2.142496110085269e-05,0.004877347862455957,0.0,0.0,0.0,0.0,0.0,0.0,0.0,0.0,0.0,0.0,0.0,0.0,0.0,0.0,0.0,0.0,0.0,0.0,0.0,0.0,0.9999766302986809,0.9997445638900021,0.9999766302986809,0.9724889778697641
205,G,0.006360859528765143,1.180059731672187e-12,0.006360859528765143,3.221726160049043e-11,1.0954488953462421e-07,0.00023185074096357698,1.0954488953462421e-07,4.010845758310968e-10,0.0020999432410855083,0.0011908186325747736,0.0020999432410855083,6.412976080728185e-09,0.0,0.0,0.0,0.0,0.0,0.0,0.0,0.0,1.4782503539356418e-05,1.3076416004592851e-05,1.4782503539356418e-05,0.0002936495453177827,0.0010204246924611726,5.999859908823771e-05,0.0010204246924611726,0.002955244252082497,0.0,0.0,0.0,0.0,0.0,0.0,0.0,0.0,0.0,0.0,0.0,0.0,0.9905038804892592,0.9985042556101886,0.9905038804892592,0.9967510993563218
206,G,7.470714832348674e-23,2.137566817687504e-52,7.470714832348674e-23,2.651258565276409e-29,8.543201536618252e-10,0.013356939730255956,8.543201536618252e-10,0.023755428873248708,4.475917685921493e-06,1.8504596144243175e-06,4.475917685921493e-06,0.0013523145437536245,0.0,0.0,0.0,0.0,0.0,0.0,0.0,0.0,6.901229303665893e-20,6.850479005458614e-13,6.901229303665893e-20,0.0007573761363513842,0.003928409359038063,1.7453984354916353e-06,0.003928409359038063,0.004199497183077692,0.0,0.0,0.0,0.0,0.0,0.0,0.0,0.0,0.0,0.0,0.0,0.0,0.9960671138689559,0.986639464411009,0.9960671138689559,0.9699353832635687
207,T,9.708772163932135e-37,1.1486975160386118e-264,9.708772163932135e-37,1.820979695871837e-117,1.804352879306573e-14,6.455274081197438e-36,1.804352879306573e-14,1.7674319465838048e-05,2.317819469526861e-23,1.5760067685996663e-08,2.317819469526861e-23,0.0001016270182204877,0.0023285359062710414,6.652331054517819e-10,0.0023285359062710414,0.00027869552099247375,8.971811833981746e-07,9.208652983182547e-05,8.971811833981746e-07,0.0020704412224957754,0.0,0.0,0.0,0.0,0.0,0.0,0.0,0.0,0.0,0.0,0.0,0.0,0.0,0.0,0.0,0.0,0.0,0.0,0.0,0.0,0.9976705669125275,0.9999078970448675,0.9976705669125275,0.9975315619188255
208,G,7.367703684823453e-09,5.433006477787834e-06,7.367703684823453e-09,4.1989754538805845e-115,1.5809023194476705e-06,0.015387718152563862,1.5809023194476705e-06,6.931157363796813e-11,1.0534966649220754e-08,6.661556979809875e-14,1.0534966649220754e-08,1.1548701372304472e-08,0.0,0.0,0.0,0.0,0.0,0.0,0.0,0.0,9.505733315613985e-08,4.365844800596502e-05,9.505733315613985e-08,5.11415498363585e-06,7.710210786162314e-06,0.0004959334163678979,7.710210786162314e-06,0.00040954871063156767,0.0,0.0,0.0,0.0,0.0,0.0,0.0,0.0,0.0,0.0,0.0,0.0,0.9999905959268909,0.9840672569765179,0.9999905959268909,0.9995853255163718
209,G,1.7017474888944983e-44,6.188842374566153e-06,1.7017474888944983e-44,8.882957212566532e-33,7.219643448100631e-09,0.0010201830290775258,7.219643448100631e-09,6.958947250455106e-18,0.005309783169502584,0.00040471424679018055,0.005309783169502584,0.0014570686620532212,0.0,0.0,0.0,0.0,0.0,0.0,0.0,0.0,5.63570452648902e-16,1.6933876384303434e-07,5.63570452648902e-16,3.573634896831561e-06,0.00011549804784247797,0.0020035816383039526,0.00011549804784247797,0.00045753843357654604,0.0,0.0,0.0,0.0,0.0,0.0,0.0,0.0,0.0,0.0,0.0,0.0,0.9945747115630109,0.9965651629046899,0.9945747115630109,0.9980818192694733
210,T,2.327474259748567e-81,1.1446474809895081e-106,2.327474259748567e-81,6.405540287133483e-131,5.145564375487411e-09,1.1008301134584052e-14,5.145564375487411e-09,1.9979169183781792e-24,1.3882007578922164e-18,5.083933462677632e-23,1.3882007578922164e-18,0.007734066285468567,2.288772757380212e-15,3.8835302429134994e-43,2.288772757380212e-15,1.612846991944708e-08,0.004568121778329483,2.691898595651393e-05,0.004568121778329483,9.757725477937315e-05,0.0,0.0,0.0,0.0,0.0,0.0,0.0,0.0,0.0,0.0,0.0,0.0,0.0,0.0,0.0,0.0,0.0,0.0,0.0,0.0,0.9954318730761039,0.9999730810140325,0.9954318730761039,0.9921683403312821
211,T,8.229082286372096e-15,1.270761409884441e-19,8.229082286372096e-15,3.469336250045599e-17,9.557832057571218e-08,9.021346691380617e-21,9.557832057571218e-08,2.6349473537014624e-15,9.294193679503104e-06,6.522058436776674e-10,9.294193679503104e-06,5.580400454026978e-33,2.348668824912219e-10,1.9120997175972368e-57,2.348668824912219e-10,0.00010332571485880674,3.7095118645126854e-06,0.00036314052014473156,3.7095118645126854e-06,0.0031507911217840854,0.0,0.0,0.0,0.0,0.0,0.0,0.0,0.0,0.0,0.0,0.0,0.0,0.0,0.0,0.0,0.0,0.0,0.0,0.0,0.0,0.9999869004812603,0.9996368588276494,0.9999869004812603,0.9967458831633544
212,G,1.4942945689932466e-14,3.221479900925491e-32,1.4942945689932466e-14,3.24960975995444e-19,0.006578838377763718,6.990409957590599e-13,0.006578838377763718,6.409091846371152e-08,0.0021877788869978246,3.891971510649187e-09,0.0021877788869978246,9.32159186553424e-07,0.0,0.0,0.0,0.0,0.0,0.0,0.0,0.0,0.0003224906996893512,0.0007299549849138658,0.0003224906996893512,0.0015851770076274437,2.6539214924775813e-05,0.019337638755075343,2.6539214924775813e-05,2.0410876660537423e-05,0.0,0.0,0.0,0.0,0.0,0.0,0.0,0.0,0.0,0.0,0.0,0.0,0.9908843528206093,0.9799324023673402,0.9908843528206093,0.9983934158656069
213,C,1.1330274036123378e-22,5.508646404309713e-06,1.1330274036123378e-22,6.957341922998067e-11,0.00837242228484589,0.0027739258444596797,0.00837242228484589,0.0004033791146669945,0.0,0.0,0.0,0.0,0.0047108127620433225,0.003561722291422652,0.0047108127620433225,0.004698097931040969,0.0,0.0,0.0,0.0,0.013478245528969465,0.003957142000842465,0.013478245528969465,0.007721652805908069,0.0,0.0,0.0,0.0,1.0230177507149606e-12,0.0007469747206478931,1.0230177507149606e-12,1.961770916085128e-05,0.0,0.0,0.0,0.0,0.0,0.0,0.0,0.0,0.9734385194231182,0.988954726496223,0.9734385194231182,0.9871572523696497
214,G,4.469470611694432e-08,4.2319249168249e-162,4.469470611694432e-08,2.417377008311177e-07,2.3705706648300124e-11,0.0009317760501150467,2.3705706648300124e-11,0.0006047478131888495,3.275827307315678e-10,1.345990751392768e-08,3.275827307315678e-10,0.000817943612265861,0.0,0.0,0.0,0.0,0.0,0.0,0.0,0.0,0.002009039632183028,0.005441480301027071,0.002009039632183028,3.024393927594558e-06,0.0009858924906474414,0.0018925240920412215,0.0009858924906474414,0.011218917370915262,0.0,0.0,0.0,0.0,0.0,0.0,0.0,0.0,0.0,0.0,0.0,0.0,0.997005022831175,0.9917342060969092,0.997005022831175,0.9873551250720015
215,A,0.0012540599605095676,0.0008358011279246875,0.0012540599605095676,1.57823351043832e-05,0.0,0.0,0.0,0.0,0.0004804424979219709,0.003694399509924737,0.0004804424979219709,0.007929831569887096,8.300835024839461e-05,0.014002968796001316,8.300835024839461e-05,0.0011230852430142275,0.0,0.0,0.0,0.0,0.0009963653574701792,0.011234402812542765,0.0009963653574701792,0.029399278778158983,0.0,0.0,0.0,0.0,0.0,0.0,0.0,0.0,0.00013965869297029185,0.003465703957942144,0.00013965869297029185,0.013413145595225225,0.0,0.0,0.0,0.0,0.9970464651408797,0.9667667237956644,0.9970464651408797,0.94811887647861
216,C,1.1138589041799927e-30,1.1505052131306827e-05,1.1138589041799927e-30,3.7358047085374044e-16,0.0010680511541813177,0.029636684873946523,0.0010680511541813177,0.001240618605047669,0.0,0.0,0.0,0.0,0.0001691558925606055,0.0016629016898631176,0.0001691558925606055,0.0005944724765754123,0.0,0.0,0.0,0.0,0.00894288778158893,0.037093132099895086,0.00894288778158893,0.003218457437350352,0.0,0.0,0.0,0.0,0.0005706463075221638,1.3306735962905655e-05,0.0005706463075221638,0.00011903819079559479,0.0,0.0,0.0,0.0,0.0,0.0,0.0,0.0,0.9892492588641469,0.9315824695482009,0.9892492588641469,0.9948274132902306
217,G,1.508422995521263e-16,1.3505565786790918e-68,1.508422995521263e-16,5.509688293334595e-17,8.020518242230226e-07,7.620570871826398e-10,8.020518242230226e-07,2.9467423507762023e-05,1.9867110960319778e-07,5.581458093981121e-06,1.9867110960319778e-07,0.0003441265177806328,0.0,0.0,0.0,0.0,0.0,0.0,0.0,0.0,0.003920465059619159,9.166420932540317e-05,0.003920465059619159,1.6162527311004868e-08,0.0018470407171595764,0.002353982294905604,0.0018470407171595764,0.00015453928480088367,0.0,0.0,0.0,0.0,0.0,0.0,0.0,0.0,0.0,0.0,0.0,0.0,0.9942314935002874,0.9975487712756179,0.9942314935002874,0.9994718506113833
218,G,0.0033925029360063106,3.18175759512192e-128,0.0033925029360063106,1.3195402786161267e-07,0.0005070747178619249,7.411395997773555e-22,0.0005070747178619249,7.963776066893528e-06,1.0784741716710632e-19,1.853151456993345e-09,1.0784741716710632e-19,2.45307721359722e-07,0.0,0.0,0.0,0.0,0.0,0.0,0.0,0.0,0.0007853233313616168,0.00025139072932074447,0.0007853233313616168,0.009637568185259649,5.729013489934667e-08,0.008325970741025335,5.729013489934667e-08,0.0001943981652758341,0.0,0.0,0.0,0.0,0.0,0.0,0.0,0.0,0.0,0.0,0.0,0.0,0.9953150417246353,0.9914226366765024,0.9953150417246353,0.9901596926116483
219,G,1.315306852759398e-100,3.068816506613505e-88,1.315306852759398e-100,2.598646582482633e-18,6.303137721196022e-09,9.599061840532588e-05,6.303137721196022e-09,0.004895957665660693,0.00431084747886546,0.003219166085434124,0.00431084747886546,1.7048425204158208e-06,0.0,0.0,0.0,0.0,0.0,0.0,0.0,0.0,0.001574782574452719,0.00012909365040719448,0.001574782574452719,0.0007294841005470046,0.001651862990624254,6.203020964630969e-05,0.001651862990624254,0.00038529633902607645,0.0,0.0,0.0,0.0,0.0,0.0,0.0,0.0,0.0,0.0,0.0,0.0,0.9924625006529199,0.9964937194361071,0.9924625006529199,0.9939875570522457
220,A,0.00010214410362370351,1.737771060349296e-08,0.00010214410362370351,8.765985763559067e-05,0.0,0.0,0.0,0.0,0.013097103342413804,0.02204062904448664,0.013097103342413804,0.0037736888798964967,0.03343434677012139,9.579233400498387e-05,0.03343434677012139,0.011890757738911446,0.0,0.0,0.0,0.0,0.035330371463594044,0.0041998023365352535,0.035330371463594044,0.0072688146276417434,0.0,0.0,0.0,0.0,0.0,0.0,0.0,0.0,7.352297616860065e-07,0.00013136751129139086,7.352297616860065e-07,4.14768772688888e-05,0.0,0.0,0.0,0.0,0.9180352990904854,0.973532391395971,0.9180352990904854,0.9769376020186459
221,C,2.803876291422145e-18,2.803876291422145e-18,2.803876291422145e-18,3.663948964271961e-12,0.002952101243890068,0.002952101243890068,0.002952101243890068,0.04538512039042895,0.0,0.0,0.0,0.0,0.00045814169446215067,0.00045814169446215067,0.00045814169446215067,0.014379447616140802,0.0,0.0,0.0,0.0,0.01258339179941283,0.01258339179941283,0.01258339179941283,0.005086253887062175,0.0,0.0,0.0,0.0,4.5422201103668826e-05,4.5422201103668826e-05,4.5422201103668826e-05,0.001274282600519686,0.0,0.0,0.0,0.0,0.0,0.0,0.0,0.0,0.9839609430611315,0.9839609430611315,0.9839609430611315,0.9338748955021845
222,T,2.1035746323294683e-16,2.1035746323294683e-16,2.1035746323294683e-16,2.1131942435346744e-40,1.5670301905600263e-60,1.5670301905600263e-60,1.5670301905600263e-60,0.007093093547693431,1.498469464907763e-20,1.498469464907763e-20,1.498469464907763e-20,3.6008430380166306e-09,0.0009541897946628076,0.0009541897946628076,0.0009541897946628076,4.9422861759015175e-18,0.003500597863227999,0.003500597863227999,0.003500597863227999,0.0041157242341305685,0.0,0.0,0.0,0.0,0.0,0.0,0.0,0.0,0.0,0.0,0.0,0.0,0.0,0.0,0.0,0.0,0.0,0.0,0.0,0.0,0.995545212342109,0.995545212342109,0.995545212342109,0.9887911786173329
223,A,0.00031830722211136043,0.00031830722211136043,0.00031830722211136043,0.00013125875438932638,0.0,0.0,0.0,0.0,0.00681206778215238,0.00681206778215238,0.00681206778215238,0.012106740599839004,0.009536498533933967,0.009536498533933967,0.009536498533933967,0.004423807940954264,0.0,0.0,0.0,0.0,0.001586686394918478,0.001586686394918478,0.001586686394918478,0.003258874126688601,0.0,0.0,0.0,0.0,0.0,0.0,0.0,0.0,0.0070367911529922965,0.0070367911529922965,0.0070367911529922965,0.0005326838711832793,0.0,0.0,0.0,0.0,0.9747096489138916,0.9747096489138916,0.9747096489138916,0.9795466347069456
224,G,1.8785668953704213e-31,1.8785668953704213e-31,1.8785668953704213e-31,1.670288804128667e-30,4.942645726346667e-08,4.942645726346667e-08,4.942645726346667e-08,0.01102338139372866,5.1658428690233784e-08,5.1658428690233784e-08,5.1658428690233784e-08,1.659829409794302e-06,0.0,0.0,0.0,0.0,0.0,0.0,0.0,0.0,0.0001604002433319392,0.0001604002433319392,0.0001604002433319392,0.0008575807967068793,3.6288370435742155e-05,3.6288370435742155e-05,3.6288370435742155e-05,5.06151959175126e-05,0.0,0.0,0.0,0.0,0.0,0.0,0.0,0.0,0.0,0.0,0.0,0.0,0.9998032103013464,0.9998032103013464,0.9998032103013464,0.9880667627842371
225,T,6.595526420248113e-265,6.595526420248113e-265,6.595526420248113e-265,0.0,3.9338374177236265e-75,3.9338374177236265e-75,3.9338374177236265e-75,1.5387868691829787e-11,1.8400161062839452e-11,1.8400161062839452e-11,1.8400161062839452e-11,9.000747364372337e-21,2.41774150722598e-14,2.41774150722598e-14,2.41774150722598e-14,7.639608992326238e-25,0.00018562138207515885,0.00018562138207515885,0.00018562138207515885,0.01274238959873513,0.0,0.0,0.0,0.0,0.0,0.0,0.0,0.0,0.0,0.0,0.0,0.0,0.0,0.0,0.0,0.0,0.0,0.0,0.0,0.0,0.9998143785995006,0.9998143785995006,0.9998143785995006,0.9872576103858769
226,T,2.3702723245065337e-45,2.3702723245065337e-45,2.3702723245065337e-45,6.107084265071901e-16,8.759396069766107e-37,8.759396069766107e-37,8.759396069766107e-37,3.3671200395734967e-20,2.3958385763905715e-09,2.3958385763905715e-09,2.3958385763905715e-09,2.933913743665011e-08,1.7116369340231244e-07,1.7116369340231244e-07,1.7116369340231244e-07,1.977151229385442e-10,0.0011164893167722421,0.0011164893167722421,0.0011164893167722421,0.00015149742264282715,0.0,0.0,0.0,0.0,0.0,0.0,0.0,0.0,0.0,0.0,0.0,0.0,0.0,0.0,0.0,0.0,0.0,0.0,0.0,0.0,0.9988833371236958,0.9988833371236958,0.9988833371236958,0.999848473040504
227,A,0.00032652862114584746,0.00032652862114584746,0.00032652862114584746,1.9121830606725322e-24,0.0,0.0,0.0,0.0,0.002746136992207601,0.002746136992207601,0.002746136992207601,4.975373234916515e-11,0.015785694860947854,0.015785694860947854,0.015785694860947854,0.0005907998962786718,0.0,0.0,0.0,0.0,0.025842874730521624,0.025842874730521624,0.025842874730521624,0.0015933371740419922,0.0,0.0,0.0,0.0,0.0,0.0,0.0,0.0,7.05761782702748e-05,7.05761782702748e-05,7.05761782702748e-05,0.003845787545772577,0.0,0.0,0.0,0.0,0.9552281886169068,0.9552281886169068,0.9552281886169068,0.993970075334153
228,C,3.0334442343044017e-10,3.0334442343044017e-10,3.0334442343044017e-10,0.0008496374174348088,3.690015129558072e-06,3.690015129558072e-06,3.690015129558072e-06,0.0540485668244702,0.0,0.0,0.0,0.0,8.274048284188438e-06,8.274048284188438e-06,8.274048284188438e-06,0.017038967366356253,0.0,0.0,0.0,0.0,0.0008106239088004686,0.0008106239088004686,0.0008106239088004686,0.0129998941286872,0.0,0.0,0.0,0.0,1.7830047335869986e-05,1.7830047335869986e-05,1.7830047335869986e-05,0.0003266929427694007,0.0,0.0,0.0,0.0,0.0,0.0,0.0,0.0,0.9991595816771055,0.9991595816771055,0.9991595816771055,0.9147362413202823
229,T,7.596308764445427e-71,7.596308764445427e-71,7.596308764445427e-71,8.5474514594766e-22,0.0002913785975461275,0.0002913785975461275,0.0002913785975461275,0.010513489197846311,0.00046175812009256626,0.00046175812009256626,0.00046175812009256626,3.4400026467732207e-09,0.0010621211938101267,0.0010621211938101267,0.0010621211938101267,4.050832233800472e-15,9.6554922175602e-06,9.6554922175602e-06,9.6554922175602e-06,3.22472741463977e-05,0.0,0.0,0.0,0.0,0.0,0.0,0.0,0.0,0.0,0.0,0.0,0.0,0.0,0.0,0.0,0.0,0.0,0.0,0.0,0.0,0.9981750865963337,0.9981750865963337,0.9981750865963337,0.9894542600880006
230,A,0.00029990161514591493,0.00029990161514591493,0.00029990161514591493,0.008300916443605344,0.0,0.0,0.0,0.0,0.006776033789459307,0.006776033789459307,0.006776033789459307,2.2034073854058028e-05,0.000903507724581702,0.000903507724581702,0.000903507724581702,0.002057185217716831,0.0,0.0,0.0,0.0,0.005647877354967214,0.005647877354967214,0.005647877354967214,0.004811404972181306,0.0,0.0,0.0,0.0,0.0,0.0,0.0,0.0,0.0019491264457054704,0.0019491264457054704,0.0019491264457054704,0.0016999582839061932,0.0,0.0,0.0,0.0,0.9844235530701403,0.9844235530701403,0.9844235530701403,0.9831085010087363
231,G,2.8354712088551603e-68,2.8354712088551603e-68,2.8354712088551603e-68,6.877119533869226e-42,0.00016124982050247797,0.00016124982050247797,0.00016124982050247797,0.00036060435615856796,6.229080711580494e-05,6.229080711580494e-05,6.229080711580494e-05,7.242191802411853e-05,0.0,0.0,0.0,0.0,0.0,0.0,0.0,0.0,0.0003258053151845246,0.0003258053151845246,0.0003258053151845246,1.9208465795725012e-05,0.00036217508723711674,0.00036217508723711674,0.00036217508723711674,0.0046969098382998115,0.0,0.0,0.0,0.0,0.0,0.0,0.0,0.0,0.0,0.0,0.0,0.0,0.99908847896996,0.99908847896996,0.99908847896996,0.9948508554217218
232,C,0.0005914639905535752,1.6754555440404925e-07,0.0005914639905535752,3.80581440689311e-15,0.0005934524118212548,0.01725634419185947,0.0005934524118212548,0.00623642459342612,0.0,0.0,0.0,0.0,0.008470453652233083,0.0006070849011352322,0.008470453652233083,9.644044607541269e-11,0.0,0.0,0.0,0.0,0.008707397070353666,0.039558991820519564,0.008707397070353666,0.00473987354605477,0.0,0.0,0.0,0.0,0.01746085232407383,0.0060426636788129635,0.01746085232407383,2.1587639615012695e-06,0.0,0.0,0.0,0.0,0.0,0.0,0.0,0.0,0.9641763805509647,0.9365347478621183,0.9641763805509647,0.9890215430001132
233,C,3.205606769944057e-35,1.1183427435565057e-18,3.205606769944057e-35,3.979191077242034e-07,6.111881252137381e-05,0.0002057654984319779,6.111881252137381e-05,0.004614087812056219,0.0,0.0,0.0,0.0,1.8594204369336098e-06,0.003501138470527779,1.8594204369336098e-06,0.00040650704564366427,0.0,0.0,0.0,0.0,0.011947883906614052,0.0036522055933247257,0.011947883906614052,0.009320464894118028,0.0,0.0,0.0,0.0,0.005769935876538773,4.585866769202995e-05,0.005769935876538773,2.938875619216914e-13,0.0,0.0,0.0,0.0,0.0,0.0,0.0,0.0,0.9822192019838888,0.9925950317700235,0.9822192019838888,0.9856585423287806
234,C,4.904818408761841e-11,0.002486672946235399,4.904818408761841e-11,7.774060872542264e-17,0.00010674864700656329,0.00038247766163351354,0.00010674864700656329,0.005961705646733491,0.0,0.0,0.0,0.0,0.006711681205332219,0.0016656787798494707,0.006711681205332219,0.00013758217921768835,0.0,0.0,0.0,0.0,0.0026055201651604995,0.007029057111694546,0.0026055201651604995,0.009298033584247113,0.0,0.0,0.0,0.0,0.00013670639859714702,0.013970111503579853,0.00013670639859714702,0.0006082174373425727,0.0,0.0,0.0,0.0,0.0,0.0,0.0,0.0,0.9904393435348553,0.9744660019970073,0.9904393435348553,0.9839944611524591
235,T,1.8752745337566574e-61,1.89312176248621e-05,1.8752745337566574e-61,0.0,1.2866501771890292e-35,1.0795145418396391e-18,1.2866501771890292e-35,4.424548345143853e-53,0.0020552962241706303,2.9412602371516975e-50,0.0020552962241706303,1.681017959162499e-08,3.105576964419509e-24,1.5562126488579293e-30,3.105576964419509e-24,9.789052054613136e-21,1.0907568555299182e-09,0.00042464179233512266,1.0907568555299182e-09,0.004361188619056038,0.0,0.0,0.0,0.0,0.0,0.0,0.0,0.0,0.0,0.0,0.0,0.0,0.0,0.0,0.0,0.0,0.0,0.0,0.0,0.0,0.9979447026850726,0.9995564269900401,0.9979447026850726,0.9956387945707644
236,G,5.550384362869631e-60,2.1310588931199358e-126,5.550384362869631e-60,5.415587903478369e-107,7.040062451196303e-08,4.032858180878278e-08,7.040062451196303e-08,0.0024520248612538245,5.3987787483649704e-05,0.0001255295423063281,5.3987787483649704e-05,0.00686938538642451,0.0,0.0,0.0,0.0,0.0,0.0,0.0,0.0,1.637842276470749e-26,1.0127789212334589e-09,1.637842276470749e-26,0.0007344587256414692,6.404392278605625e-07,1.0457368223004764e-05,6.404392278605625e-07,1.0000396945229517e-08,0.0,0.0,0.0,0.0,0.0,0.0,0.0,0.0,0.0,0.0,0.0,0.0,0.9999453013726639,0.9998639717481099,0.9999453013726639,0.9899441210262833
237,A,5.710089194372394e-05,1.0890111529482675e-10,5.710089194372394e-05,1.836974804647057e-12,0.0,0.0,0.0,0.0,2.195398666483211e-06,1.034850010890396e-05,2.195398666483211e-06,0.0025685602127860103,0.005554813920723858,0.021468851436482115,0.005554813920723858,0.0013380907222621194,0.0,0.0,0.0,0.0,0.015136514454159502,0.032705401356544095,0.015136514454159502,0.0024715287378105836,0.0,0.0,0.0,0.0,0.0,0.0,0.0,0.0,0.01157904040106378,0.0007659996408349317,0.01157904040106378,0.0007305958263659865,0.0,0.0,0.0,0.0,0.9676703349334428,0.9450493989571288,0.9676703349334428,0.9928912244989384
238,G,6.173101727940236e-92,1.9149500436887894e-10,6.173101727940236e-92,3.3737410574978264e-06,7.16768089419505e-14,6.1171084103356445e-06,7.16768089419505e-14,2.315191550676485e-05,1.0985620293564808e-06,0.0002533205159500207,1.0985620293564808e-06,0.0035200216373884965,0.0,0.0,0.0,0.0,0.0,0.0,0.0,0.0,2.040484387267607e-09,1.0545635678298851e-13,2.040484387267607e-09,5.48663919705366e-13,1.5522483197666044e-05,9.991349850638141e-10,1.5522483197666044e-05,0.0055575990995005665,0.0,0.0,0.0,0.0,0.0,0.0,0.0,0.0,0.0,0.0,0.0,0.0,0.9999833769142169,0.9997405611849042,0.9999833769142169,0.990895853605998
239,G,1.2637919103208013e-66,3.6196569265366825e-21,1.2637919103208013e-66,0.0,1.3723841465099915e-09,4.716329068228251e-12,1.3723841465099915e-09,1.2589663134006045e-06,0.00015899520887730019,9.37751197787698e-10,0.00015899520887730019,5.2790314546194906e-23,0.0,0.0,0.0,0.0,0.0,0.0,0.0,0.0,8.869024917072375e-05,0.004520853352015672,8.869024917072375e-05,0.0003214524190216023,0.002525478971674362,0.00911763851983062,0.002525478971674362,1.4883822099459808e-05,0.0,0.0,0.0,0.0,0.0,0.0,0.0,0.0,0.0,0.0,0.0,0.0,0.9972268341978935,0.9863615071856862,0.9972268341978935,0.9996624047925656
240,T,7.802611499612585e-164,5.475255779652457e-223,7.802611499612585e-164,7.802611499612585e-164,9.568782480232151e-06,1.454541030989322e-48,9.568782480232151e-06,9.568782480232151e-06,5.629465702818539e-07,2.3728597540288413e-11,5.629465702818539e-07,5.629465702818539e-07,3.8789868413781097e-08,2.219240259638637e-10,3.8789868413781097e-08,3.8789868413781097e-08,0.0003555190482066238,3.491092498896799e-06,0.0003555190482066238,0.0003555190482066238,0.0,0.0,0.0,0.0,0.0,0.0,0.0,0.0,0.0,0.0,0.0,0.0,0.0,0.0,0.0,0.0,0.0,0.0,0.0,0.0,0.9996343104328744,0.9999965086618485,0.9996343104328744,0.9996343104328744
241,G,2.023317866499092e-24,7.51813431213999e-40,2.023317866499092e-24,2.023317866499092e-24,1.1753386450065333e-06,2.6207610248646447e-05,1.1753386450065333e-06,1.1753386450065333e-06,0.0007296079089828066,1.0637279404127618e-13,0.0007296079089828066,0.0007296079089828066,0.0,0.0,0.0,0.0,0.0,0.0,0.0,0.0,4.7523599049216886e-08,4.448551627910277e-11,4.7523599049216886e-08,4.7523599049216886e-08,0.002492617323900358,1.0677004558931066e-05,0.002492617323900358,0.002492617323900358,0.0,0.0,0.0,0.0,0.0,0.0,0.0,0.0,0.0,0.0,0.0,0.0,0.9967765519048728,0.9999631153406005,0.9967765519048728,0.9967765519048728
242,C,1.7345965198168485e-41,1.549485108573889e-13,1.7345965198168485e-41,1.7345965198168485e-41,0.0032401332948848094,0.0030782525264024447,0.0032401332948848094,0.0032401332948848094,0.0,0.0,0.0,0.0,0.008378754560175766,0.008413599698249624,0.008378754560175766,0.008378754560175766,0.0,0.0,0.0,0.0,0.005046259157229879,0.009162054977574491,0.005046259157229879,0.005046259157229879,0.0,0.0,0.0,0.0,0.0008083450141341098,0.005071194807008545,0.0008083450141341098,0.0008083450141341098,0.0,0.0,0.0,0.0,0.0,0.0,0.0,0.0,0.9825265079735754,0.97427489799061,0.9825265079735754,0.9825265079735754
243,C,3.3404265108664177e-15,0.00029862860879454174,3.3404265108664177e-15,3.3404265108664177e-15,0.013973235412960658,0.0027786624386999083,0.013973235412960658,0.013973235412960658,0.0,0.0,0.0,0.0,4.536137493630519e-12,0.00023721495213413555,4.536137493630519e-12,4.536137493630519e-12,0.0,0.0,0.0,0.0,0.009602349835375366,0.011406363406061815,0.009602349835375366,0.009602349835375366,0.0,0.0,0.0,0.0,0.012109061441126903,7.537668209012632e-07,0.012109061441126903,0.012109061441126903,0.0,0.0,0.0,0.0,0.0,0.0,0.0,0.0,0.9643153533059977,0.9852783768274888,0.9643153533059977,0.9643153533059977
244,C,0.00044907647973959144,3.1835200975339306e-05,0.00044907647973959144,0.00044907647973959144,0.0074047293377401706,0.011878377491820911,0.0074047293377401706,0.0074047293377401706,0.0,0.0,0.0,0.0,0.014758329530305245,0.007482439186550739,0.014758329530305245,0.014758329530305245,0.0,0.0,0.0,0.0,0.005560393117563678,0.032861244081360465,0.005560393117563678,0.005560393117563678,0.0,0.0,0.0,0.0,0.00035838676420859607,0.003726165048977131,0.00035838676420859607,0.00035838676420859607,0.0,0.0,0.0,0.0,0.0,0.0,0.0,0.0,0.9714690847704427,0.9440199389903154,0.9714690847704427,0.9714690847704427
245,G,3.170465779540597e-27,5.294123390702838e-35,3.170465779540597e-27,3.170465779540597e-27,0.00013793505402690315,1.3814118749781334e-06,0.00013793505402690315,0.00013793505402690315,8.923762471887021e-09,0.000718023592340573,8.923762471887021e-09,8.923762471887021e-09,0.0,0.0,0.0,0.0,0.0,0.0,0.0,0.0,2.5364049609796136e-07,4.627800281878823e-05,2.5364049609796136e-07,2.5364049609796136e-07,0.0011203877757473464,9.453818409685025e-06,0.0011203877757473464,0.0011203877757473464,0.0,0.0,0.0,0.0,0.0,0.0,0.0,0.0,0.0,0.0,0.0,0.0,0.9987414146059671,0.999224863174556,0.9987414146059671,0.9987414146059671
246,A,0.001658828241283619,0.002116716389412515,0.001658828241283619,0.001658828241283619,0.0,0.0,0.0,0.0,0.0003153616780414872,0.00012038306226342299,0.0003153616780414872,0.0003153616780414872,0.0014909230192315384,0.005065803623768759,0.0014909230192315384,0.0014909230192315384,0.0,0.0,0.0,0.0,0.022827152730653173,0.010297286882941126,0.022827152730653173,0.022827152730653173,0.0,0.0,0.0,0.0,0.0,0.0,0.0,0.0,0.00012855035711123835,0.0006199170357879685,0.00012855035711123835,0.00012855035711123835,0.0,0.0,0.0,0.0,0.9735791839736789,0.9817798930058262,0.9735791839736789,0.9735791839736789
247,T,1.5908337600985317e-55,9.441653131338451e-249,1.5908337600985317e-55,1.5908337600985317e-55,1.316113619325319e-28,1.1154495243877802e-06,1.316113619325319e-28,1.316113619325319e-28,3.1013224910874215e-11,1.5111641666777809e-58,3.1013224910874215e-11,3.1013224910874215e-11,2.6841122527029738e-48,0.00011171598729794081,2.6841122527029738e-48,2.6841122527029738e-48,0.0008916535991763125,0.0001745856637215397,0.0008916535991763125,0.0008916535991763125,0.0,0.0,0.0,0.0,0.0,0.0,0.0,0.0,0.0,0.0,0.0,0.0,0.0,0.0,0.0,0.0,0.0,0.0,0.0,0.0,0.9991083463698103,0.9997125828994561,0.9991083463698103,0.9991083463698103
248,T,4.325168486246782e-60,3.021908195499897e-73,4.325168486246782e-60,4.325168486246782e-60,1.1647263957592493e-10,3.677520350251644e-19,1.1647263957592493e-10,1.1647263957592493e-10,2.811258665680388e-08,7.320744402418603e-24,2.811258665680388e-08,2.811258665680388e-08,2.2288103739978367e-18,0.00033420082241491015,2.2288103739978367e-18,2.2288103739978367e-18,0.0006025764262236367,9.471647577193437e-05,0.0006025764262236367,0.0006025764262236367,0.0,0.0,0.0,0.0,0.0,0.0,0.0,0.0,0.0,0.0,0.0,0.0,0.0,0.0,0.0,0.0,0.0,0.0,0.0,0.0,0.9993973953447169,0.999571082701813,0.9993973953447169,0.9993973953447169
249,A,1.1068965807908266e-08,2.196787291270804e-05,1.1068965807908266e-08,1.1068965807908266e-08,0.0,0.0,0.0,0.0,0.0003110631429341866,0.013834937885825915,0.0003110631429341866,0.0003110631429341866,0.001736047066553294,0.006734272750959318,0.001736047066553294,0.001736047066553294,0.0,0.0,0.0,0.0,0.00045057525471352077,0.01807093843272935,0.00045057525471352077,0.00045057525471352077,0.0,0.0,0.0,0.0,0.0,0.0,0.0,0.0,0.00013050462103335884,0.0030905079873032207,0.00013050462103335884,0.00013050462103335884,0.0,0.0,0.0,0.0,0.9973717988457997,0.9582473750702696,0.9973717988457997,0.9973717988457997
250,T,4.115086680847312e-74,2.7173121633497125e-93,4.115086680847312e-74,4.115086680847312e-74,5.394195692040145e-07,3.98817203842728e-08,5.394195692040145e-07,5.394195692040145e-07,2.882883796118193e-07,0.00017784611812131476,2.882883796118193e-07,2.882883796118193e-07,1.4372889290113396e-07,6.49583920382944e-26,1.4372889290113396e-07,1.4372889290113396e-07,0.0004479798103105762,0.001257071142013569,0.0004479798103105762,0.0004479798103105762,0.0,0.0,0.0,0.0,0.0,0.0,0.0,0.0,0.0,0.0,0.0,0.0,0.0,0.0,0.0,0.0,0.0,0.0,0.0,0.0,0.9995510487528477,0.9985650428581448,0.9995510487528477,0.9995510487528477
251,T,1.062133535484665e-282,7.130624182220109e-59,1.062133535484665e-282,1.062133535484665e-282,7.77393977556958e-18,9.960783629523729e-07,7.77393977556958e-18,7.77393977556958e-18,4.021137971836705e-06,8.813937671166602e-06,4.021137971836705e-06,4.021137971836705e-06,1.4583498922092313e-06,1.9651152849099258e-05,1.4583498922092313e-06,1.4583498922092313e-06,0.00034396450639766473,0.0032834801641398004,0.00034396450639766473,0.00034396450639766473,0.0,0.0,0.0,0.0,0.0,0.0,0.0,0.0,0.0,0.0,0.0,0.0,0.0,0.0,0.0,0.0,0.0,0.0,0.0,0.0,0.9996505560057384,0.996687058666977,0.9996505560057384,0.9996505560057384
252,T,1.5958667583973135e-145,5.793021999197175e-14,1.5958667583973135e-145,1.5958667583973135e-145,0.00010460580415169531,4.7437233748672436e-05,0.00010460580415169531,0.00010460580415169531,3.057533731761184e-11,1.990106275777612e-05,3.057533731761184e-11,3.057533731761184e-11,5.364850207872208e-07,0.0013685827052687253,5.364850207872208e-07,5.364850207872208e-07,9.963378815820143e-07,0.0024752788291416733,9.963378815820143e-07,9.963378815820143e-07,0.0,0.0,0.0,0.0,0.0,0.0,0.0,0.0,0.0,0.0,0.0,0.0,0.0,0.0,0.0,0.0,0.0,0.0,0.0,0.0,0.9998938613423706,0.9960888001690251,0.9998938613423706,0.9998938613423706
253,C,0.0003648370767919512,1.5882762845228424e-19,0.0003648370767919512,0.0003648370767919512,0.011859765048725313,0.0036119621120719895,0.011859765048725313,0.011859765048725313,0.0,0.0,0.0,0.0,0.000974212517059252,0.0035790308649020592,0.000974212517059252,0.000974212517059252,0.0,0.0,0.0,0.0,0.006284413909608855,0.000591386321762988,0.006284413909608855,0.006284413909608855,0.0,0.0,0.0,0.0,4.3847463886676646e-05,0.00046298338020244275,4.3847463886676646e-05,4.3847463886676646e-05,0.0,0.0,0.0,0.0,0.0,0.0,0.0,0.0,0.9804729239839279,0.9917546373210606,0.9804729239839279,0.9804729239839279
254,G,5.042958108756992e-125,1.1212263174365774e-13,5.042958108756992e-125,5.042958108756992e-125,1.1345691953254806e-12,1.7503402276571322e-05,1.1345691953254806e-12,1.1345691953254806e-12,2.323963589328615e-12,0.00038590034614548863,2.323963589328615e-12,2.323963589328615e-12,0.0,0.0,0.0,0.0,0.0,0.0,0.0,0.0,0.00024059978548153857,8.238913309151792e-06,0.00024059978548153857,0.00024059978548153857,1.1797171748506908e-05,1.7173951394525143e-06,1.1797171748506908e-05,1.1797171748506908e-05,0.0,0.0,0.0,0.0,0.0,0.0,0.0,0.0,0.0,0.0,0.0,0.0,0.9997476030393113,0.9995866399430172,0.9997476030393113,0.9997476030393113
255,A,0.00033212035863572294,5.249110268432856e-06,0.00033212035863572294,0.00033212035863572294,0.0,0.0,0.0,0.0,0.03101077151429189,0.0005047102947937682,0.03101077151429189,0.03101077151429189,0.002240028297617815,0.008857068413639878,0.002240028297617815,0.002240028297617815,0.0,0.0,0.0,0.0,0.017797617248467273,0.0217024278907912,0.017797617248467273,0.017797617248467273,0.0,0.0,0.0,0.0,0.0,0.0,0.0,0.0,0.00010118573414836767,3.8324250851237546e-10,0.00010118573414836767,0.00010118573414836767,0.0,0.0,0.0,0.0,0.9485182768468389,0.9689305439072642,0.9485182768468389,0.9485182768468389
256,C,2.8121033508385557e-08,1.446554257496766e-15,2.8121033508385557e-08,2.8121033508385557e-08,0.008481472789755626,0.02576081296128989,0.008481472789755626,0.008481472789755626,0.0,0.0,0.0,0.0,0.000699956746767486,0.0007526257290185921,0.000699956746767486,0.000699956746767486,0.0,0.0,0.0,0.0,0.0065575805818074385,0.01668302825753554,0.0065575805818074385,0.0065575805818074385,0.0,0.0,0.0,0.0,0.014263576802599527,0.00011993415292195748,0.014263576802599527,0.014263576802599527,0.0,0.0,0.0,0.0,0.0,0.0,0.0,0.0,0.9699973849580363,0.9566835988992325,0.9699973849580363,0.9699973849580363
257,A,3.3266868125103807e-07,0.00022334016173921242,3.3266868125103807e-07,3.3266868125103807e-07,0.0,0.0,0.0,0.0,0.0003369054385396197,3.6505051847628656e-10,0.0003369054385396197,0.0003369054385396197,0.020717062466591152,0.000789855535396025,0.020717062466591152,0.020717062466591152,0.0,0.0,0.0,0.0,0.02438908062521245,0.0024987952965490456,0.02438908062521245,0.02438908062521245,0.0,0.0,0.0,0.0,0.0,0.0,0.0,0.0,0.011881779120479757,0.001687830002491692,0.011881779120479757,0.011881779120479757,0.0,0.0,0.0,0.0,0.9426748396804958,0.9948001786387735,0.9426748396804958,0.9426748396804958
258,G,5.18754959402701e-66,3.7556232103307365e-19,5.18754959402701e-66,5.18754959402701e-66,1.0500778331626413e-13,4.943264719488765e-05,1.0500778331626413e-13,1.0500778331626413e-13,5.6162325707944985e-09,1.2223674023156514e-09,5.6162325707944985e-09,5.6162325707944985e-09,0.0,0.0,0.0,0.0,0.0,0.0,0.0,0.0,0.00041814134631502605,2.2047673189153795e-12,0.00041814134631502605,0.00041814134631502605,0.002622316973591072,0.0019032315783025727,0.002622316973591072,0.002622316973591072,0.0,0.0,0.0,0.0,0.0,0.0,0.0,0.0,0.0,0.0,0.0,0.0,0.9969595360637563,0.9980473345499304,0.9969595360637563,0.9969595360637563
259,A,4.798564990116318e-06,9.294296502127849e-08,4.798564990116318e-06,4.798564990116318e-06,0.0,0.0,0.0,0.0,5.072683615607146e-05,0.0006610632291318987,5.072683615607146e-05,5.072683615607146e-05,0.012584768256543206,0.002062914620449145,0.012584768256543206,0.012584768256543206,0.0,0.0,0.0,0.0,0.0005532102245298985,0.000903307795036962,0.0005532102245298985,0.0005532102245298985,0.0,0.0,0.0,0.0,0.0,0.0,0.0,0.0,8.897937504254071e-05,0.0007463465742380808,8.897937504254071e-05,8.897937504254071e-05,0.0,0.0,0.0,0.0,0.9867175167427382,0.9956262748381789,0.9867175167427382,0.9867175167427382
260,A,1.2989654812129462e-13,4.689498343362053e-07,1.2989654812129462e-13,1.2989654812129462e-13,0.0,0.0,0.0,0.0,0.005291992379926834,0.0006893322794546385,0.005291992379926834,0.005291992379926834,0.0024614801836231833,0.0010580506389733066,0.0024614801836231833,0.0024614801836231833,0.0,0.0,0.0,0.0,0.01020971646739519,0.00021431993618834262,0.01020971646739519,0.01020971646739519,0.0,0.0,0.0,0.0,0.0,0.0,0.0,0.0,0.0003569403711857952,3.4089015188726267e-07,0.0003569403711857952,0.0003569403711857952,0.0,0.0,0.0,0.0,0.9816798705977391,0.9980374873053977,0.9816798705977391,0.9816798705977391
261,A,5.019600000689946e-12,1.715996113722627e-05,5.019600000689946e-12,5.019600000689946e-12,0.0,0.0,0.0,0.0,0.011343020901648473,0.0007118590055206693,0.011343020901648473,0.011343020901648473,0.0006203525510714836,0.0036003612983293034,0.0006203525510714836,0.0006203525510714836,0.0,0.0,0.0,0.0,0.001060482632144405,0.016859434066886475,0.001060482632144405,0.001060482632144405,0.0,0.0,0.0,0.0,0.0,0.0,0.0,0.0,0.00889524989929135,0.004869711020813679,0.00889524989929135,0.00889524989929135,0.0,0.0,0.0,0.0,0.9780808940108248,0.9739414746473125,0.9780808940108248,0.9780808940108248
262,T,4.8053158327757304e-70,1.7891916824611607e-72,4.8053158327757304e-70,4.8053158327757304e-70,2.0943378809643604e-27,2.6040434776302833e-15,2.0943378809643604e-27,2.0943378809643604e-27,2.3084144385248324e-15,2.6517114875883715e-08,2.3084144385248324e-15,2.3084144385248324e-15,1.2702285588950432e-05,9.589329805934595e-11,1.2702285588950432e-05,1.2702285588950432e-05,0.0048463064399018995,4.389553505686986e-05,0.0048463064399018995,0.0048463064399018995,0.0,0.0,0.0,0.0,0.0,0.0,0.0,0.0,0.0,0.0,0.0,0.0,0.0,0.0,0.0,0.0,0.0,0.0,0.0,0.0,0.9951409912745067,0.9999560778519323,0.9951409912745067,0.9951409912745067
263,T,5.201917583801343e-102,0.0052992035313969765,5.201917583801343e-102,5.201917583801343e-102,3.0146735802959014e-08,3.1589539160425147e-31,3.0146735802959014e-08,3.0146735802959014e-08,1.200862335083743e-71,1.0776424110432015e-70,1.200862335083743e-71,1.200862335083743e-71,3.8984244571178897e-20,9.222329126887476e-05,3.8984244571178897e-20,3.8984244571178897e-20,4.253124013343471e-06,0.0005804298810317907,4.253124013343471e-06,4.253124013343471e-06,0.0,0.0,0.0,0.0,0.0,0.0,0.0,0.0,0.0,0.0,0.0,0.0,0.0,0.0,0.0,0.0,0.0,0.0,0.0,0.0,0.9999957167292509,0.9940281432963022,0.9999957167292509,0.9999957167292509
264,T,3.975623981250899e-96,4.359096463720232e-109,3.975623981250899e-96,3.975623981250899e-96,3.409758730350145e-07,9.45100777142244e-09,3.409758730350145e-07,3.409758730350145e-07,1.6410594237735414e-40,4.1790595761844254e-14,1.6410594237735414e-40,1.6410594237735414e-40,1.2793959092261066e-13,6.788121340402612e-16,1.2793959092261066e-13,1.2793959092261066e-13,4.482361150530174e-05,0.0003256289037106907,4.482361150530174e-05,4.482361150530174e-05,0.0,0.0,0.0,0.0,0.0,0.0,0.0,0.0,0.0,0.0,0.0,0.0,0.0,0.0,0.0,0.0,0.0,0.0,0.0,0.0,0.9999548354124937,0.9996743616452392,0.9999548354124937,0.9999548354124937
265,C,7.044090729981008e-06,0.00012625909160994303,7.044090729981008e-06,7.044090729981008e-06,0.003439822746109743,1.4411619613785322e-05,0.003439822746109743,0.003439822746109743,0.0,0.0,0.0,0.0,0.0010634924978359292,0.00022596860157964258,0.0010634924978359292,0.0010634924978359292,0.0,0.0,0.0,0.0,0.006034701256222521,0.01968500926238165,0.006034701256222521,0.006034701256222521,0.0,0.0,0.0,0.0,0.006134569565363112,0.0015895500294528697,0.006134569565363112,0.006134569565363112,0.0,0.0,0.0,0.0,0.0,0.0,0.0,0.0,0.9833203698437387,0.978358801395362,0.9833203698437387,0.9833203698437387
266,G,1.6698499885061152e-124,4.146422341145928e-87,1.6698499885061152e-124,1.6698499885061152e-124,3.724791654901018e-10,5.357329507735884e-06,3.724791654901018e-10,3.724791654901018e-10,0.015041553584634548,7.728600878924172e-07,0.015041553584634548,0.015041553584634548,0.0,0.0,0.0,0.0,0.0,0.0,0.0,0.0,5.840096471159193e-10,3.247899543364712e-05,5.840096471159193e-10,5.840096471159193e-10,4.9744974474795694e-05,3.154205383303215e-05,4.9744974474795694e-05,4.9744974474795694e-05,0.0,0.0,0.0,0.0,0.0,0.0,0.0,0.0,0.0,0.0,0.0,0.0,0.9849087004844018,0.9999298487611376,0.9849087004844018,0.9849087004844018
267,A,0.00036325680657652693,0.008650746411434167,0.00036325680657652693,0.00036325680657652693,0.0,0.0,0.0,0.0,1.2594969323615161e-08,0.00011111247043479919,1.2594969323615161e-08,1.2594969323615161e-08,0.015098766501377968,0.0007986257969267418,0.015098766501377968,0.015098766501377968,0.0,0.0,0.0,0.0,0.03476466299757879,0.0005773590670343695,0.03476466299757879,0.03476466299757879,0.0,0.0,0.0,0.0,0.0,0.0,0.0,0.0,0.009115756995896796,3.240929455666791e-05,0.009115756995896796,0.009115756995896796,0.0,0.0,0.0,0.0,0.9406575441036006,0.9898297469596133,0.9406575441036006,0.9406575441036006
268,A,0.0005904654222090294,0.00019057524058384737,0.0005904654222090294,0.0005904654222090294,0.0,0.0,0.0,0.0,0.0012517988578353205,0.012889207810755369,0.0012517988578353205,0.0012517988578353205,0.021805117535662624,0.004181945655305104,0.021805117535662624,0.021805117535662624,0.0,0.0,0.0,0.0,0.00852722794488447,0.029668098434803922,0.00852722794488447,0.00852722794488447,0.0,0.0,0.0,0.0,0.0,0.0,0.0,0.0,0.001717594477606654,0.0013791579921649173,0.001717594477606654,0.001717594477606654,0.0,0.0,0.0,0.0,0.9661077957618018,0.951691014866387,0.9661077957618018,0.9661077957618018
269,G,9.884179491797305e-25,3.064996781579914e-30,9.884179491797305e-25,9.884179491797305e-25,0.001187631518676608,0.010241476743131374,0.001187631518676608,0.001187631518676608,6.620464315820157e-05,0.004316218723025293,6.620464315820157e-05,6.620464315820157e-05,0.0,0.0,0.0,0.0,0.0,0.0,0.0,0.0,5.183638815289947e-13,4.188735355074238e-07,5.183638815289947e-13,5.183638815289947e-13,5.147770179069094e-06,6.737903747290246e-05,5.147770179069094e-06,5.147770179069094e-06,0.0,0.0,0.0,0.0,0.0,0.0,0.0,0.0,0.0,0.0,0.0,0.0,0.9987410160674677,0.985374506622835,0.9987410160674677,0.9987410160674677
270,G,5.8297916026704244e-43,0.017710428414982445,5.8297916026704244e-43,5.8297916026704244e-43,4.540026804202454e-05,2.493462599593507e-12,4.540026804202454e-05,4.540026804202454e-05,3.517277215696035e-05,6.704628417763217e-05,3.517277215696035e-05,3.517277215696035e-05,0.0,0.0,0.0,0.0,0.0,0.0,0.0,0.0,0.00458661652535872,1.1228449905776595e-07,0.00458661652535872,0.00458661652535872,3.586498768332583e-06,0.0009637607188052038,3.586498768332583e-06,3.586498768332583e-06,0.0,0.0,0.0,0.0,0.0,0.0,0.0,0.0,0.0,0.0,0.0,0.0,0.9953292239356739,0.9812586522950422,0.9953292239356739,0.9953292239356739
271,T,7.634954996405105e-12,5.669875864834982e-77,7.634954996405105e-12,7.634954996405105e-12,1.4172456517852822e-06,4.748571675804682e-19,1.4172456517852822e-06,1.4172456517852822e-06,3.212440820910253e-34,3.650559808342679e-33,3.212440820910253e-34,3.212440820910253e-34,5.281942951820028e-21,0.00020989502317190882,5.281942951820028e-21,5.281942951820028e-21,0.0035862622604464433,1.2482003710298996e-06,0.0035862622604464433,0.0035862622604464433,0.0,0.0,0.0,0.0,0.0,0.0,0.0,0.0,0.0,0.0,0.0,0.0,0.0,0.0,0.0,0.0,0.0,0.0,0.0,0.0,0.9964123204862669,0.9997888567764571,0.9964123204862669,0.9964123204862669
272,A,1.1193238574794189e-10,5.886627352786229e-05,1.1193238574794189e-10,1.1193238574794189e-10,0.0,0.0,0.0,0.0,0.0008178531389106192,0.0034469819509843776,0.0008178531389106192,0.0008178531389106192,0.0014638625072063195,0.0127731728589839,0.0014638625072063195,0.0014638625072063195,0.0,0.0,0.0,0.0,0.007373655686928223,0.001670500551138899,0.007373655686928223,0.007373655686928223,0.0,0.0,0.0,0.0,0.0,0.0,0.0,0.0,0.00041594175149442866,8.959675953839393e-07,0.00041594175149442866,0.00041594175149442866,0.0,0.0,0.0,0.0,0.989928686803528,0.9820495823977695,0.989928686803528,0.989928686803528
273,T,2.5832122958805208e-99,4.235395728232481e-153,2.5832122958805208e-99,9.879097250503275e-42,0.0011416675280611428,1.7632145218292343e-13,0.0011416675280611428,7.258486999669514e-05,7.147838572961415e-08,2.9286220205585634e-32,7.147838572961415e-08,7.300752730573342e-08,4.639573449258317e-05,7.052326393507589e-24,4.639573449258317e-05,1.564129762801056e-08,0.009270525378509881,6.749715389430754e-09,0.009270525378509881,0.009929576307022691,0.0,0.0,0.0,0.0,0.0,0.0,0.0,0.0,0.0,0.0,0.0,0.0,0.0,0.0,0.0,0.0,0.0,0.0,0.0,0.0,0.9895413398805506,0.9999999932501082,0.9895413398805506,0.9899977501741557
274,T,3.889135418932328e-91,4.723453889863836e-208,3.889135418932328e-91,4.259707656039191e-99,0.00047297418633414584,1.6500706857122744e-27,0.00047297418633414584,0.009191564689580194,0.00027081283949661366,2.1485083516758756e-16,0.00027081283949661366,3.19507223241779e-08,1.3058865238394644e-07,4.3418975255793205e-14,1.3058865238394644e-07,4.349202421279626e-38,0.0010814611345617215,0.0033692485151329368,0.0010814611345617215,0.0014588467428744136,0.0,0.0,0.0,0.0,0.0,0.0,0.0,0.0,0.0,0.0,0.0,0.0,0.0,0.0,0.0,0.0,0.0,0.0,0.0,0.0,0.9981746212509551,0.9966307514848234,0.9981746212509551,0.989349556616823
275,T,7.930445871514711e-92,7.170559011767838e-06,7.930445871514711e-92,7.67461389836543e-182,2.5187227319982737e-20,2.6264658293361077e-53,2.5187227319982737e-20,1.267045081212772e-13,1.312531315148118e-22,2.000023139372681e-09,1.312531315148118e-22,3.919603409802029e-07,3.4414859354112614e-15,8.946054336599724e-07,3.4414859354112614e-15,3.612786236155645e-34,1.2167048832085794e-05,1.1154210086681069e-06,1.2167048832085794e-05,0.007840809807128445,0.0,0.0,0.0,0.0,0.0,0.0,0.0,0.0,0.0,0.0,0.0,0.0,0.0,0.0,0.0,0.0,0.0,0.0,0.0,0.0,0.9999878329511646,0.9999908174145227,0.9999878329511646,0.9921587982324038
276,A,0.0015351584563146079,0.004387056732935595,0.0015351584563146079,7.55044115609971e-07,0.0,0.0,0.0,0.0,0.006654441524330547,0.009340566088128072,0.006654441524330547,0.00011279423701751831,0.04299060807380214,0.015774627479417498,0.04299060807380214,0.0011551265045285262,0.0,0.0,0.0,0.0,0.008170460476258499,0.008985627068010557,0.008170460476258499,0.015950115663487457,0.0,0.0,0.0,0.0,0.0,0.0,0.0,0.0,0.005365374856886349,7.010732474794887e-06,0.005365374856886349,0.00017203743877519935,0.0,0.0,0.0,0.0,0.9352839566124078,0.9615051118990334,0.9352839566124078,0.9826091711120757
277,G,1.4357077233378476e-62,1.4357077233378476e-62,1.4357077233378476e-62,4.7614985526459137e-20,1.4081367754964072e-08,1.4081367754964072e-08,1.4081367754964072e-08,0.003809137068453015,0.0006119535251011401,0.0006119535251011401,0.0006119535251011401,7.280884932261427e-07,0.0,0.0,0.0,0.0,0.0,0.0,0.0,0.0,1.4784803473400473e-09,1.4784803473400473e-09,1.4784803473400473e-09,0.001084375838217373,7.118941844092384e-06,7.118941844092384e-06,7.118941844092384e-06,1.59989381356147e-05,0.0,0.0,0.0,0.0,0.0,0.0,0.0,0.0,0.0,0.0,0.0,0.0,0.9993809119732067,0.9993809119732067,0.9993809119732067,0.9950897600667007
278,T,6.866845873633159e-100,6.866845873633159e-100,6.866845873633159e-100,6.313645850752668e-303,4.9286789135724544e-11,4.9286789135724544e-11,4.9286789135724544e-11,1.1051031984137073e-34,5.1919511308292213e-14,5.1919511308292213e-14,5.1919511308292213e-14,3.6253933139345585e-45,9.697210720831284e-05,9.697210720831284e-05,9.697210720831284e-05,6.158631351221267e-07,0.00031451494784450346,0.00031451494784450346,0.00031451494784450346,0.0021189226531490024,0.0,0.0,0.0,0.0,0.0,0.0,0.0,0.0,0.0,0.0,0.0,0.0,0.0,0.0,0.0,0.0,0.0,0.0,0.0,0.0,0.9995885128956083,0.9995885128956083,0.9995885128956083,0.9978804614837158
279,G,6.944181198733852e-60,6.944181198733852e-60,6.944181198733852e-60,1.1562642327030682e-104,0.012939312502660453,0.012939312502660453,0.012939312502660453,3.0663767422644284e-10,8.37165088917405e-09,8.37165088917405e-09,8.37165088917405e-09,1.658786316957203e-09,0.0,0.0,0.0,0.0,0.0,0.0,0.0,0.0,8.496392187471805e-06,8.496392187471805e-06,8.496392187471805e-06,1.1168955622726643e-20,0.003637468776332422,0.003637468776332422,0.003637468776332422,7.58410327229614e-05,0.0,0.0,0.0,0.0,0.0,0.0,0.0,0.0,0.0,0.0,0.0,0.0,0.9834147139571687,0.9834147139571687,0.9834147139571687,0.999924157001853
280,G,5.304431742787058e-23,5.304431742787058e-23,5.304431742787058e-23,4.106980284615174e-79,4.529414398817006e-05,4.529414398817006e-05,4.529414398817006e-05,1.1811418131278228e-08,7.525305355233982e-09,7.525305355233982e-09,7.525305355233982e-09,7.888099748959459e-08,0.0,0.0,0.0,0.0,0.0,0.0,0.0,0.0,0.03218873946447293,0.03218873946447293,0.03218873946447293,3.566395820905938e-05,0.0031928096206166687,0.0031928096206166687,0.0031928096206166687,2.5979287169666827e-05,0.0,0.0,0.0,0.0,0.0,0.0,0.0,0.0,0.0,0.0,0.0,0.0,0.9645731492456169,0.9645731492456169,0.9645731492456169,0.9999382660622058
281,T,2.6588346490793994e-12,2.6588346490793994e-12,2.6588346490793994e-12,0.0,1.833269043857151e-08,1.833269043857151e-08,1.833269043857151e-08,1.2714267162377482e-31,0.0012431020064449555,0.0012431020064449555,0.0012431020064449555,1.4567470708767574e-05,1.0227861917868336e-16,1.0227861917868336e-16,1.0227861917868336e-16,5.147639373436778e-13,5.6655738351964435e-06,5.6655738351964435e-06,5.6655738351964435e-06,3.8673471077656966e-05,0.0,0.0,0.0,0.0,0.0,0.0,0.0,0.0,0.0,0.0,0.0,0.0,0.0,0.0,0.0,0.0,0.0,0.0,0.0,0.0,0.9987512140843705,0.9987512140843705,0.9987512140843705,0.9999467590576988
282,C,1.5569660314379267e-09,1.5569660314379267e-09,1.5569660314379267e-09,3.392523102754157e-14,0.0025275607363891535,0.0025275607363891535,0.0025275607363891535,0.007706680519400196,0.0,0.0,0.0,0.0,0.009013517967236612,0.009013517967236612,0.009013517967236612,0.00022021571315626113,0.0,0.0,0.0,0.0,0.006251024404718011,0.006251024404718011,0.006251024404718011,0.05687160977421427,0.0,0.0,0.0,0.0,0.0370899408207376,0.0370899408207376,0.0370899408207376,0.0043806160667368334,0.0,0.0,0.0,0.0,0.0,0.0,0.0,0.0,0.9451179545139525,0.9451179545139525,0.9451179545139525,0.9308208779264584
283,A,0.0021147755699283885,0.0021147755699283885,0.0021147755699283885,0.00024539560728368854,0.0,0.0,0.0,0.0,0.003535531360717661,0.003535531360717661,0.003535531360717661,0.0021873757954124916,0.009976045965718706,0.009976045965718706,0.009976045965718706,0.032953692083835466,0.0,0.0,0.0,0.0,0.027073959315029043,0.027073959315029043,0.027073959315029043,0.0035596641943713074,0.0,0.0,0.0,0.0,0.0,0.0,0.0,0.0,8.283163811864201e-05,8.283163811864201e-05,8.283163811864201e-05,0.0017312292992947447,0.0,0.0,0.0,0.0,0.9572168561504877,0.9572168561504877,0.9572168561504877,0.9593226430198023
284,G,1.4772972609231296e-32,1.4772972609231296e-32,1.4772972609231296e-32,3.5547170393575747e-06,8.10498726183862e-09,8.10498726183862e-09,8.10498726183862e-09,5.738528399438643e-06,5.506507219148617e-06,5.506507219148617e-06,5.506507219148617e-06,0.0016163334703191924,0.0,0.0,0.0,0.0,0.0,0.0,0.0,0.0,4.8427266957576e-09,4.8427266957576e-09,4.8427266957576e-09,4.167790316255105e-07,0.029517745817752766,0.029517745817752766,0.029517745817752766,0.00011228971603412011,0.0,0.0,0.0,0.0,0.0,0.0,0.0,0.0,0.0,0.0,0.0,0.0,0.9704767347273141,0.9704767347273141,0.9704767347273141,0.9982616667891762
285,C,0.00021898698969432186,0.00021898698969432186,0.00021898698969432186,5.354140198177854e-26,0.00010808924182814587,0.00010808924182814587,0.00010808924182814587,0.0011716087896383423,0.0,0.0,0.0,0.0,0.0017531406799100643,0.0017531406799100643,0.0017531406799100643,2.790398800053423e-06,0.0,0.0,0.0,0.0,0.002698582526019942,0.002698582526019942,0.002698582526019942,0.0010024137359238051,0.0,0.0,0.0,0.0,1.4991339132260873e-06,1.4991339132260873e-06,1.4991339132260873e-06,4.0766267016388715e-06,0.0,0.0,0.0,0.0,0.0,0.0,0.0,0.0,0.9952197014286343,0.9952197014286343,0.9952197014286343,0.9978191104489362
286,A,1.960614425109682e-08,1.960614425109682e-08,1.960614425109682e-08,7.656125670791425e-06,0.0,0.0,0.0,0.0,0.0006300146705913437,0.0006300146705913437,0.0006300146705913437,3.658502100102673e-05,0.00012042259803709873,0.00012042259803709873,0.00012042259803709873,0.0015109224169416427,0.0,0.0,0.0,0.0,0.0010202344565830314,0.0010202344565830314,0.0010202344565830314,0.008164608749751475,0.0,0.0,0.0,0.0,0.0,0.0,0.0,0.0,3.372138749919564e-05,3.372138749919564e-05,3.372138749919564e-05,0.012314685216817545,0.0,0.0,0.0,0.0,0.9981955872811451,0.9981955872811451,0.9981955872811451,0.9779655424698175
287,A,5.351392950857389e-11,5.351392950857389e-11,5.351392950857389e-11,1.0501711775769934e-09,0.0,0.0,0.0,0.0,0.020186413460018943,0.020186413460018943,0.020186413460018943,0.003254774464942123,0.03267601332194803,0.03267601332194803,0.03267601332194803,0.005106539521351149,0.0,0.0,0.0,0.0,0.06584712353122087,0.06584712353122087,0.06584712353122087,0.03253143789940143,0.0,0.0,0.0,0.0,0.0,0.0,0.0,0.0,0.00014681509940257152,0.00014681509940257152,0.00014681509940257152,0.00210079309161729,0.0,0.0,0.0,0.0,0.8811436345338958,0.8811436345338958,0.8811436345338958,0.9570064539725168
288,G,8.553989253947867e-36,8.553989253947867e-36,8.553989253947867e-36,3.4978294036932537e-47,1.9307337915423415e-25,1.9307337915423415e-25,1.9307337915423415e-25,0.0003615575246723948,9.610547498471374e-05,9.610547498471374e-05,9.610547498471374e-05,0.00022396205437772557,0.0,0.0,0.0,0.0,0.0,0.0,0.0,0.0,0.0011730617522501124,0.0011730617522501124,0.0011730617522501124,8.887591147125277e-05,6.0378029816274595e-05,6.0378029816274595e-05,6.0378029816274595e-05,0.0025529643743381694,0.0,0.0,0.0,0.0,0.0,0.0,0.0,0.0,0.0,0.0,0.0,0.0,0.998670454742949,0.998670454742949,0.998670454742949,0.9967726401351406
289,G,2.7504648215503085e-105,2.7504648215503085e-105,2.7504648215503085e-105,2.2665321698702472e-51,0.004672267357271516,0.004672267357271516,0.004672267357271516,2.745458831438897e-08,4.6962913373862196e-06,4.6962913373862196e-06,4.6962913373862196e-06,1.3721150098997752e-06,0.0,0.0,0.0,0.0,0.0,0.0,0.0,0.0,0.00040815711872365393,0.00040815711872365393,0.00040815711872365393,1.605967154791038e-16,0.0016126632674120444,0.0016126632674120444,0.0016126632674120444,0.007378089352248657,0.0,0.0,0.0,0.0,0.0,0.0,0.0,0.0,0.0,0.0,0.0,0.0,0.9933022159652554,0.9933022159652554,0.9933022159652554,0.9926205110781531
290,T,4.804742602279165e-213,4.804742602279165e-213,4.804742602279165e-213,1.4406958040734582e-11,3.61252780298498e-08,3.61252780298498e-08,3.61252780298498e-08,2.2273746090854498e-27,9.763838943722795e-17,9.763838943722795e-17,9.763838943722795e-17,2.739256780807197e-39,1.1356050651498146e-36,1.1356050651498146e-36,1.1356050651498146e-36,1.2792372075332224e-08,0.010771205035185655,0.010771205035185655,0.010771205035185655,0.002716447700770821,0.0,0.0,0.0,0.0,0.0,0.0,0.0,0.0,0.0,0.0,0.0,0.0,0.0,0.0,0.0,0.0,0.0,0.0,0.0,0.0,0.9892287588395361,0.9892287588395361,0.9892287588395361,0.9972835394924503
291,C,1.7180396373072421e-06,1.7180396373072421e-06,1.7180396373072421e-06,0.0015479183734793502,0.0034177065428692014,0.0034177065428692014,0.0034177065428692014,0.02443488621609076,0.0,0.0,0.0,0.0,0.00030840045567902854,0.00030840045567902854,0.00030840045567902854,0.00039353926552649217,0.0,0.0,0.0,0.0,0.019853139558404245,0.019853139558404245,0.019853139558404245,0.023105808880760213,0.0,0.0,0.0,0.0,2.3681079885365097e-05,2.3681079885365097e-05,2.3681079885365097e-05,1.0986615705879242e-10,0.0,0.0,0.0,0.0,0.0,0.0,0.0,0.0,0.9763953543235248,0.9763953543235248,0.9763953543235248,0.9505178471542771
292,T,2.7176717219544075e-37,2.7176717219544075e-37,2.7176717219544075e-37,0.0,1.646029230618682e-08,1.646029230618682e-08,1.646029230618682e-08,0.0017540991797502584,7.296026619590991e-28,7.296026619590991e-28,7.296026619590991e-28,4.884157270863559e-92,1.3826507577204481e-14,1.3826507577204481e-14,1.3826507577204481e-14,1.6593862588498052e-19,0.0003006669233154641,0.0003006669233154641,0.0003006669233154641,0.004217884938032924,0.0,0.0,0.0,0.0,0.0,0.0,0.0,0.0,0.0,0.0,0.0,0.0,0.0,0.0,0.0,0.0,0.0,0.0,0.0,0.0,0.9996993166163785,0.9996993166163785,0.9996993166163785,0.9940280158822168
293,C,0.002455150394885423,0.002455150394885423,0.002455150394885423,2.93194107596434e-23,0.006023484399619982,0.006023484399619982,0.006023484399619982,0.00671076677741772,0.0,0.0,0.0,0.0,0.0011614298711208058,0.0011614298711208058,0.0011614298711208058,1.474759359088639e-06,0.0,0.0,0.0,0.0,0.005423787149667816,0.005423787149667816,0.005423787149667816,0.0018347347538919662,0.0,0.0,0.0,0.0,0.007145579938456986,0.007145579938456986,0.007145579938456986,1.9772365291874094e-05,0.0,0.0,0.0,0.0,0.0,0.0,0.0,0.0,0.977790568246249,0.977790568246249,0.977790568246249,0.9914332513440394
294,T,0.0,0.0,0.0,8.312871596969179e-109,8.274307944276188e-05,8.274307944276188e-05,8.274307944276188e-05,1.995236668933039e-15,8.588872498435311e-09,8.588872498435311e-09,8.588872498435311e-09,0.0006411710575639967,1.1005648161739942e-19,1.1005648161739942e-19,1.1005648161739942e-19,3.9258996894034846e-20,0.0011125699946603158,0.0011125699946603158,0.0011125699946603158,0.001988318759380196,0.0,0.0,0.0,0.0,0.0,0.0,0.0,0.0,0.0,0.0,0.0,0.0,0.0,0.0,0.0,0.0,0.0,0.0,0.0,0.0,0.9988046783370244,0.9988046783370244,0.9988046783370244,0.9973705101830539
295,G,1.0709958699681399e-07,1.0709958699681399e-07,1.0709958699681399e-07,1.0610244826185143e-34,2.2112659603635665e-08,2.2112659603635665e-08,2.2112659603635665e-08,3.1447258291356467e-09,2.702697278598236e-12,2.702697278598236e-12,2.702697278598236e-12,7.728034493651453e-06,0.0,0.0,0.0,0.0,0.0,0.0,0.0,0.0,5.91842926204853e-06,5.91842926204853e-06,5.91842926204853e-06,2.1570823503865306e-06,0.004499759095145536,0.004499759095145536,0.004499759095145536,7.637505385889433e-07,0.0,0.0,0.0,0.0,0.0,0.0,0.0,0.0,0.0,0.0,0.0,0.0,0.995494193260643,0.995494193260643,0.995494193260643,0.9999893479878915
296,C,0.0030774361693877003,0.0030774361693877003,0.0030774361693877003,5.082253641780503e-12,0.0070038685432328475,0.0070038685432328475,0.0070038685432328475,0.006173887298669733,0.0,0.0,0.0,0.0,0.00035086639229888535,0.00035086639229888535,0.00035086639229888535,0.004267820579540156,0.0,0.0,0.0,0.0,0.022363927765365003,0.022363927765365003,0.022363927765365003,0.0003871279534095599,0.0,0.0,0.0,0.0,0.0002554647196815267,0.0002554647196815267,0.0002554647196815267,3.029916987993171e-05,0.0,0.0,0.0,0.0,0.0,0.0,0.0,0.0,0.966948436410034,0.966948436410034,0.966948436410034,0.9891408649934184
297,G,9.102729917674996e-34,9.102729917674996e-34,9.102729917674996e-34,2.7423022012822416e-86,9.547394052778463e-10,9.547394052778463e-10,9.547394052778463e-10,5.339044620585956e-17,1.4729945361853398e-33,1.4729945361853398e-33,1.4729945361853398e-33,1.4325732210932425e-08,0.0,0.0,0.0,0.0,0.0,0.0,0.0,0.0,0.0017596760374350385,0.0017596760374350385,0.0017596760374350385,1.7864675945846924e-10,0.00024138478479819996,0.00024138478479819996,0.00024138478479819996,0.003531351550320999,0.0,0.0,0.0,0.0,0.0,0.0,0.0,0.0,0.0,0.0,0.0,0.0,0.9979989382230273,0.9979989382230273,0.9979989382230273,0.9964686339453
298,A,9.765974158266588e-07,9.765974158266588e-07,9.765974158266588e-07,1.0780668506620976e-07,0.0,0.0,0.0,0.0,0.0033900061125809785,0.0033900061125809785,0.0033900061125809785,0.0021627517202178832,0.0021615068469608132,0.0021615068469608132,0.0021615068469608132,0.007126797229208406,0.0,0.0,0.0,0.0,0.007196465392308068,0.007196465392308068,0.007196465392308068,0.008068730572588117,0.0,0.0,0.0,0.0,0.0,0.0,0.0,0.0,0.0017136581972545194,0.0017136581972545194,0.0017136581972545194,0.010259870878977046,0.0,0.0,0.0,0.0,0.9855373868534797,0.9855373868534797,0.9855373868534797,0.9723817417923235
299,A,6.625269718717708e-05,6.625269718717708e-05,6.625269718717708e-05,5.421770421364926e-25,0.0,0.0,0.0,0.0,0.0026910687937885583,0.0026910687937885583,0.0026910687937885583,0.0027950362510051215,0.03790715791230605,0.03790715791230605,0.03790715791230605,0.02792585255976132,0.0,0.0,0.0,0.0,0.015465035708286721,0.015465035708286721,0.015465035708286721,0.03310279718226096,0.0,0.0,0.0,0.0,0.0,0.0,0.0,0.0,4.206027915614935e-06,4.206027915614935e-06,4.206027915614935e-06,0.00323454832978369,0.0,0.0,0.0,0.0,0.943866278860516,0.943866278860516,0.943866278860516,0.932941765677189
300,A,2.8284578398215376e-05,2.8284578398215376e-05,2.8284578398215376e-05,6.515518146562837e-09,0.0,0.0,0.0,0.0,0.012829133607915075,0.012829133607915075,0.012829133607915075,0.0012211304612823402,0.026951950769222202,0.026951950769222202,0.026951950769222202,0.04615569257577314,0.0,0.0,0.0,0.0,0.025807967454300185,0.025807967454300185,0.025807967454300185,0.006573308815471876,0.0,0.0,0.0,0.0,0.0,0.0,0.0,0.0,3.469843823954539e-06,3.469843823954539e-06,3.469843823954539e-06,0.00012383743707898418,0.0,0.0,0.0,0.0,0.9343791937463404,0.9343791937463404,0.9343791937463404,0.9459260241948755
301,T,1.24717423431887e-47,1.24717423431887e-47,1.24717423431887e-47,0.0,5.091499038653464e-12,5.091499038653464e-12,5.091499038653464e-12,4.434752676475301e-05,0.00013971179274297648,0.00013971179274297648,0.00013971179274297648,1.779203066736485e-06,7.398055479297839e-09,7.398055479297839e-09,7.398055479297839e-09,1.235331617649516e-05,0.00522070461741741,0.00522070461741741,0.00522070461741741,1.7869339073341125e-05,0.0,0.0,0.0,0.0,0.0,0.0,0.0,0.0,0.0,0.0,0.0,0.0,0.0,0.0,0.0,0.0,0.0,0.0,0.0,0.0,0.9946395761866927,0.9946395761866927,0.9946395761866927,0.9999236506149186
302,A,0.00044469730664829023,0.00044469730664829023,0.00044469730664829023,0.003210107615249228,0.0,0.0,0.0,0.0,0.0015434585385261748,0.0015434585385261748,0.0015434585385261748,0.01706468633195836,0.019759020529012346,0.019759020529012346,0.019759020529012346,0.0020789751323834474,0.0,0.0,0.0,0.0,0.0014915133345284512,0.0014915133345284512,0.0014915133345284512,0.008907968774524919,0.0,0.0,0.0,0.0,0.0,0.0,0.0,0.0,0.00451460420692391,0.00451460420692391,0.00451460420692391,0.004715001992493759,0.0,0.0,0.0,0.0,0.9722467060843608,0.9722467060843608,0.9722467060843608,0.9640232601533903
303,G,2.8921887454827075e-11,2.8921887454827075e-11,2.8921887454827075e-11,2.6349902296227285e-37,3.733143018093311e-08,3.733143018093311e-08,3.733143018093311e-08,6.968353145770351e-07,0.00044127074468943887,0.00044127074468943887,0.00044127074468943887,1.3829762211501915e-05,0.0,0.0,0.0,0.0,0.0,0.0,0.0,0.0,0.0022810352488455087,0.0022810352488455087,0.0022810352488455087,0.00026001176599394486,0.0011968360431140713,0.0011968360431140713,0.0011968360431140713,0.0005356619499570956,0.0,0.0,0.0,0.0,0.0,0.0,0.0,0.0,0.0,0.0,0.0,0.0,0.996080820602999,0.996080820602999,0.996080820602999,0.999189799686523
304,G,5.225309751915588e-65,5.225309751915588e-65,5.225309751915588e-65,1.3916233102426304e-56,2.4695462656470683e-10,2.4695462656470683e-10,2.4695462656470683e-10,0.00041084237431400744,1.6324074628637238e-10,1.6324074628637238e-10,1.6324074628637238e-10,1.9894473099976994e-09,0.0,0.0,0.0,0.0,0.0,0.0,0.0,0.0,1.328567291966078e-06,1.328567291966078e-06,1.328567291966078e-06,2.0092574010511448e-14,0.0015746597491853981,0.0015746597491853981,0.0015746597491853981,3.33980153146305e-05,0.0,0.0,0.0,0.0,0.0,0.0,0.0,0.0,0.0,0.0,0.0,0.0,0.9984240112733271,0.9984240112733271,0.9984240112733271,0.9995557576209039
305,T,8.39818751630745e-239,8.39818751630745e-239,8.39818751630745e-239,1.950051344258717e-36,3.654536983316832e-84,3.654536983316832e-84,3.654536983316832e-84,9.835614755595676e-54,2.103946087897329e-18,2.103946087897329e-18,2.103946087897329e-18,1.0245501538326616e-07,2.053317771278335e-08,2.053317771278335e-08,2.053317771278335e-08,4.087682927645548e-11,0.0008921929980444805,0.0008921929980444805,0.0008921929980444805,0.00011474219320269689,0.0,0.0,0.0,0.0,0.0,0.0,0.0,0.0,0.0,0.0,0.0,0.0,0.0,0.0,0.0,0.0,0.0,0.0,0.0,0.0,0.9991077864687778,0.9991077864687778,0.9991077864687778,0.9998851553109052
306,T,1.5861864720304245e-23,1.5861864720304245e-23,1.5861864720304245e-23,1.3718205408777293e-16,1.5639189545442239e-06,1.5639189545442239e-06,1.5639189545442239e-06,5.473712474906633e-23,7.44421434062249e-18,7.44421434062249e-18,7.44421434062249e-18,0.00040586957690071237,7.113036416387102e-05,7.113036416387102e-05,7.113036416387102e-05,4.076693008216039e-05,3.884030879085393e-06,3.884030879085393e-06,3.884030879085393e-06,3.534894650498988e-11,0.0,0.0,0.0,0.0,0.0,0.0,0.0,0.0,0.0,0.0,0.0,0.0,0.0,0.0,0.0,0.0,0.0,0.0,0.0,0.0,0.9999234216860026,0.9999234216860026,0.9999234216860026,0.9995533634576681
307,A,0.005413934940256973,0.005413934940256973,0.005413934940256973,1.108804903614753e-08,0.0,0.0,0.0,0.0,5.395688119299583e-05,5.395688119299583e-05,5.395688119299583e-05,0.0024906938434817827,0.0002459375129832568,0.0002459375129832568,0.0002459375129832568,0.013183523564209258,0.0,0.0,0.0,0.0,0.028715493670542644,0.028715493670542644,0.028715493670542644,0.0021984669011607173,0.0,0.0,0.0,0.0,0.0,0.0,0.0,0.0,0.004403969353518719,0.004403969353518719,0.004403969353518719,0.0009746649862384857,0.0,0.0,0.0,0.0,0.9611667076415055,0.9611667076415055,0.9611667076415055,0.9811526396168607
308,T,3.445474378599265e-112,3.445474378599265e-112,3.445474378599265e-112,0.0,1.9851133532077817e-14,1.9851133532077817e-14,1.9851133532077817e-14,3.0213111697268596e-35,5.176410864984822e-16,5.176410864984822e-16,5.176410864984822e-16,2.091680672997502e-67,5.68450669702642e-06,5.68450669702642e-06,5.68450669702642e-06,3.38575323512196e-16,0.004758269366978791,0.004758269366978791,0.004758269366978791,0.0001197239405130348,0.0,0.0,0.0,0.0,0.0,0.0,0.0,0.0,0.0,0.0,0.0,0.0,0.0,0.0,0.0,0.0,0.0,0.0,0.0,0.0,0.9952360461263038,0.9952360461263038,0.9952360461263038,0.9998802760594866
309,T,3.2422165410006975e-147,3.2422165410006975e-147,3.2422165410006975e-147,0.0,3.4069080252103412e-09,3.4069080252103412e-09,3.4069080252103412e-09,6.493189289910922e-07,1.093708746162251e-23,1.093708746162251e-23,1.093708746162251e-23,6.369259981788067e-17,6.149460464070224e-07,6.149460464070224e-07,6.149460464070224e-07,8.593242930508072e-45,8.93646957428089e-07,8.93646957428089e-07,8.93646957428089e-07,0.0009675770388817901,0.0,0.0,0.0,0.0,0.0,0.0,0.0,0.0,0.0,0.0,0.0,0.0,0.0,0.0,0.0,0.0,0.0,0.0,0.0,0.0,0.9999984880000881,0.9999984880000881,0.9999984880000881,0.9990317736421891
310,A,0.005656670493329142,0.005656670493329142,0.005656670493329142,1.5575102976129833e-05,0.0,0.0,0.0,0.0,0.01826892637279177,0.01826892637279177,0.01826892637279177,0.00011013009339433605,0.010014334913076671,0.010014334913076671,0.010014334913076671,0.016427837113641448,0.0,0.0,0.0,0.0,0.003430056005938529,0.003430056005938529,0.003430056005938529,0.02674792970460693,0.0,0.0,0.0,0.0,0.0,0.0,0.0,0.0,0.0005665468138957392,0.0005665468138957392,0.0005665468138957392,4.7590194922584786e-08,0.0,0.0,0.0,0.0,0.962063465400968,0.962063465400968,0.962063465400968,0.9566984803951861
311,G,3.8482179671352086e-11,3.8482179671352086e-11,3.8482179671352086e-11,1.0575991955726526e-55,0.00031602940295097603,0.00031602940295097603,0.00031602940295097603,0.0003748067763597905,0.004952787603248508,0.004952787603248508,0.004952787603248508,9.403056435962522e-07,0.0,0.0,0.0,0.0,0.0,0.0,0.0,0.0,3.1107336671685807e-10,3.1107336671685807e-10,3.1107336671685807e-10,9.743249227787516e-10,3.0241892828875386e-07,3.0241892828875386e-07,3.0241892828875386e-07,1.4050326111441198e-08,0.0,0.0,0.0,0.0,0.0,0.0,0.0,0.0,0.0,0.0,0.0,0.0,0.9947308802253167,0.9947308802253167,0.9947308802253167,0.9996242378933456
312,C,3.7644962337039825e-14,3.7644962337039825e-14,3.7644962337039825e-14,1.983732281392084e-13,0.0006697827982305489,0.0006697827982305489,0.0006697827982305489,0.0007605534190499134,0.0,0.0,0.0,0.0,0.008797412565909022,0.008797412565909022,0.008797412565909022,0.004748319202541318,0.0,0.0,0.0,0.0,0.0007841522847848807,0.0007841522847848807,0.0007841522847848807,0.00613936711439287,0.0,0.0,0.0,0.0,0.0038020289965962676,0.0038020289965962676,0.0038020289965962676,1.6736698933389398e-08,0.0,0.0,0.0,0.0,0.0,0.0,0.0,0.0,0.9859466233544417,0.9859466233544417,0.9859466233544417,0.9883517435271185
313,T,0.0,0.0,0.0,9.748408125621658e-94,7.980672227964433e-06,7.980672227964433e-06,7.980672227964433e-06,9.194809826977894e-19,8.524014738638095e-05,8.524014738638095e-05,8.524014738638095e-05,1.3329911558386256e-17,0.003329323238163605,0.003329323238163605,0.003329323238163605,1.559361602632002e-06,0.00010000934773483188,0.00010000934773483188,0.00010000934773483188,0.0002657094574396651,0.0,0.0,0.0,0.0,0.0,0.0,0.0,0.0,0.0,0.0,0.0,0.0,0.0,0.0,0.0,0.0,0.0,0.0,0.0,0.0,0.9964774465944872,0.9964774465944872,0.9964774465944872,0.9997327311809577
314,G,1.6894305491820955e-141,1.6894305491820955e-141,1.6894305491820955e-141,3.0400901611138387e-35,7.105418951299198e-11,7.105418951299198e-11,7.105418951299198e-11,5.571599189590322e-05,1.406307737143102e-10,1.406307737143102e-10,1.406307737143102e-10,2.4108002951920974e-07,0.0,0.0,0.0,0.0,0.0,0.0,0.0,0.0,9.81408250938726e-05,9.81408250938726e-05,9.81408250938726e-05,2.860077443645481e-10,3.218379306334107e-05,3.218379306334107e-05,3.218379306334107e-05,8.303869568805207e-05,0.0,0.0,0.0,0.0,0.0,0.0,0.0,0.0,0.0,0.0,0.0,0.0,0.999869675170158,0.999869675170158,0.999869675170158,0.9998610039463788
315,C,6.782219752411382e-08,6.782219752411382e-08,6.782219752411382e-08,0.0002123212580488576,0.0018723305133386613,0.0018723305133386613,0.0018723305133386613,0.0032716050732337246,0.0,0.0,0.0,0.0,0.005558230537582658,0.005558230537582658,0.005558230537582658,0.005785138161849014,0.0,0.0,0.0,0.0,0.009463820839279912,0.009463820839279912,0.009463820839279912,0.04337186480914523,0.0,0.0,0.0,0.0,0.0051417944131781496,0.0051417944131781496,0.0051417944131781496,1.1831281561047329e-06,0.0,0.0,0.0,0.0,0.0,0.0,0.0,0.0,0.9779637558744231,0.9779637558744231,0.9779637558744231,0.9473578875695671
316,G,1.6210391404796582e-17,1.6210391404796582e-17,1.6210391404796582e-17,2.3251679914126715e-159,2.269922951526237e-06,2.269922951526237e-06,2.269922951526237e-06,9.966844770906863e-09,0.00010894048885150186,0.00010894048885150186,0.00010894048885150186,5.441388858053843e-05,0.0,0.0,0.0,0.0,0.0,0.0,0.0,0.0,0.00010401530845114462,0.00010401530845114462,0.00010401530845114462,8.387370874246798e-06,0.004960647928892215,0.004960647928892215,0.004960647928892215,0.0006297002655004214,0.0,0.0,0.0,0.0,0.0,0.0,0.0,0.0,0.0,0.0,0.0,0.0,0.9948241263508536,0.9948241263508536,0.9948241263508536,0.9993074885082001
317,C,0.0002833945173330565,0.0002833945173330565,0.0002833945173330565,3.8785242178979384e-22,0.0005363644756898145,0.0005363644756898145,0.0005363644756898145,5.223747780905751e-05,0.0,0.0,0.0,0.0,0.00032869501078524753,0.00032869501078524753,0.00032869501078524753,0.0005529792154079465,0.0,0.0,0.0,0.0,0.004361826779103578,0.004361826779103578,0.004361826779103578,0.0009161341660499203,0.0,0.0,0.0,0.0,0.0014796322141963515,0.0014796322141963515,0.0014796322141963515,0.01271627441482829,0.0,0.0,0.0,0.0,0.0,0.0,0.0,0.0,0.9930100870028921,0.9930100870028921,0.9930100870028921,0.9857623747259048
318,C,3.895074074538357e-06,3.895074074538357e-06,3.895074074538357e-06,3.2990188817337463e-16,0.018795031613675482,0.018795031613675482,0.018795031613675482,0.0030794631329370326,0.0,0.0,0.0,0.0,5.801901607189361e-05,5.801901607189361e-05,5.801901607189361e-05,0.003046129624004744,0.0,0.0,0.0,0.0,0.004885130027455787,0.004885130027455787,0.004885130027455787,0.02027991014358201,0.0,0.0,0.0,0.0,3.9975337697875844e-05,3.9975337697875844e-05,3.9975337697875844e-05,0.00019086396740469565,0.0,0.0,0.0,0.0,0.0,0.0,0.0,0.0,0.9762179489310244,0.9762179489310244,0.9762179489310244,0.9734036331320712
319,C,5.143014287333405e-05,5.143014287333405e-05,5.143014287333405e-05,5.433646479889179e-16,0.00524549068776414,0.00524549068776414,0.00524549068776414,0.007392519307365428,0.0,0.0,0.0,0.0,0.03566860430471093,0.03566860430471093,0.03566860430471093,1.9728736821427854e-06,0.0,0.0,0.0,0.0,0.007500614375484703,0.007500614375484703,0.007500614375484703,0.005843732294269588,0.0,0.0,0.0,0.0,0.00559847219819562,0.00559847219819562,0.00559847219819562,0.00023169056670255557,0.0,0.0,0.0,0.0,0.0,0.0,0.0,0.0,0.9459353882909712,0.9459353882909712,0.9459353882909712,0.9865300849579797
320,G,2.5033756647927246e-120,2.5033756647927246e-120,2.5033756647927246e-120,5.637994194092675e-11,2.39439473048722e-15,2.39439473048722e-15,2.39439473048722e-15,0.0004418411227247488,3.423029775528399e-09,3.423029775528399e-09,3.423029775528399e-09,1.2197994384779911e-05,0.0,0.0,0.0,0.0,0.0,0.0,0.0,0.0,2.0231832553908914e-09,2.0231832553908914e-09,2.0231832553908914e-09,9.671086962937535e-11,2.73730622471276e-06,2.73730622471276e-06,2.73730622471276e-06,2.665935900555447e-07,0.0,0.0,0.0,0.0,0.0,0.0,0.0,0.0,0.0,0.0,0.0,0.0,0.99999725724756,0.99999725724756,0.99999725724756,0.9995456941362095
321,G,2.1000832612417735e-47,2.1000832612417735e-47,2.1000832612417735e-47,2.1000832612417735e-47,0.0015239283827912088,0.0015239283827912088,0.0015239283827912088,0.0015239283827912088,1.448914159648815e-07,1.448914159648815e-07,1.448914159648815e-07,1.448914159648815e-07,0.0,0.0,0.0,0.0,0.0,0.0,0.0,0.0,2.1780425660672326e-06,2.1780425660672326e-06,2.1780425660672326e-06,2.1780425660672326e-06,3.5748911658601634e-11,3.5748911658601634e-11,3.5748911658601634e-11,3.5748911658601634e-11,0.0,0.0,0.0,0.0,0.0,0.0,0.0,0.0,0.0,0.0,0.0,0.0,0.9984737486474778,0.9984737486474778,0.9984737486474778,0.9984737486474778
322,C,7.111881746982322e-23,7.111881746982322e-23,7.111881746982322e-23,7.111881746982322e-23,0.000272705613766754,0.000272705613766754,0.000272705613766754,0.000272705613766754,0.0,0.0,0.0,0.0,0.016173987042893398,0.016173987042893398,0.016173987042893398,0.016173987042893398,0.0,0.0,0.0,0.0,0.0034643396080646554,0.0034643396080646554,0.0034643396080646554,0.0034643396080646554,0.0,0.0,0.0,0.0,0.0005156636065347633,0.0005156636065347633,0.0005156636065347633,0.0005156636065347633,0.0,0.0,0.0,0.0,0.0,0.0,0.0,0.0,0.9795733041287404,0.9795733041287404,0.9795733041287404,0.9795733041287404
323,T,1.2174277637156098e-148,1.2174277637156098e-148,1.2174277637156098e-148,1.2174277637156098e-148,2.501488598830729e-10,2.501488598830729e-10,2.501488598830729e-10,2.501488598830729e-10,3.333820679474025e-33,3.333820679474025e-33,3.333820679474025e-33,3.333820679474025e-33,9.111724323998237e-19,9.111724323998237e-19,9.111724323998237e-19,9.111724323998237e-19,2.6425356200675613e-05,2.6425356200675613e-05,2.6425356200675613e-05,2.6425356200675613e-05,0.0,0.0,0.0,0.0,0.0,0.0,0.0,0.0,0.0,0.0,0.0,0.0,0.0,0.0,0.0,0.0,0.0,0.0,0.0,0.0,0.9999735743936504,0.9999735743936504,0.9999735743936504,0.9999735743936504
324,T,1.0100543394530649e-76,1.0100543394530649e-76,1.0100543394530649e-76,1.0100543394530649e-76,3.606549196410763e-08,3.606549196410763e-08,3.606549196410763e-08,3.606549196410763e-08,4.335914172690511e-54,4.335914172690511e-54,4.335914172690511e-54,4.335914172690511e-54,1.4990383489943306e-17,1.4990383489943306e-17,1.4990383489943306e-17,1.4990383489943306e-17,2.2440104687372915e-05,2.2440104687372915e-05,2.2440104687372915e-05,2.2440104687372915e-05,0.0,0.0,0.0,0.0,0.0,0.0,0.0,0.0,0.0,0.0,0.0,0.0,0.0,0.0,0.0,0.0,0.0,0.0,0.0,0.0,0.9999775238298206,0.9999775238298206,0.9999775238298206,0.9999775238298206
325,G,2.735038879960679e-13,2.735038879960679e-13,2.735038879960679e-13,2.735038879960679e-13,0.000977780018525486,0.000977780018525486,0.000977780018525486,0.000977780018525486,0.00036052767700067527,0.00036052767700067527,0.00036052767700067527,0.00036052767700067527,0.0,0.0,0.0,0.0,0.0,0.0,0.0,0.0,5.511901806214422e-11,5.511901806214422e-11,5.511901806214422e-11,5.511901806214422e-11,6.421397556710818e-10,6.421397556710818e-10,6.421397556710818e-10,6.421397556710818e-10,0.0,0.0,0.0,0.0,0.0,0.0,0.0,0.0,0.0,0.0,0.0,0.0,0.9986616916069415,0.9986616916069415,0.9986616916069415,0.9986616916069415
326,G,2.212827785488551e-25,2.212827785488551e-25,2.212827785488551e-25,2.212827785488551e-25,0.0006977587290350713,0.0006977587290350713,0.0006977587290350713,0.0006977587290350713,0.0014523825391623928,0.0014523825391623928,0.0014523825391623928,0.0014523825391623928,0.0,0.0,0.0,0.0,0.0,0.0,0.0,0.0,0.0004118591405063415,0.0004118591405063415,0.0004118591405063415,0.0004118591405063415,1.9647659945913123e-06,1.9647659945913123e-06,1.9647659945913123e-06,1.9647659945913123e-06,0.0,0.0,0.0,0.0,0.0,0.0,0.0,0.0,0.0,0.0,0.0,0.0,0.9974360348253016,0.9974360348253016,0.9974360348253016,0.9974360348253016
327,T,1.3789503006826994e-79,1.3789503006826994e-79,1.3789503006826994e-79,1.3789503006826994e-79,3.588894299061452e-21,3.588894299061452e-21,3.588894299061452e-21,3.588894299061452e-21,0.003590777025061909,0.003590777025061909,0.003590777025061909,0.003590777025061909,0.001704942362257108,0.001704942362257108,0.001704942362257108,0.001704942362257108,0.004307837926259522,0.004307837926259522,0.004307837926259522,0.004307837926259522,0.0,0.0,0.0,0.0,0.0,0.0,0.0,0.0,0.0,0.0,0.0,0.0,0.0,0.0,0.0,0.0,0.0,0.0,0.0,0.0,0.9903964426864215,0.9903964426864215,0.9903964426864215,0.9903964426864215
328,T,9.277042507600137e-37,9.277042507600137e-37,9.277042507600137e-37,9.277042507600137e-37,1.381035161083351e-08,1.381035161083351e-08,1.381035161083351e-08,1.381035161083351e-08,1.8154888255461922e-56,1.8154888255461922e-56,1.8154888255461922e-56,1.8154888255461922e-56,2.948649763986484e-28,2.948649763986484e-28,2.948649763986484e-28,2.948649763986484e-28,0.0005391063674998537,0.0005391063674998537,0.0005391063674998537,0.0005391063674998537,0.0,0.0,0.0,0.0,0.0,0.0,0.0,0.0,0.0,0.0,0.0,0.0,0.0,0.0,0.0,0.0,0.0,0.0,0.0,0.0,0.9994608798221485,0.9994608798221485,0.9994608798221485,0.9994608798221485
329,C,0.002176178401642755,0.002176178401642755,0.002176178401642755,0.002176178401642755,0.006257244047003989,0.006257244047003989,0.006257244047003989,0.006257244047003989,0.0,0.0,0.0,0.0,0.003002804170744428,0.003002804170744428,0.003002804170744428,0.003002804170744428,0.0,0.0,0.0,0.0,0.028415866139204903,0.028415866139204903,0.028415866139204903,0.028415866139204903,0.0,0.0,0.0,0.0,0.0015206383715843552,0.0015206383715843552,0.0015206383715843552,0.0015206383715843552,0.0,0.0,0.0,0.0,0.0,0.0,0.0,0.0,0.9586272688698196,0.9586272688698196,0.9586272688698196,0.9586272688698196
330,G,0.016092487793416852,0.016092487793416852,0.016092487793416852,0.016092487793416852,1.7928542110144676e-06,1.7928542110144676e-06,1.7928542110144676e-06,1.7928542110144676e-06,2.841220864246382e-05,2.841220864246382e-05,2.841220864246382e-05,2.841220864246382e-05,0.0,0.0,0.0,0.0,0.0,0.0,0.0,0.0,6.114078329848022e-07,6.114078329848022e-07,6.114078329848022e-07,6.114078329848022e-07,0.006621634285327344,0.006621634285327344,0.006621634285327344,0.006621634285327344,0.0,0.0,0.0,0.0,0.0,0.0,0.0,0.0,0.0,0.0,0.0,0.0,0.9772550614505694,0.9772550614505694,0.9772550614505694,0.9772550614505694
331,T,0.0001629306306799011,0.0001629306306799011,0.0001629306306799011,0.0001629306306799011,8.549190772025798e-09,8.549190772025798e-09,8.549190772025798e-09,8.549190772025798e-09,7.50291350373557e-32,7.50291350373557e-32,7.50291350373557e-32,7.50291350373557e-32,2.11415647543495e-10,2.11415647543495e-10,2.11415647543495e-10,2.11415647543495e-10,0.0029784708871422247,0.0029784708871422247,0.0029784708871422247,0.0029784708871422247,0.0,0.0,0.0,0.0,0.0,0.0,0.0,0.0,0.0,0.0,0.0,0.0,0.0,0.0,0.0,0.0,0.0,0.0,0.0,0.0,0.9968585897215715,0.9968585897215715,0.9968585897215715,0.9968585897215715
332,A,0.010205512044834027,0.010205512044834027,0.010205512044834027,0.010205512044834027,0.0,0.0,0.0,0.0,0.0003920677973281184,0.0003920677973281184,0.0003920677973281184,0.0003920677973281184,0.00233003699567043,0.00233003699567043,0.00233003699567043,0.00233003699567043,0.0,0.0,0.0,0.0,0.008687664047932102,0.008687664047932102,0.008687664047932102,0.008687664047932102,0.0,0.0,0.0,0.0,0.0,0.0,0.0,0.0,0.00012399745413087436,0.00012399745413087436,0.00012399745413087436,0.00012399745413087436,0.0,0.0,0.0,0.0,0.9782607216601044,0.9782607216601044,0.9782607216601044,0.9782607216601044
333,C,0.009257540802709258,0.009257540802709258,0.009257540802709258,0.009257540802709258,0.0017978397026766574,0.0017978397026766574,0.0017978397026766574,0.0017978397026766574,0.0,0.0,0.0,0.0,5.738019692072913e-05,5.738019692072913e-05,5.738019692072913e-05,5.738019692072913e-05,0.0,0.0,0.0,0.0,0.012718981010810405,0.012718981010810405,0.012718981010810405,0.012718981010810405,0.0,0.0,0.0,0.0,1.0908289197399795e-05,1.0908289197399795e-05,1.0908289197399795e-05,1.0908289197399795e-05,0.0,0.0,0.0,0.0,0.0,0.0,0.0,0.0,0.9761573499976857,0.9761573499976857,0.9761573499976857,0.9761573499976857
334,C,5.928464017641561e-06,5.928464017641561e-06,5.928464017641561e-06,5.928464017641561e-06,0.001049187597518962,0.001049187597518962,0.001049187597518962,0.001049187597518962,0.0,0.0,0.0,0.0,5.272208586031476e-10,5.272208586031476e-10,5.272208586031476e-10,5.272208586031476e-10,0.0,0.0,0.0,0.0,0.00573162112495418,0.00573162112495418,0.00573162112495418,0.00573162112495418,0.0,0.0,0.0,0.0,0.00018729632538698563,0.00018729632538698563,0.00018729632538698563,0.00018729632538698563,0.0,0.0,0.0,0.0,0.0,0.0,0.0,0.0,0.9930259659609014,0.9930259659609014,0.9930259659609014,0.9930259659609014
335,G,1.3073350178125292e-25,1.3073350178125292e-25,1.3073350178125292e-25,1.3073350178125292e-25,4.143000510703512e-07,4.143000510703512e-07,4.143000510703512e-07,4.143000510703512e-07,6.763989881903825e-10,6.763989881903825e-10,6.763989881903825e-10,6.763989881903825e-10,0.0,0.0,0.0,0.0,0.0,0.0,0.0,0.0,0.00029987314572959216,0.00029987314572959216,0.00029987314572959216,0.00029987314572959216,2.3252528005705846e-06,2.3252528005705846e-06,2.3252528005705846e-06,2.3252528005705846e-06,0.0,0.0,0.0,0.0,0.0,0.0,0.0,0.0,0.0,0.0,0.0,0.0,0.9996973866250197,0.9996973866250197,0.9996973866250197,0.9996973866250197
336,G,7.630109831183064e-42,7.630109831183064e-42,7.630109831183064e-42,7.630109831183064e-42,0.00045855011329735073,0.00045855011329735073,0.00045855011329735073,0.00045855011329735073,0.0004526964453537718,0.0004526964453537718,0.0004526964453537718,0.0004526964453537718,0.0,0.0,0.0,0.0,0.0,0.0,0.0,0.0,7.724997808251548e-10,7.724997808251548e-10,7.724997808251548e-10,7.724997808251548e-10,0.011294969289000839,0.011294969289000839,0.011294969289000839,0.011294969289000839,0.0,0.0,0.0,0.0,0.0,0.0,0.0,0.0,0.0,0.0,0.0,0.0,0.9877937833798482,0.9877937833798482,0.9877937833798482,0.9877937833798482
337,G,8.469250430638879e-08,8.469250430638879e-08,8.469250430638879e-08,8.469250430638879e-08,1.5171149320455276e-07,1.5171149320455276e-07,1.5171149320455276e-07,1.5171149320455276e-07,1.6349518876956698e-17,1.6349518876956698e-17,1.6349518876956698e-17,1.6349518876956698e-17,0.0,0.0,0.0,0.0,0.0,0.0,0.0,0.0,5.678827064575293e-11,5.678827064575293e-11,5.678827064575293e-11,5.678827064575293e-11,6.5109897510318304e-06,6.5109897510318304e-06,6.5109897510318304e-06,6.5109897510318304e-06,0.0,0.0,0.0,0.0,0.0,0.0,0.0,0.0,0.0,0.0,0.0,0.0,0.9999932525494633,0.9999932525494633,0.9999932525494633,0.9999932525494633
338,T,3.602827988757794e-136,3.602827988757794e-136,3.602827988757794e-136,3.602827988757794e-136,4.927785587223072e-19,4.927785587223072e-19,4.927785587223072e-19,4.927785587223072e-19,3.6965579268099594e-30,3.6965579268099594e-30,3.6965579268099594e-30,3.6965579268099594e-30,1.6256592664599158e-07,1.6256592664599158e-07,1.6256592664599158e-07,1.6256592664599158e-07,0.0017799036470891759,0.0017799036470891759,0.0017799036470891759,0.0017799036470891759,0.0,0.0,0.0,0.0,0.0,0.0,0.0,0.0,0.0,0.0,0.0,0.0,0.0,0.0,0.0,0.0,0.0,0.0,0.0,0.0,0.9982199337869841,0.9982199337869841,0.9982199337869841,0.9982199337869841
339,A,8.664624859719491e-05,8.664624859719491e-05,8.664624859719491e-05,1.0282052530641323e-06,0.0,0.0,0.0,0.0,0.0010456534841403655,0.0010456534841403655,0.0010456534841403655,0.0087970664502619,0.0005276508480573424,0.0005276508480573424,0.0005276508480573424,0.0034005057145403577,0.0,0.0,0.0,0.0,0.04472201380827427,0.04472201380827427,0.04472201380827427,0.01834751728839485,0.0,0.0,0.0,0.0,0.0,0.0,0.0,0.0,0.008993308339957143,0.008993308339957143,0.008993308339957143,0.004526293036072452,0.0,0.0,0.0,0.0,0.9446247272709738,0.9446247272709738,0.9446247272709738,0.9649275893054773
340,G,2.0523717925725558e-16,2.0523717925725558e-16,2.0523717925725558e-16,1.5139269644521443e-61,8.185734588689914e-06,8.185734588689914e-06,8.185734588689914e-06,1.4540801916032475e-09,1.0057964956844224e-05,1.0057964956844224e-05,1.0057964956844224e-05,2.0143727534614239e-13,0.0,0.0,0.0,0.0,0.0,0.0,0.0,0.0,0.00011665319321042116,0.00011665319321042116,0.00011665319321042116,6.404132888709244e-07,0.0059258428143508495,0.0059258428143508495,0.0059258428143508495,2.0448925518209798e-06,0.0,0.0,0.0,0.0,0.0,0.0,0.0,0.0,0.0,0.0,0.0,0.0,0.993939260292893,0.993939260292893,0.993939260292893,0.9999973132398777
341,G,5.7137440916087634e-27,5.7137440916087634e-27,5.7137440916087634e-27,1.6998710382476656e-162,2.2723941645050277e-05,2.2723941645050277e-05,2.2723941645050277e-05,1.5043593210579146e-12,0.004427684651658395,0.004427684651658395,0.004427684651658395,3.3118866549374004e-06,0.0,0.0,0.0,0.0,0.0,0.0,0.0,0.0,1.3273116450719599e-06,1.3273116450719599e-06,1.3273116450719599e-06,4.594168368654367e-06,6.491540229101629e-08,6.491540229101629e-08,6.491540229101629e-08,0.0003375672405257233,0.0,0.0,0.0,0.0,0.0,0.0,0.0,0.0,0.0,0.0,0.0,0.0,0.9955481991796493,0.9955481991796493,0.9955481991796493,0.9996545267029463
342,C,3.0726170718062264e-48,3.0726170718062264e-48,3.0726170718062264e-48,0.00031046233445316293,0.003796488876856549,0.003796488876856549,0.003796488876856549,0.00025311972226801997,0.0,0.0,0.0,0.0,0.006572803133576384,0.006572803133576384,0.006572803133576384,0.005389608980921807,0.0,0.0,0.0,0.0,0.007133130096877469,0.007133130096877469,0.007133130096877469,0.0007846597484610631,0.0,0.0,0.0,0.0,0.00025606712952585344,0.00025606712952585344,0.00025606712952585344,0.0005060138578903577,0.0,0.0,0.0,0.0,0.0,0.0,0.0,0.0,0.9822415107631638,0.9822415107631638,0.9822415107631638,0.9927561353560056
343,G,5.303688841950106e-19,5.303688841950106e-19,5.303688841950106e-19,4.234430374098682e-31,0.009305539714912783,0.009305539714912783,0.009305539714912783,2.565791920641552e-10,1.0195312658829119e-11,1.0195312658829119e-11,1.0195312658829119e-11,4.662822600496828e-07,0.0,0.0,0.0,0.0,0.0,0.0,0.0,0.0,1.2301760312105768e-09,1.2301760312105768e-09,1.2301760312105768e-09,0.00020379911112147872,0.00012035598073902162,0.00012035598073902162,0.00012035598073902162,4.509161117526207e-08,0.0,0.0,0.0,0.0,0.0,0.0,0.0,0.0,0.0,0.0,0.0,0.0,0.9905741030639769,0.9905741030639769,0.9905741030639769,0.9997956892584281
344,A,3.68559923174895e-06,3.68559923174895e-06,3.68559923174895e-06,0.0019118091782627847,0.0,0.0,0.0,0.0,0.0026954551830451912,0.0026954551830451912,0.0026954551830451912,0.0032944728939734292,0.01796998630752347,0.01796998630752347,0.01796998630752347,0.03033548649946424,0.0,0.0,0.0,0.0,0.05367472755267062,0.05367472755267062,0.05367472755267062,0.008517556395840682,0.0,0.0,0.0,0.0,0.0,0.0,0.0,0.0,4.2198651503578e-08,4.2198651503578e-08,4.2198651503578e-08,1.1755773214651664e-05,0.0,0.0,0.0,0.0,0.9256561031588775,0.9256561031588775,0.9256561031588775,0.9559289192592441
345,C,0.0002779876493554097,0.0002779876493554097,0.0002779876493554097,2.4874170700445668e-14,0.01831356722132398,0.01831356722132398,0.01831356722132398,0.008315546688117887,0.0,0.0,0.0,0.0,0.01543588911052894,0.01543588911052894,0.01543588911052894,0.0017148067943292223,0.0,0.0,0.0,0.0,0.031727167818494405,0.031727167818494405,0.031727167818494405,0.034910449213130974,0.0,0.0,0.0,0.0,0.0024867026353876816,0.0024867026353876816,0.0024867026353876816,0.004395561953439294,0.0,0.0,0.0,0.0,0.0,0.0,0.0,0.0,0.9317586855649096,0.9317586855649096,0.9317586855649096,0.9506636353509578
346,T,9.846219434667033e-89,9.846219434667033e-89,9.846219434667033e-89,3.576105412915996e-96,5.022547118876562e-10,5.022547118876562e-10,5.022547118876562e-10,4.736475162482768e-06,4.985924795457848e-06,4.985924795457848e-06,4.985924795457848e-06,1.255883292938592e-22,1.1664419596234667e-62,1.1664419596234667e-62,1.1664419596234667e-62,8.252358234998627e-18,0.0004989374189900023,0.0004989374189900023,0.0004989374189900023,4.9029608820244864e-05,0.0,0.0,0.0,0.0,0.0,0.0,0.0,0.0,0.0,0.0,0.0,0.0,0.0,0.0,0.0,0.0,0.0,0.0,0.0,0.0,0.99949607615396,0.99949607615396,0.99949607615396,0.9999462339160172
347,A,0.000316493515339642,0.000316493515339642,0.000316493515339642,0.00313822486287507,0.0,0.0,0.0,0.0,0.043171399188440464,0.043171399188440464,0.043171399188440464,0.005001303549207086,0.0005431997773529209,0.0005431997773529209,0.0005431997773529209,0.029007549803990697,0.0,0.0,0.0,0.0,0.0021649667700945705,0.0021649667700945705,0.0021649667700945705,0.006056904047133597,0.0,0.0,0.0,0.0,0.0,0.0,0.0,0.0,0.006378224762011712,0.006378224762011712,0.006378224762011712,0.005805299627912182,0.0,0.0,0.0,0.0,0.9474257159867607,0.9474257159867607,0.9474257159867607,0.9509907181088815
348,C,1.201989922433251e-29,1.201989922433251e-29,1.201989922433251e-29,4.187107991377899e-05,0.015382865509864205,0.015382865509864205,0.015382865509864205,0.012825151881636002,0.0,0.0,0.0,0.0,0.0022228757337337743,0.0022228757337337743,0.0022228757337337743,0.0036463906138501667,0.0,0.0,0.0,0.0,0.018862007950694856,0.018862007950694856,0.018862007950694856,0.03872466596492562,0.0,0.0,0.0,0.0,0.0019397698205659518,0.0019397698205659518,0.0019397698205659518,0.026664907864176676,0.0,0.0,0.0,0.0,0.0,0.0,0.0,0.0,0.9615924809851413,0.9615924809851413,0.9615924809851413,0.9180970125954978
349,A,0.0005395974538597058,0.0005395974538597058,0.0005395974538597058,4.411424280645485e-19,0.0,0.0,0.0,0.0,0.0009723988274886737,0.0009723988274886737,0.0009723988274886737,0.03599789772976211,0.019688800247679345,0.019688800247679345,0.019688800247679345,0.04529067263234946,0.0,0.0,0.0,0.0,0.03664914094002941,0.03664914094002941,0.03664914094002941,0.002243898999028205,0.0,0.0,0.0,0.0,0.0,0.0,0.0,0.0,0.00017405062858126912,0.00017405062858126912,0.00017405062858126912,5.394645603649849e-05,0.0,0.0,0.0,0.0,0.9419760119023616,0.9419760119023616,0.9419760119023616,0.9164135841828238
350,C,2.6140388605447827e-12,2.6140388605447827e-12,2.6140388605447827e-12,5.446616974225418e-15,0.002159480906821601,0.002159480906821601,0.002159480906821601,0.0008385461384033653,0.0,0.0,0.0,0.0,0.018888089716049522,0.018888089716049522,0.018888089716049522,0.0071637659745086265,0.0,0.0,0.0,0.0,0.0001909818916258196,0.0001909818916258196,0.0001909818916258196,0.006187185249470772,0.0,0.0,0.0,0.0,1.1461788721626496e-09,1.1461788721626496e-09,1.1461788721626496e-09,0.003265356449478727,0.0,0.0,0.0,0.0,0.0,0.0,0.0,0.0,0.97876144633671,0.97876144633671,0.97876144633671,0.982545146188133
351,G,3.5413012310023926e-48,3.5413012310023926e-48,3.5413012310023926e-48,2.8751966241013628e-55,0.01306961978045701,0.01306961978045701,0.01306961978045701,1.5291676684138136e-05,2.335508936225024e-06,2.335508936225024e-06,2.335508936225024e-06,3.872136157755599e-49,0.0,0.0,0.0,0.0,0.0,0.0,0.0,0.0,1.8905729465443157e-14,1.8905729465443157e-14,1.8905729465443157e-14,5.687116995288614e-14,3.6221220747550844e-07,3.6221220747550844e-07,3.6221220747550844e-07,0.0070416048464181005,0.0,0.0,0.0,0.0,0.0,0.0,0.0,0.0,0.0,0.0,0.0,0.0,0.9869276824983803,0.9869276824983803,0.9869276824983803,0.9929431034768409
352,G,1.104486135859495e-16,1.104486135859495e-16,1.104486135859495e-16,6.77293194943284e-08,3.465329951126758e-06,3.465329951126758e-06,3.465329951126758e-06,0.0002899126793655946,2.18487141598332e-10,2.18487141598332e-10,2.18487141598332e-10,3.3653167022629794e-05,0.0,0.0,0.0,0.0,0.0,0.0,0.0,0.0,7.02441994440342e-10,7.02441994440342e-10,7.02441994440342e-10,9.910668670468724e-11,0.00679495565582413,0.00679495565582413,0.00679495565582413,2.6340461505458103e-06,0.0,0.0,0.0,0.0,0.0,0.0,0.0,0.0,0.0,0.0,0.0,0.0,0.9932015780932956,0.9932015780932956,0.9932015780932956,0.999673732279035
353,C,7.718854602757048e-05,7.718854602757048e-05,7.718854602757048e-05,3.312167563275238e-11,0.0003646160956044116,0.0003646160956044116,0.0003646160956044116,0.0025848718001578773,0.0,0.0,0.0,0.0,0.005381002928634729,0.005381002928634729,0.005381002928634729,0.0005846175415288059,0.0,0.0,0.0,0.0,0.0052254470163805855,0.0052254470163805855,0.0052254470163805855,0.001086556061626878,0.0,0.0,0.0,0.0,0.0023927248293194366,0.0023927248293194366,0.0023927248293194366,5.8861727230705484e-06,0.0,0.0,0.0,0.0,0.0,0.0,0.0,0.0,0.9865590205840333,0.9865590205840333,0.9865590205840333,0.9957380683908418
354,C,3.7921619238435864e-28,3.7921619238435864e-28,3.7921619238435864e-28,3.493528316408281e-21,0.0002870375401689184,0.0002870375401689184,0.0002870375401689184,0.006698484264470323,0.0,0.0,0.0,0.0,0.00027337348282181203,0.00027337348282181203,0.00027337348282181203,0.022103652600989957,0.0,0.0,0.0,0.0,0.00048334586147689686,0.00048334586147689686,0.00048334586147689686,0.0061290363880723,0.0,0.0,0.0,0.0,8.997435667588856e-09,8.997435667588856e-09,8.997435667588856e-09,0.003918065089532604,0.0,0.0,0.0,0.0,0.0,0.0,0.0,0.0,0.9989562341180968,0.9989562341180968,0.9989562341180968,0.9611507616569348
355,C,1.759804186031097e-06,1.759804186031097e-06,1.759804186031097e-06,3.1621322586706122e-09,1.9427259700017688e-05,1.9427259700017688e-05,1.9427259700017688e-05,0.002100623386132024,0.0,0.0,0.0,0.0,0.00034082591908338677,0.00034082591908338677,0.00034082591908338677,0.027999629099123853,0.0,0.0,0.0,0.0,0.03645824039537176,0.03645824039537176,0.03645824039537176,0.027751212256732813,0.0,0.0,0.0,0.0,0.000739728045246387,0.000739728045246387,0.000739728045246387,6.89367759631263e-11,0.0,0.0,0.0,0.0,0.0,0.0,0.0,0.0,0.9624400185764125,0.9624400185764125,0.9624400185764125,0.9421485320269422
356,T,0.0,0.0,0.0,1.1011131408525247e-186,9.926495220238363e-29,9.926495220238363e-29,9.926495220238363e-29,3.4868776596983983e-13,3.1610797316314685e-06,3.1610797316314685e-06,3.1610797316314685e-06,5.124660476269773e-36,1.270066775674412e-19,1.270066775674412e-19,1.270066775674412e-19,7.741515826076938e-40,3.8753121410688145e-09,3.8753121410688145e-09,3.8753121410688145e-09,0.00012981492127438592,0.0,0.0,0.0,0.0,0.0,0.0,0.0,0.0,0.0,0.0,0.0,0.0,0.0,0.0,0.0,0.0,0.0,0.0,0.0,0.0,0.9999968350449561,0.9999968350449561,0.9999968350449561,0.9998701850783769
357,A,0.00025360397089872815,0.00025360397089872815,0.00025360397089872815,0.0008392720525791323,0.0,0.0,0.0,0.0,0.0015428106558606014,0.0015428106558606014,0.0015428106558606014,0.008153816046637737,0.0148601192926592,0.0148601192926592,0.0148601192926592,0.028652281414008832,0.0,0.0,0.0,0.0,0.002038444974836323,0.002038444974836323,0.002038444974836323,0.01615218875730543,0.0,0.0,0.0,0.0,0.0,0.0,0.0,0.0,0.00042241475782171193,0.00042241475782171193,0.00042241475782171193,0.013359070843985934,0.0,0.0,0.0,0.0,0.9808826063479232,0.9808826063479232,0.9808826063479232,0.932843370885483
358,C,3.535484560382085e-24,3.535484560382085e-24,3.535484560382085e-24,3.940087324024201e-22,0.006977035058623259,0.006977035058623259,0.006977035058623259,0.007186193485713919,0.0,0.0,0.0,0.0,0.0015096377301195888,0.0015096377301195888,0.0015096377301195888,0.016824718703689415,0.0,0.0,0.0,0.0,0.007079048408120058,0.007079048408120058,0.007079048408120058,0.05684854018487019,0.0,0.0,0.0,0.0,1.3056640107469757e-05,1.3056640107469757e-05,1.3056640107469757e-05,0.02809723357208016,0.0,0.0,0.0,0.0,0.0,0.0,0.0,0.0,0.9844212221630297,0.9844212221630297,0.9844212221630297,0.8910433140536463
359,A,4.21109959660456e-05,4.21109959660456e-05,4.21109959660456e-05,0.00017326473588293248,0.0,0.0,0.0,0.0,4.2621861236096146e-07,4.2621861236096146e-07,4.2621861236096146e-07,0.0038967841325064888,0.001056175300490598,0.001056175300490598,0.001056175300490598,0.004986416530588806,0.0,0.0,0.0,0.0,0.0011982753803719908,0.0011982753803719908,0.0011982753803719908,0.014300398734373007,0.0,0.0,0.0,0.0,0.0,0.0,0.0,0.0,0.012431366703275024,0.012431366703275024,0.012431366703275024,1.5969936937330483e-11,0.0,0.0,0.0,0.0,0.9852716454012839,0.9852716454012839,0.9852716454012839,0.9766431358506787
360,G,6.385898145273271e-92,6.385898145273271e-92,6.385898145273271e-92,1.2244481227706355e-37,0.005972448671798672,0.005972448671798672,0.005972448671798672,2.077224473371632e-28,2.0926456721779004e-06,2.0926456721779004e-06,2.0926456721779004e-06,0.0003442083641031788,0.0,0.0,0.0,0.0,0.0,0.0,0.0,0.0,0.0002646892372898069,0.0002646892372898069,0.0002646892372898069,1.2831029282337218e-16,0.0037660760246864544,0.0037660760246864544,0.0037660760246864544,1.995668082887529e-12,0.0,0.0,0.0,0.0,0.0,0.0,0.0,0.0,0.0,0.0,0.0,0.0,0.9899946934205529,0.9899946934205529,0.9899946934205529,0.999655791633901
361,A,0.00048220557310311795,0.00048220557310311795,0.00048220557310311795,0.0014550734341034599,0.0,0.0,0.0,0.0,2.322645503855478e-07,2.322645503855478e-07,2.322645503855478e-07,0.0007086332052857136,0.003164786890130512,0.003164786890130512,0.003164786890130512,0.009626102212348943,0.0,0.0,0.0,0.0,0.011240972241452696,0.011240972241452696,0.011240972241452696,0.01194677195329702,0.0,0.0,0.0,0.0,0.0,0.0,0.0,0.0,0.017272522368163772,0.017272522368163772,0.017272522368163772,0.0005573328815835516,0.0,0.0,0.0,0.0,0.9678392806625994,0.9678392806625994,0.9678392806625994,0.9757060863133814
362,T,6.827855924424833e-204,6.827855924424833e-204,6.827855924424833e-204,5.532978452950583e-31,2.5136142492519816e-06,2.5136142492519816e-06,2.5136142492519816e-06,4.507867870064229e-16,1.9386665021928216e-08,1.9386665021928216e-08,1.9386665021928216e-08,4.4207335770514567e-10,1.4908204470087228e-05,1.4908204470087228e-05,1.4908204470087228e-05,0.0007494299281977222,8.146701877821147e-06,8.146701877821147e-06,8.146701877821147e-06,4.519660309979489e-06,0.0,0.0,0.0,0.0,0.0,0.0,0.0,0.0,0.0,0.0,0.0,0.0,0.0,0.0,0.0,0.0,0.0,0.0,0.0,0.0,0.999974412092738,0.999974412092738,0.999974412092738,0.9992460499694186
363,G,1.0576779568947165e-13,1.0576779568947165e-13,1.0576779568947165e-13,6.202176490374562e-18,1.3002844232473078e-13,1.3002844232473078e-13,1.3002844232473078e-13,2.78815562753261e-05,6.368051361892771e-10,6.368051361892771e-10,6.368051361892771e-10,0.000444515102560625,0.0,0.0,0.0,0.0,0.0,0.0,0.0,0.0,1.4847051496200739e-13,1.4847051496200739e-13,1.4847051496200739e-13,5.415335186447796e-07,0.00020886900220217956,0.00020886900220217956,0.00020886900220217956,0.0013248429036012805,0.0,0.0,0.0,0.0,0.0,0.0,0.0,0.0,0.0,0.0,0.0,0.0,0.9997911303606085,0.9997911303606085,0.9997911303606085,0.9982022189040441
364,C,1.6491427178219983e-08,1.6491427178219983e-08,1.6491427178219983e-08,7.120703226462479e-07,0.004488683924047065,0.004488683924047065,0.004488683924047065,0.001401976160441267,0.0,0.0,0.0,0.0,0.0005289024088771653,0.0005289024088771653,0.0005289024088771653,0.0031068775100586686,0.0,0.0,0.0,0.0,0.001956582667647725,0.001956582667647725,0.001956582667647725,0.0016016505074224912,0.0,0.0,0.0,0.0,4.141172800282381e-08,4.141172800282381e-08,4.141172800282381e-08,0.0021627249572768975,0.0,0.0,0.0,0.0,0.0,0.0,0.0,0.0,0.9930257730962728,0.9930257730962728,0.9930257730962728,0.991726058794478
365,G,2.227854545037945e-33,2.227854545037945e-33,2.227854545037945e-33,6.552067640895047e-110,1.813953504772856e-06,1.813953504772856e-06,1.813953504772856e-06,0.0073150811247937155,0.00031849198626064884,0.00031849198626064884,0.00031849198626064884,2.7378770431992427e-15,0.0,0.0,0.0,0.0,0.0,0.0,0.0,0.0,0.0009309037427991362,0.0009309037427991362,0.0009309037427991362,8.68154686593173e-09,0.0007407875779983756,0.0007407875779983756,0.0007407875779983756,6.600526186753242e-07,0.0,0.0,0.0,0.0,0.0,0.0,0.0,0.0,0.0,0.0,0.0,0.0,0.9980080027394371,0.9980080027394371,0.9980080027394371,0.992684250141038
366,A,2.1926132190346898e-08,2.1926132190346898e-08,2.1926132190346898e-08,1.6989268820663814e-10,0.0,0.0,0.0,0.0,0.0035529873344193586,0.0035529873344193586,0.0035529873344193586,0.004850230228833824,0.00925295373926285,0.00925295373926285,0.00925295373926285,0.008447588646690577,0.0,0.0,0.0,0.0,0.0008545483508746301,0.0008545483508746301,0.0008545483508746301,0.0033369213535492785,0.0,0.0,0.0,0.0,0.0,0.0,0.0,0.0,7.47063773740491e-09,7.47063773740491e-09,7.47063773740491e-09,1.1291397049967555e-06,0.0,0.0,0.0,0.0,0.9863394811786732,0.9863394811786732,0.9863394811786732,0.9833641304613286
367,T,2.729688846758262e-184,2.729688846758262e-184,2.729688846758262e-184,2.288011849512647e-114,1.5341342832072627e-30,1.5341342832072627e-30,1.5341342832072627e-30,5.976939863422029e-26,1.659538211523136e-14,1.659538211523136e-14,1.659538211523136e-14,2.1259404916901148e-44,0.00030817887559120646,0.00030817887559120646,0.00030817887559120646,3.176357282608712e-13,0.00285253425504939,0.00285253425504939,0.00285253425504939,0.015414938282352858,0.0,0.0,0.0,0.0,0.0,0.0,0.0,0.0,0.0,0.0,0.0,0.0,0.0,0.0,0.0,0.0,0.0,0.0,0.0,0.0,0.9968392868693428,0.9968392868693428,0.9968392868693428,0.9845850617173296
368,C,7.809896517962912e-07,7.809896517962912e-07,7.809896517962912e-07,2.7065420482476503e-06,0.00011010054526230218,0.00011010054526230218,0.00011010054526230218,0.0010738208356680717,0.0,0.0,0.0,0.0,1.0719997948446797e-05,1.0719997948446797e-05,1.0719997948446797e-05,0.00045532655213506335,0.0,0.0,0.0,0.0,0.03612089890985217,0.03612089890985217,0.03612089890985217,0.00437121477226951,0.0,0.0,0.0,0.0,6.196722363237599e-06,6.196722363237599e-06,6.196722363237599e-06,4.557419677354973e-08,0.0,0.0,0.0,0.0,0.0,0.0,0.0,0.0,0.9637513028349219,0.9637513028349219,0.9637513028349219,0.9940968857236824
369,A,3.314750078161942e-13,3.314750078161942e-13,3.314750078161942e-13,8.732215988743652e-06,0.0,0.0,0.0,0.0,3.422828685374737e-05,3.422828685374737e-05,3.422828685374737e-05,0.008659748003202314,0.0003231822923959686,0.0003231822923959686,0.0003231822923959686,0.008496058548082669,0.0,0.0,0.0,0.0,0.007576587497806845,0.007576587497806845,0.007576587497806845,0.00856627121923484,0.0,0.0,0.0,0.0,0.0,0.0,0.0,0.0,5.781898868255427e-06,5.781898868255427e-06,5.781898868255427e-06,1.422203622106951e-07,0.0,0.0,0.0,0.0,0.9920602200237436,0.9920602200237436,0.9920602200237436,0.9742690477931293
370,C,1.642872159482624e-38,1.642872159482624e-38,1.642872159482624e-38,1.9010694747273808e-12,0.0007403853511308723,0.0007403853511308723,0.0007403853511308723,0.004472186906807522,0.0,0.0,0.0,0.0,0.010948770777854878,0.010948770777854878,0.010948770777854878,0.00026720844631330436,0.0,0.0,0.0,0.0,0.012378938772817136,0.012378938772817136,0.012378938772817136,0.004230876597049852,0.0,0.0,0.0,0.0,1.0988384297886014e-07,1.0988384297886014e-07,1.0988384297886014e-07,7.680947075346924e-07,0.0,0.0,0.0,0.0,0.0,0.0,0.0,0.0,0.9759317952143542,0.9759317952143542,0.9759317952143542,0.9910289599532207
371,C,0.00010657365376939337,1.9589484877715683e-10,0.00010657365376939337,1.425504470539274e-26,0.025968184626305475,0.03834795383421562,0.025968184626305475,0.006000611623012788,0.0,0.0,0.0,0.0,0.004363787527150361,0.0031525623897530725,0.004363787527150361,1.4609195679092792e-05,0.0,0.0,0.0,0.0,0.013955669314761499,0.007830200648997962,0.013955669314761499,4.7750013573578414e-05,0.0,0.0,0.0,0.0,0.0029315110912485356,0.0005169008062459598,0.0029315110912485356,0.006829224002388391,0.0,0.0,0.0,0.0,0.0,0.0,0.0,0.0,0.9526742737867648,0.9501523821248925,0.9526742737867648,0.9871078051653461
372,A,1.9496183102372797e-05,7.604015506506037e-05,1.9496183102372797e-05,0.0018432177918772132,0.0,0.0,0.0,0.0,0.0009310435748922327,2.3868697734112894e-05,0.0009310435748922327,0.0011677100421031256,0.0032246636903445047,0.002743505989127154,0.0032246636903445047,0.0006944883463255221,0.0,0.0,0.0,0.0,0.012742718822310633,0.004542713500990515,0.012742718822310633,0.020664395125715326,0.0,0.0,0.0,0.0,0.0,0.0,0.0,0.0,2.2600341127094313e-08,0.006920802367163076,2.2600341127094313e-08,0.0060317043383129754,0.0,0.0,0.0,0.0,0.9830820551290091,0.9856930692899202,0.9830820551290091,0.9695984843556659
373,C,5.336512386333235e-08,0.013213111175610154,5.336512386333235e-08,0.0007127959423036135,0.004937586718297146,0.0007678407422993237,0.004937586718297146,0.0032243009022430696,0.0,0.0,0.0,0.0,0.0033074172174380745,0.0015768961652808256,0.0033074172174380745,2.8676552649932016e-06,0.0,0.0,0.0,0.0,0.014063796480656521,0.01030348863498401,0.014063796480656521,0.06269761846461491,0.0,0.0,0.0,0.0,0.005209131720828903,3.269209644555871e-05,0.005209131720828903,0.003432386582460989,0.0,0.0,0.0,0.0,0.0,0.0,0.0,0.0,0.9724820144976555,0.9741059711853801,0.9724820144976555,0.9299300304531125
374,A,6.203962131487545e-08,4.511945461968929e-06,6.203962131487545e-08,6.59997671228258e-08,0.0,0.0,0.0,0.0,0.0003444351875137364,0.004893959421725213,0.0003444351875137364,5.79337166131273e-07,0.04429358639535293,0.019029478598895627,0.04429358639535293,0.007531637232778213,0.0,0.0,0.0,0.0,0.03237119058684022,0.018528284506399872,0.03237119058684022,0.009236124947631286,0.0,0.0,0.0,0.0,0.0,0.0,0.0,0.0,0.0071044252501614715,0.008051826116071201,0.0071044252501614715,2.6819600329057363e-06,0.0,0.0,0.0,0.0,0.9158863005405103,0.9494919394114462,0.9158863005405103,0.9832289105226242
375,T,1.0989756461835914e-18,4.418744583419503e-75,1.0989756461835914e-18,5.724936367303909e-38,0.002969349184798933,1.0171870154389836e-07,0.002969349184798933,7.603664871854598e-41,4.160263003721405e-07,0.0007716016083484155,4.160263003721405e-07,2.950748509609806e-16,1.4111291387614316e-28,3.812993510498207e-07,1.4111291387614316e-28,9.210297849811273e-31,0.00027791164927207316,0.00805695780199666,0.00027791164927207316,0.0044888134990291335,0.0,0.0,0.0,0.0,0.0,0.0,0.0,0.0,0.0,0.0,0.0,0.0,0.0,0.0,0.0,0.0,0.0,0.0,0.0,0.0,0.9967523231396286,0.9911709575716023,0.9967523231396286,0.9955111865009707
376,C,7.758424592456291e-24,1.4123764999051476e-14,7.758424592456291e-24,4.9627349991122715e-17,0.00028732196929760924,0.00039863827812320224,0.00028732196929760924,0.0006756992741631116,0.0,0.0,0.0,0.0,2.3398177536861984e-05,0.020386474471826985,2.3398177536861984e-05,0.018128112730814862,0.0,0.0,0.0,0.0,0.0053832657081146935,0.012883533517723691,0.0053832657081146935,0.006840394084621009,0.0,0.0,0.0,0.0,0.002493845420229489,0.00023134077184000905,0.002493845420229489,0.00010250379798087294,0.0,0.0,0.0,0.0,0.0,0.0,0.0,0.0,0.9918121687248214,0.9661000129604721,0.9918121687248214,0.97425329011242
377,G,1.337890878740357e-26,5.173564959469847e-09,1.337890878740357e-26,1.2216636618604782e-37,4.678894005956335e-32,0.0002630868277535251,4.678894005956335e-32,1.662843464623351e-08,4.463813798201825e-05,0.011294219125751872,4.463813798201825e-05,0.00014438577658924923,0.0,0.0,0.0,0.0,0.0,0.0,0.0,0.0,2.466263286001628e-15,0.0021756307051493304,2.466263286001628e-15,2.5552455538373935e-09,0.0009317925213944425,0.00045565735970032057,0.0009317925213944425,2.0674682298984406e-06,0.0,0.0,0.0,0.0,0.0,0.0,0.0,0.0,0.0,0.0,0.0,0.0,0.9990235693406211,0.98581140080808,0.9990235693406211,0.9998535275715007
378,A,1.3402664756000354e-08,0.004447614668595504,1.3402664756000354e-08,0.0027015157457657177,0.0,0.0,0.0,0.0,0.0035696429876157488,0.026529508782110005,0.0035696429876157488,0.005365528530663246,0.051214362042023225,0.000675724771370392,0.051214362042023225,0.0058549549726967165,0.0,0.0,0.0,0.0,0.017675944906927216,0.0011230510454964702,0.017675944906927216,0.0017260195191074925,0.0,0.0,0.0,0.0,0.0,0.0,0.0,0.0,7.069953445633777e-07,6.266796871450827e-07,7.069953445633777e-07,6.814785174684765e-08,0.0,0.0,0.0,0.0,0.9275393296654244,0.9672234740527405,0.9275393296654244,0.9843519130839151
379,T,1.2860033697902669e-05,4.276615100358107e-162,1.2860033697902669e-05,5.87407922748073e-138,2.473079521780985e-36,2.4963979258755857e-23,2.473079521780985e-36,0.00011048410516521782,6.116898343244616e-30,4.058690118979562e-26,6.116898343244616e-30,1.0465926018273716e-46,2.431567371572589e-34,9.269286206922431e-56,2.431567371572589e-34,7.179772531848977e-26,1.0238520959160543e-06,0.0004263589631820609,1.0238520959160543e-06,0.0003824332140071862,0.0,0.0,0.0,0.0,0.0,0.0,0.0,0.0,0.0,0.0,0.0,0.0,0.0,0.0,0.0,0.0,0.0,0.0,0.0,0.0,0.9999861161142061,0.999573641036818,0.9999861161142061,0.9995070826808276
380,G,2.5303960422316467e-27,2.222809517533407e-17,2.5303960422316467e-27,5.784320049651985e-100,0.0007125053642106458,2.139110802922948e-07,0.0007125053642106458,2.7867550853730675e-09,0.00016773837264065134,0.0029307359068457225,0.00016773837264065134,1.1791836079594615e-05,0.0,0.0,0.0,0.0,0.0,0.0,0.0,0.0,6.624459392923247e-05,3.0296582143750105e-09,6.624459392923247e-05,4.655427392708057e-11,0.007717072487957718,0.00951091448042958,0.007717072487957718,8.553790530471392e-05,0.0,0.0,0.0,0.0,0.0,0.0,0.0,0.0,0.0,0.0,0.0,0.0,0.9913364391812618,0.9875581326719862,0.9913364391812618,0.9999026674253062
381,T,5.333120369980019e-254,6.42789897536543e-131,5.333120369980019e-254,1.506875093004865e-31,0.005371679189867188,3.587554581557706e-23,0.005371679189867188,4.865238401248766e-22,4.366019897354496e-33,2.7360546917809508e-09,4.366019897354496e-33,6.803651921300934e-05,0.0034307045022387455,6.198384721397484e-25,0.0034307045022387455,0.001273007199239276,2.300562209863858e-08,1.086698092192662e-05,2.300562209863858e-08,0.00014491919475439962,0.0,0.0,0.0,0.0,0.0,0.0,0.0,0.0,0.0,0.0,0.0,0.0,0.0,0.0,0.0,0.0,0.0,0.0,0.0,0.0,0.9911975933022719,0.9999891302830234,0.9911975933022719,0.9985140370867933
382,T,1.2308277306788231e-196,5.2808573818444584e-18,1.2308277306788231e-196,1.0563835511021913e-07,0.004748751341940876,2.7995768199520613e-05,0.004748751341940876,1.7709319714410685e-12,1.6861537010437e-07,4.212662845685598e-09,1.6861537010437e-07,1.4949205852536023e-18,3.7826748065942376e-13,1.6517557357727436e-06,3.7826748065942376e-13,2.007426591961858e-10,0.0017325394079550274,8.060254412337233e-06,0.0017325394079550274,0.012806099865010273,0.0,0.0,0.0,0.0,0.0,0.0,0.0,0.0,0.0,0.0,0.0,0.0,0.0,0.0,0.0,0.0,0.0,0.0,0.0,0.0,0.9935185406343559,0.9999622880089897,0.9935185406343559,0.987193794294121
383,T,5.0755161840789385e-67,1.4221687786187565e-111,5.0755161840789385e-67,7.789449735767313e-127,1.117489310960518e-06,4.329703087008344e-06,1.117489310960518e-06,1.504611222475081e-08,9.566717174048842e-07,1.0483940717444494e-39,9.566717174048842e-07,1.0026397375176041e-18,3.4242474712157082e-37,0.0038786675840620033,3.4242474712157082e-37,7.090020020138417e-43,3.282294552266443e-05,0.00023777838359662678,3.282294552266443e-05,1.509276315022979e-05,0.0,0.0,0.0,0.0,0.0,0.0,0.0,0.0,0.0,0.0,0.0,0.0,0.0,0.0,0.0,0.0,0.0,0.0,0.0,0.0,0.999965102893449,0.9958792243292544,0.999965102893449,0.9999848921907375
384,T,3.845272195757206e-106,2.4063905435499904e-27,3.845272195757206e-106,8.448995897409493e-26,1.6991257297577758e-143,2.8499652914756993e-83,1.6991257297577758e-143,6.109318086676785e-11,1.7502736150103745e-36,6.20383180023414e-11,1.7502736150103745e-36,6.853361349876801e-66,8.277552777463969e-42,1.042481071542426e-07,8.277552777463969e-42,0.00010003925636705035,0.0009281578596247288,6.64623265500196e-05,0.0009281578596247288,0.004560820868816846,0.0,0.0,0.0,0.0,0.0,0.0,0.0,0.0,0.0,0.0,0.0,0.0,0.0,0.0,0.0,0.0,0.0,0.0,0.0,0.0,0.9990718421403754,0.9999334333633045,0.9990718421403754,0.995339139813723
385,A,8.555493688173238e-06,6.98027249664621e-05,8.555493688173238e-06,0.00019379409536061194,0.0,0.0,0.0,0.0,0.0001235612563995871,0.032318710081507544,0.0001235612563995871,0.0002603177507130615,0.016807409241906452,0.017098310823340034,0.016807409241906452,0.042135516896390744,0.0,0.0,0.0,0.0,0.013848859497995816,0.04309573448551004,0.013848859497995816,0.0261819926090113,0.0,0.0,0.0,0.0,0.0,0.0,0.0,0.0,3.986582897187409e-05,0.004639465216676125,3.986582897187409e-05,0.004986684373371342,0.0,0.0,0.0,0.0,0.9691717486810381,0.9027779766679999,0.9691717486810381,0.9262416942751528
386,A,0.009669725851428146,2.1064312397097757e-06,0.009669725851428146,0.0003524203453201057,0.0,0.0,0.0,0.0,0.02578438850214598,0.013497836796424433,0.02578438850214598,0.001820703639192608,0.0249176683435942,0.013314513265737276,0.0249176683435942,0.00396793357073089,0.0,0.0,0.0,0.0,0.005114899378947282,0.010702566843056835,0.005114899378947282,0.009206049825662506,0.0,0.0,0.0,0.0,0.0,0.0,0.0,0.0,0.0074357801453143885,7.667519506203087e-05,0.0074357801453143885,0.00020816459924814532,0.0,0.0,0.0,0.0,0.9270775377785699,0.9624063014684797,0.9270775377785699,0.9844447280198457
387,A,4.469737003380728e-15,5.916227717600338e-11,4.469737003380728e-15,3.73658953357926e-05,0.0,0.0,0.0,0.0,0.007250942786026496,0.024903358042328214,0.007250942786026496,0.006324831596640399,0.0018637339564724158,0.0028086261583686956,0.0018637339564724158,0.0008773730214554812,0.0,0.0,0.0,0.0,0.0016859220798057881,0.05058006294578979,0.0016859220798057881,0.06017678496907962,0.0,0.0,0.0,0.0,0.0,0.0,0.0,0.0,0.005232721106140257,0.0029889153713887054,0.005232721106140257,8.675348082024366e-07,0.0,0.0,0.0,0.0,0.9839666800715505,0.9187190374229623,0.9839666800715505,0.9325827769826804
388,A,1.335480087969813e-06,3.849858519383871e-05,1.335480087969813e-06,2.734788548341263e-09,0.0,0.0,0.0,0.0,5.575867737470932e-05,0.0007346579432831433,5.575867737470932e-05,0.030693934625769106,0.005416012695826593,0.0006965620798884279,0.005416012695826593,0.008734296821809328,0.0,0.0,0.0,0.0,0.017814841267750833,0.039685383396328384,0.017814841267750833,0.0012803521972931079,0.0,0.0,0.0,0.0,0.0,0.0,0.0,0.0,3.715508126251144e-05,0.001791582441300325,3.715508126251144e-05,7.802813412859978e-17,0.0,0.0,0.0,0.0,0.9766748967976973,0.9570533155540059,0.9766748967976973,0.9592914136203398
389,C,9.032565681952725e-05,0.0002665417905876245,9.032565681952725e-05,0.00575198022790807,0.007697221903909649,0.004595655848707528,0.007697221903909649,0.0064368157028469415,0.0,0.0,0.0,0.0,8.251350734493265e-06,0.01114960074569811,8.251350734493265e-06,0.0016691007229717298,0.0,0.0,0.0,0.0,0.015680801967481825,0.012810859988204052,0.015680801967481825,0.024734353718550338,0.0,0.0,0.0,0.0,1.3468391955230602e-07,0.004971071068106568,1.3468391955230602e-07,0.00027025322908837336,0.0,0.0,0.0,0.0,0.0,0.0,0.0,0.0,0.976523264437135,0.9662062705586961,0.976523264437135,0.9611374963986344
390,G,7.659507465665395e-31,6.192525998481347e-120,7.659507465665395e-31,1.4225059331446606e-26,3.523187238408661e-07,3.797279664390001e-11,3.523187238408661e-07,0.00021328527860070486,0.0005841266491206669,3.89116092957928e-10,0.0005841266491206669,0.00012678598629535187,0.0,0.0,0.0,0.0,0.0,0.0,0.0,0.0,2.9696647127668054e-06,0.001399128903195085,2.9696647127668054e-06,9.074832544440663e-12,0.001323442220134584,1.147039660607999e-07,0.001323442220134584,0.016487664930844012,0.0,0.0,0.0,0.0,0.0,0.0,0.0,0.0,0.0,0.0,0.0,0.0,0.9980891091473081,0.99860075596575,0.9980891091473081,0.9831722637951852
391,G,2.2946139268151333e-40,2.550314506821431e-60,2.2946139268151333e-40,2.643578112238101e-28,2.673292659823514e-07,2.871723469113216e-05,2.673292659823514e-07,4.060976900873847e-08,2.3374350280071742e-06,1.1773053961429837e-07,2.3374350280071742e-06,1.5970322005712077e-05,0.0,0.0,0.0,0.0,0.0,0.0,0.0,0.0,0.023840945768012142,1.0804234948737481e-07,0.023840945768012142,0.00021458930731965893,0.00036987623563215354,0.0006501845644779614,0.00036987623563215354,0.0009988031314750948,0.0,0.0,0.0,0.0,0.0,0.0,0.0,0.0,0.0,0.0,0.0,0.0,0.9757865732320616,0.9993208724279418,0.9757865732320616,0.9987705966294306
392,A,0.02075451704026389,6.872599848425981e-06,0.02075451704026389,0.04111584703542975,0.0,0.0,0.0,0.0,0.0031433806811097366,0.0037060531096898427,0.0031433806811097366,0.0015352617181099112,0.0025930216816482943,0.003556805809208695,0.0025930216816482943,0.011791116642818695,0.0,0.0,0.0,0.0,0.045381427171516255,0.010174004475825463,0.045381427171516255,0.0021909600453718005,0.0,0.0,0.0,0.0,0.0,0.0,0.0,0.0,0.002283074340507766,6.2184281490658915e-06,0.002283074340507766,0.005853547741721451,0.0,0.0,0.0,0.0,0.9258445790849541,0.9825500455772785,0.9258445790849541,0.9375132668165485
393,G,3.8543940479538727e-13,1.6632572875242004e-28,3.8543940479538727e-13,9.286103014155413e-49,8.046310178685128e-10,2.863599068946651e-22,8.046310178685128e-10,0.0020972311684146878,0.01173984790194907,0.00014333761909977318,0.01173984790194907,0.0006486179897217707,0.0,0.0,0.0,0.0,0.0,0.0,0.0,0.0,1.2638100889218706e-07,4.160431834607979e-09,1.2638100889218706e-07,3.2628391509335666e-05,4.1918250994984875e-05,0.04107376598704681,4.1918250994984875e-05,0.003301026415115136,0.0,0.0,0.0,0.0,0.0,0.0,0.0,0.0,0.0,0.0,0.0,0.0,0.9882181066610306,0.9587828922334216,0.9882181066610306,0.993920496035239
394,A,4.263726617169905e-06,0.001386799782767264,4.263726617169905e-06,1.3739724396837588e-06,0.0,0.0,0.0,0.0,0.006458045210264769,0.015990640546804488,0.006458045210264769,0.000985985867655428,0.006897043889190633,0.0039634010492424305,0.006897043889190633,0.0011796880165067187,0.0,0.0,0.0,0.0,0.003978313585838538,0.017952211616287007,0.003978313585838538,0.0009360736830951737,0.0,0.0,0.0,0.0,0.0,0.0,0.0,0.0,0.010968826047684895,1.0126757685814344e-05,0.010968826047684895,0.0022927790532156454,0.0,0.0,0.0,0.0,0.9716935075404041,0.9606968202472131,0.9716935075404041,0.9946040994070875
395,A,1.8402124770451083e-06,1.238613672916455e-06,1.8402124770451083e-06,0.0010835630679037506,0.0,0.0,0.0,0.0,0.0013003766636474636,0.003723496986591575,0.0013003766636474636,6.758988363760813e-05,0.009110012248889481,0.0014914630841818,0.009110012248889481,0.001175728142772524,0.0,0.0,0.0,0.0,0.047329492063869244,0.02506571624720507,0.047329492063869244,0.00022884703642517092,0.0,0.0,0.0,0.0,0.0,0.0,0.0,0.0,0.008212457795329422,5.251403573223535e-07,0.008212457795329422,0.0005011253601547735,0.0,0.0,0.0,0.0,0.9340458210157873,0.9697175599279915,0.9340458210157873,0.9969431465091062
396,T,1.7912667060800676e-08,0.0,1.7912667060800676e-08,3.513821540384894e-112,4.0311948437532746e-17,4.438128053585155e-15,4.0311948437532746e-17,5.371477019898944e-11,3.5886539235484745e-06,1.5066108474192475e-73,3.5886539235484745e-06,1.4253920779964446e-10,4.9362560339087365e-05,1.9615900819438442e-11,4.9362560339087365e-05,1.4240641923804834e-07,0.003328485915531135,0.00019016780541441673,0.003328485915531135,9.846625057634017e-05,0.0,0.0,0.0,0.0,0.0,0.0,0.0,0.0,0.0,0.0,0.0,0.0,0.0,0.0,0.0,0.0,0.0,0.0,0.0,0.0,0.9966185449575392,0.9998098321749653,0.9966185449575392,0.9999013911467504
397,T,3.09511830381004e-27,5.771589324128315e-28,3.09511830381004e-27,1.8225597624784705e-08,3.284349358292837e-05,3.473821910259865e-41,3.284349358292837e-05,1.0433935407526067e-51,3.787419575600344e-06,0.0004760855684520686,3.787419575600344e-06,6.6384375923329935e-31,8.177290486731979e-22,1.198365705170744e-07,8.177290486731979e-22,6.603553763789497e-25,0.0006561246906750433,3.504686652859846e-05,0.0006561246906750433,1.0388883496493463e-05,0.0,0.0,0.0,0.0,0.0,0.0,0.0,0.0,0.0,0.0,0.0,0.0,0.0,0.0,0.0,0.0,0.0,0.0,0.0,0.0,0.9993072443961665,0.9994887477284486,0.9993072443961665,0.9999895928909058
398,T,2.7392492064472724e-45,3.5013349332319115e-21,2.7392492064472724e-45,6.389218093138735e-19,4.0150539820182963e-19,1.7834288495002788e-10,4.0150539820182963e-19,0.00021964119129928394,1.460960148715172e-11,5.33150091443799e-31,1.460960148715172e-11,7.046725873708618e-32,6.5159642778086894e-21,1.4359436489564437e-22,6.5159642778086894e-21,1.439901143581286e-53,0.0012773694781878662,0.0001128656903266287,0.0012773694781878662,0.026302953583794617,0.0,0.0,0.0,0.0,0.0,0.0,0.0,0.0,0.0,0.0,0.0,0.0,0.0,0.0,0.0,0.0,0.0,0.0,0.0,0.0,0.9987226305072024,0.9998871341313306,0.9987226305072024,0.973477405224906
399,C,6.044451879410017e-18,2.2420674336366417e-26,6.044451879410017e-18,7.397447950358539e-17,0.00439393085091335,0.005028172648296309,0.00439393085091335,0.0016259089302603793,0.0,0.0,0.0,0.0,0.0009408491908851478,0.0004403326700420134,0.0009408491908851478,0.001212758398791608,0.0,0.0,0.0,0.0,0.011131293187101913,0.011455711358870467,0.011131293187101913,0.0072055056341227735,0.0,0.0,0.0,0.0,0.0021668154569386274,6.056137678734433e-05,0.0021668154569386274,0.0002583762031141998,0.0,0.0,0.0,0.0,0.0,0.0,0.0,0.0,0.9813671113141611,0.983015221946004,0.9813671113141611,0.989697450833711
400,A,0.0009312783926118391,1.1183418231896947e-06,0.0009312783926118391,0.017104101470933723,0.0,0.0,0.0,0.0,1.2565377463015646e-05,0.0062776719012830814,1.2565377463015646e-05,0.01114932180285907,0.00600778009373389,0.011730193813256132,0.00600778009373389,0.0015572656127017103,0.0,0.0,0.0,0.0,0.010456214334313638,0.012527633090833377,0.010456214334313638,0.004758753386229472,0.0,0.0,0.0,0.0,0.0,0.0,0.0,0.0,0.0026927581062664335,0.011113751698038788,0.0026927581062664335,1.7937165611800505e-07,0.0,0.0,0.0,0.0,0.9798994036956111,0.9583496311547653,0.9798994036956111,0.96543037835562
401,G,2.7989783573711644e-07,4.825070776703071e-22,2.7989783573711644e-07,1.58140740599624e-18,0.001266525985630085,0.00429940373984865,0.001266525985630085,2.9882891407425866e-10,1.673412519240708e-05,3.2571168768679803e-07,1.673412519240708e-05,0.004994644688536043,0.0,0.0,0.0,0.0,0.0,0.0,0.0,0.0,5.503603738026423e-08,1.5876761976339943e-05,5.503603738026423e-08,3.014735034183254e-11,0.00033716541939400965,0.016215527167829577,0.00033716541939400965,0.00040224103212136044,0.0,0.0,0.0,0.0,0.0,0.0,0.0,0.0,0.0,0.0,0.0,0.0,0.9983792395359103,0.9794688666186578,0.9983792395359103,0.9946031139503665
402,G,4.216040036670183e-10,3.5266908360998776e-15,4.216040036670183e-10,4.628083468067504e-130,1.6619691833802793e-06,1.4564353332764648e-07,1.6619691833802793e-06,1.1362965902497966e-08,5.403190248594782e-35,3.154464169482648e-05,5.403190248594782e-35,0.00036086455147782523,0.0,0.0,0.0,0.0,0.0,0.0,0.0,0.0,4.908010647864433e-09,3.041642796011495e-12,4.908010647864433e-09,3.5889135068497207e-07,0.00046718547930570435,0.010346349837606359,0.00046718547930570435,2.6556926030843042e-05,0.0,0.0,0.0,0.0,0.0,0.0,0.0,0.0,0.0,0.0,0.0,0.0,0.9995311472218963,0.9896219598741203,0.9995311472218963,0.9996122082681747
403,T,3.127316157617118e-172,3.728512372737224e-156,3.127316157617118e-172,2.3582629312953696e-143,1.794019948439637e-06,0.00010844920864322839,1.794019948439637e-06,1.3303199925490206e-18,4.494386623577714e-05,0.0013660828210050639,4.494386623577714e-05,1.1653607148773623e-16,5.07079400025922e-06,1.2511963265131005e-09,5.07079400025922e-06,2.3040817073486565e-06,5.841469701408084e-07,4.115007349865742e-06,5.841469701408084e-07,5.858111457293673e-09,0.0,0.0,0.0,0.0,0.0,0.0,0.0,0.0,0.0,0.0,0.0,0.0,0.0,0.0,0.0,0.0,0.0,0.0,0.0,0.0,0.9999476071728455,0.9985213517118054,0.9999476071728455,0.999997690060181
404,A,0.007269046945411601,3.1200801378193724e-07,0.007269046945411601,0.00032462964819258646,0.0,0.0,0.0,0.0,0.00019025889180433557,9.554805014522943e-07,0.00019025889180433557,0.0042847738316033465,0.00035515571395851753,0.016439417348869886,0.00035515571395851753,0.009322184747157685,0.0,0.0,0.0,0.0,0.007297961054555817,0.009236204094083864,0.007297961054555817,0.017018650862513165,0.0,0.0,0.0,0.0,0.0,0.0,0.0,0.0,0.00037353974569128275,3.495031373542533e-05,0.00037353974569128275,5.694531871790789e-07,0.0,0.0,0.0,0.0,0.9845140376485785,0.9742881607547956,0.9845140376485785,0.969049191457346
405,C,0.01434398845965104,4.682399083360001e-17,0.01434398845965104,9.253327561750274e-10,0.0019261495878008493,0.0003104736348787968,0.0019261495878008493,0.002961157676826093,0.0,0.0,0.0,0.0,0.011460413650495861,0.0010189698790289792,0.011460413650495861,0.0025544474985534386,0.0,0.0,0.0,0.0,0.0027702098863622584,0.0042295147245916525,0.0027702098863622584,0.00028148296599029833,0.0,0.0,0.0,0.0,0.010535207767023054,0.005548459439888796,0.010535207767023054,0.0017897259904204206,0.0,0.0,0.0,0.0,0.0,0.0,0.0,0.0,0.958964030648667,0.9888925823216116,0.958964030648667,0.9924131849428771
406,C,4.461128078681473e-12,0.00019787228013335098,4.461128078681473e-12,0.00033519712066557445,0.00032376769089569664,0.010495071627384205,0.00032376769089569664,0.006260177403374971,0.0,0.0,0.0,0.0,0.00445855312289806,3.987559368248927e-05,0.00445855312289806,0.0016147224890317483,0.0,0.0,0.0,0.0,0.0017276481297341139,0.017867836010063632,0.0017276481297341139,0.014476580767797351,0.0,0.0,0.0,0.0,0.0004900078448565825,0.0033813525870407105,0.0004900078448565825,0.009225508802709424,0.0,0.0,0.0,0.0,0.0,0.0,0.0,0.0,0.9930000232071544,0.9680179919016957,0.9930000232071544,0.9680878134164209
407,G,1.4633143059767024e-11,8.58229798787001e-89,1.4633143059767024e-11,5.370028599515454e-24,2.7099563285765814e-07,1.2260731040688954e-13,2.7099563285765814e-07,1.132594973906433e-15,1.855019178976455e-18,9.733402612585565e-07,1.855019178976455e-18,0.001453632729830544,0.0,0.0,0.0,0.0,0.0,0.0,0.0,0.0,9.359295002582919e-05,0.0048449133918954754,9.359295002582919e-05,1.3741934231689929e-16,3.069210870701713e-06,2.162737397536675e-09,3.069210870701713e-06,4.345073035983031e-06,0.0,0.0,0.0,0.0,0.0,0.0,0.0,0.0,0.0,0.0,0.0,0.0,0.9999030668288375,0.9951541111049832,0.9999030668288375,0.9985420221971322
408,A,0.00538302147502714,0.001123041808132608,0.00538302147502714,0.00538302147502714,0.0,0.0,0.0,0.0,0.008311294676154898,0.03449804671451512,0.008311294676154898,0.008311294676154898,0.007176244428311332,0.014642989485284485,0.007176244428311332,0.007176244428311332,0.0,0.0,0.0,0.0,0.05582899180803244,0.019076429381830632,0.05582899180803244,0.05582899180803244,0.0,0.0,0.0,0.0,0.0,0.0,0.0,0.0,1.5443436150397395e-06,0.0006950270877960293,1.5443436150397395e-06,1.5443436150397395e-06,0.0,0.0,0.0,0.0,0.9232989032688592,0.9299644655224412,0.9232989032688592,0.9232989032688592
409,T,0.0,7.095711581784899e-35,0.0,0.0,5.145330984944065e-35,1.7070863108081012e-58,5.145330984944065e-35,5.145330984944065e-35,5.16110841954662e-44,2.3705395862945392e-12,5.16110841954662e-44,5.16110841954662e-44,2.4925575305729003e-30,1.0958591804397822e-30,2.4925575305729003e-30,2.4925575305729003e-30,0.0013925510518102244,0.00037983609061539354,0.0013925510518102244,0.0013925510518102244,0.0,0.0,0.0,0.0,0.0,0.0,0.0,0.0,0.0,0.0,0.0,0.0,0.0,0.0,0.0,0.0,0.0,0.0,0.0,0.0,0.9986074489481898,0.9996201639070141,0.9986074489481898,0.9986074489481898
410,T,3.1053796129764205e-12,1.5942146296974255e-16,3.1053796129764205e-12,3.1053796129764205e-12,1.610237998174279e-14,6.839522568526507e-08,1.610237998174279e-14,1.610237998174279e-14,3.9758546571459025e-53,1.790371847204925e-30,3.9758546571459025e-53,3.9758546571459025e-53,1.1744459529204107e-17,0.0017386149889948128,1.1744459529204107e-17,1.1744459529204107e-17,3.729723251110321e-08,3.2538344037472597e-06,3.729723251110321e-08,3.729723251110321e-08,0.0,0.0,0.0,0.0,0.0,0.0,0.0,0.0,0.0,0.0,0.0,0.0,0.0,0.0,0.0,0.0,0.0,0.0,0.0,0.0,0.9999999626996461,0.9982580627813757,0.9999999626996461,0.9999999626996461
411,C,4.9833853089968045e-09,1.8978177396247415e-05,4.9833853089968045e-09,4.9833853089968045e-09,0.005607474970037195,0.002627745794427635,0.005607474970037195,0.005607474970037195,0.0,0.0,0.0,0.0,0.0003109560033303169,0.0005621802764672432,0.0003109560033303169,0.0003109560033303169,0.0,0.0,0.0,0.0,0.01694795711358074,0.023633849737422302,0.01694795711358074,0.01694795711358074,0.0,0.0,0.0,0.0,0.0018221356305292299,0.00047932844284596373,0.0018221356305292299,0.0018221356305292299,0.0,0.0,0.0,0.0,0.0,0.0,0.0,0.0,0.9753114712991372,0.9726779175714407,0.9753114712991372,0.9753114712991372
412,T,2.2759523818162627e-21,5.722122096676875e-203,2.2759523818162627e-21,2.2759523818162627e-21,5.1266461573767454e-11,2.5379758456456075e-31,5.1266461573767454e-11,5.1266461573767454e-11,2.662965494010858e-15,4.575930652997439e-19,2.662965494010858e-15,2.662965494010858e-15,1.6176337326336537e-09,3.440298601101148e-12,1.6176337326336537e-09,1.6176337326336537e-09,0.004718239000131419,9.840627234321845e-08,0.004718239000131419,0.004718239000131419,0.0,0.0,0.0,0.0,0.0,0.0,0.0,0.0,0.0,0.0,0.0,0.0,0.0,0.0,0.0,0.0,0.0,0.0,0.0,0.0,0.9952817593309657,0.9999999015902874,0.9952817593309657,0.9952817593309657
413,A,1.7436171792777355e-09,0.00032806939428279864,1.7436171792777355e-09,1.7436171792777355e-09,0.0,0.0,0.0,0.0,0.0013200452443411313,0.014547133648105715,0.0013200452443411313,0.0013200452443411313,0.0067152482459618594,0.013599414461697325,0.0067152482459618594,0.0067152482459618594,0.0,0.0,0.0,0.0,0.016128558980208194,0.053689644003379805,0.016128558980208194,0.016128558980208194,0.0,0.0,0.0,0.0,0.0,0.0,0.0,0.0,0.0012107232949287814,7.020747151256614e-07,0.0012107232949287814,0.0012107232949287814,0.0,0.0,0.0,0.0,0.9746254224909429,0.9178350364178193,0.9746254224909429,0.9746254224909429
414,T,1.3809619213106552e-14,2.6281262589608723e-89,1.3809619213106552e-14,1.3809619213106552e-14,8.048803624247033e-08,1.3071939172953871e-48,8.048803624247033e-08,8.048803624247033e-08,9.362245655397987e-08,4.339300771370843e-30,9.362245655397987e-08,9.362245655397987e-08,2.442865885624651e-15,8.815657328806827e-15,2.442865885624651e-15,2.442865885624651e-15,0.00920660184146558,0.0167612038200941,0.00920660184146558,0.00920660184146558,0.0,0.0,0.0,0.0,0.0,0.0,0.0,0.0,0.0,0.0,0.0,0.0,0.0,0.0,0.0,0.0,0.0,0.0,0.0,0.0,0.9907932240480254,0.9832387961798971,0.9907932240480254,0.9907932240480254
415,C,1.5859956627067187e-20,2.959895933051867e-05,1.5859956627067187e-20,1.5859956627067187e-20,0.0005293315376884098,0.002935161541723129,0.0005293315376884098,0.0005293315376884098,0.0,0.0,0.0,0.0,0.001101197397652576,0.014554586372760012,0.001101197397652576,0.001101197397652576,0.0,0.0,0.0,0.0,0.0040946405003719644,0.018443996137095884,0.0040946405003719644,0.0040946405003719644,0.0,0.0,0.0,0.0,5.683614931533496e-05,6.506576333568679e-05,5.683614931533496e-05,5.683614931533496e-05,0.0,0.0,0.0,0.0,0.0,0.0,0.0,0.0,0.9942179944149716,0.9639715912257548,0.9942179944149716,0.9942179944149716
416,A,1.3825868442086361e-08,0.0018733060363213129,1.3825868442086361e-08,1.3825868442086361e-08,0.0,0.0,0.0,0.0,0.0003945165082050253,0.0018167521817070687,0.0003945165082050253,0.0003945165082050253,0.010649455033143585,0.0005480732075467146,0.010649455033143585,0.010649455033143585,0.0,0.0,0.0,0.0,0.0009018194950195854,0.03681383198753754,0.0009018194950195854,0.0009018194950195854,0.0,0.0,0.0,0.0,0.0,0.0,0.0,0.0,0.000474310487814245,0.004877654876071562,0.000474310487814245,0.000474310487814245,0.0,0.0,0.0,0.0,0.9875798846499492,0.9540703817108158,0.9875798846499492,0.9875798846499492
417,T,1.0549987995622719e-136,1.1827265652551557e-167,1.0549987995622719e-136,1.0549987995622719e-136,4.251270503133281e-13,9.513710722791273e-109,4.251270503133281e-13,4.251270503133281e-13,2.1180265201511777e-20,4.671281061573713e-39,2.1180265201511777e-20,2.1180265201511777e-20,1.0663969432583433e-05,1.6893687579637665e-20,1.0663969432583433e-05,1.0663969432583433e-05,6.554880338622643e-05,1.7626967556696124e-06,6.554880338622643e-05,6.554880338622643e-05,0.0,0.0,0.0,0.0,0.0,0.0,0.0,0.0,0.0,0.0,0.0,0.0,0.0,0.0,0.0,0.0,0.0,0.0,0.0,0.0,0.999923787226756,0.9999982373032443,0.999923787226756,0.999923787226756
418,G,9.624839495858418e-12,2.9511374051175752e-74,9.624839495858418e-12,9.624839495858418e-12,5.375395092973495e-07,2.971386823562738e-07,5.375395092973495e-07,5.375395092973495e-07,3.567098248175625e-06,2.2660067525981006e-09,3.567098248175625e-06,3.567098248175625e-06,0.0,0.0,0.0,0.0,0.0,0.0,0.0,0.0,6.968910154846326e-05,4.241120765885679e-13,6.968910154846326e-05,6.968910154846326e-05,7.445092469066984e-05,3.357522612960375e-07,7.445092469066984e-05,7.445092469066984e-05,0.0,0.0,0.0,0.0,0.0,0.0,0.0,0.0,0.0,0.0,0.0,0.0,0.9998517553263787,0.9999993648426255,0.9998517553263787,0.9998517553263787
419,C,1.4963202937939645e-05,1.4963202937939645e-05,1.4963202937939645e-05,2.4916539852383802e-29,0.006171613996000843,0.006171613996000843,0.006171613996000843,7.322012225398258e-05,0.0,0.0,0.0,0.0,0.006141367640705493,0.006141367640705493,0.006141367640705493,0.005368139738364508,0.0,0.0,0.0,0.0,0.017742390109341283,0.017742390109341283,0.017742390109341283,0.002140351063618301,0.0,0.0,0.0,0.0,8.423658913256773e-07,8.423658913256773e-07,8.423658913256773e-07,4.6515489769726325e-15,0.0,0.0,0.0,0.0,0.0,0.0,0.0,0.0,0.9699288226851231,0.9699288226851231,0.9699288226851231,0.9924182890757585
420,A,0.005361419589433588,0.005361419589433588,0.005361419589433588,0.005361419589433588,0.0,0.0,0.0,0.0,0.021726889538038672,0.021726889538038672,0.021726889538038672,0.021726889538038672,0.0036922750337104815,0.0036922750337104815,0.0036922750337104815,0.0036922750337104815,0.0,0.0,0.0,0.0,0.035229041741967615,0.035229041741967615,0.035229041741967615,0.035229041741967615,0.0,0.0,0.0,0.0,0.0,0.0,0.0,0.0,1.3610288683083033e-08,1.3610288683083033e-08,1.3610288683083033e-08,1.3610288683083033e-08,0.0,0.0,0.0,0.0,0.933990360486561,0.933990360486561,0.933990360486561,0.933990360486561
